0.8347826
2.060869
6.104348
13.7942
20.10435
24.29565
24.3913
24.14203
23.47536
24.5942
22.53623
23.04638
23.08406
23.15362
24.6
23.12174
23.10435
23.11884
24.72464
20.75072
21.27536
20.82029
21.25217
20.75652
22.25217
20.82609
21.89855
20.7971
21.27246
20.77102
21.75362
21.32174
21.26377
21.75362
20.77971
21.25217
21.76232
21.18841
21.75652
21.78551
22.28696
20.96232
20.75362
20.75652
21.1971
20.77681
21.74493
21.28986
21.35362
22.54493
23.68986
23.76812
23.45797
23.57681
23.06087
22.53044
24.21449
23.42899
28.35652
44.62319
51.86087
59.45797
74.9971
90.6029
87.92174
85.71014
84.79131
85.27826
85.11594
86.36812
88.3884
