0.3652174
0.3913043
1.127536
3.231884
10.30725
10.9971
10.3942
13.75942
19.86087
20.64638
20.35942
20.15652
20.2029
20.14203
20.42609
20.58841
21.08406
21.08986
20.82319
22.46377
23.24928
23.6116
24.15942
24.11884
25.03768
24.63188
23.73913
24.63188
24.97971
26.72174
35.46957
53.73043
59.47247
68.68986
68.11015
71.33334
70.27246
68.32464
70.70724
69.29565
70.35072
72.08696
71.51595
78.6058
94.4087
94.46667
93.43188
92.52753
93.33334
91.36232
93.91015
92.88116
89.86377
90.73044
89.77101
88.94493
89.3942
88.42029
89.28116
88.74783
91.33624
87.78841
88.35652
87.91594
90.29276
93.08116
90.7971
88.79131
90.76232
