0.933735
1.090361
1.650602
3.759036
14.36747
31.58434
49.70482
86.83735
91.29518
83.39156
84.27711
88.53615
87.07832
86.56626
85.21085
84.51205
90.6265
83.86747
78.99397
81.74699
80.01807
78.76506
82.58434
80.45181
81.88554
79.31927
81.46988
79.62048
80.19277
83.29518
83.30723
81.76506
82.22289
81.30723
84.37952
79.86144
79.3253
80.83735
78.76506
80.97591
79.43976
82.90362
80.8494
82.83132
79.68073
84.74699
85.3253
80.75903
79.59036
78.90964
82.57832
82.75301
81.46385
79.52409
79.95783
79.87952
80.83735
79.31927
81.31326
82.19277
82.59036
83.76506
79.07229
81.52409
79.5
83.30723
81.47591
81.43374
80.01807
81.03615
81.31326
