2.313187
0.2761044
0.258216
0.1086956
0.2878526
17.24725
2.409639
2.253521
0.4347826
1.899827
19.86264
1.932731
1.807512
0.6763285
1.755901
29.36264
0.5271084
0.4929577
0.5797101
1.065055
29.31868
0.5271084
0.4929577
0.5797101
1.065055
36.15385
2.836345
2.652582
8.043478
3.080023
45.31319
3.037148
2.840376
4.903382
3.310305
46.3956
2.861446
2.676056
10.12077
3.55498
47.42308
2.936747
2.746479
10.16908
3.583765
45.10989
3.237952
3.028169
9.951691
3.382268
41.74725
3.363454
3.14554
9.396135
3.411054
45.71429
6.802209
10.65728
5.277778
5.555555
95.18681
42.72088
88.5446
25.2657
23.47438
89.81319
43.5241
89.41315
23.45411
23.48877
