0.5246377
1.875362
4.034782
10.17101
20.28406
20.31304
20.27536
20.76522
20.28406
20.69565
20.75942
19.54203
18.27826
17.92174
18.06667
17.81449
18.23768
19.63768
18.52464
20.96522
20.91884
21.78261
20.89565
21.51594
19.4029
19.3913
18.91014
20.45797
19.50435
21.62319
22.5971
28.53913
47.0058
91.88985
93.69566
93.88406
93.86957
93.89855
91.86957
95.9855
92.3884
96.9826
93.86667
95.02319
92.88406
95
96.32174
96.85217
92.84637
94.57681
92.87247
95.28696
91.73333
91.81449
92.38261
92.03478
89.80869
90.34782
91.89855
90.79131
90.24638
89.84058
94.37971
92.0174
90.89275
91.41739
93.74493
89.81739
91.31594
