3.085106
5.718085
9.574468
14.42376
12.57092
13.04965
16.52482
17.49113
15.93972
14.63653
17.84575
15.92199
15.92199
17.44681
17.38475
18.21808
17.98759
14.86702
17.53546
19.07801
20.31915
19.31738
20.38121
19.71631
17.37589
20.69149
17.13652
21.57801
12.58865
18.89184
17.36702
20.53192
23.59043
21.42731
23.43972
17.26064
20.49645
21.8883
20.49645
19.34397
22.88121
22.89007
20.25709
19.72518
19.35284
22.51773
23.69681
21.15248
22.86348
21.17021
21.10816
20.42553
22.20745
23.67908
21.95036
19.20213
17.02128
18.83865
26.42731
20.06206
21.48936
19.91135
23.35993
21.95922
19.78723
21.91489
17.02128
19.74291
22.39362
