0.5652174
0.7072464
0.7681159
0.9594203
2.678261
6.976811
20.09275
20.02609
20.06377
20
20.03768
20.43188
20.04638
20.02899
20.05797
20.43188
20.02029
20.44348
20.03768
20
20.0058
20.02029
20.03188
20.03768
20.02319
20.93333
20.04927
20.45507
20.01449
20.07246
20.07246
20.0029
20.01739
20.43768
20.46377
20.0058
20.26377
20.46377
18.81159
18.78841
18.97681
18.8058
18.78261
18.78261
18.85797
18.87826
18.77971
18.91594
18.78841
18.78551
18.7913
18.78551
18.78551
18.82899
18.8029
19.22898
19.22029
20.47826
19.30725
21.04638
21.06667
21.11594
20.72174
20.73333
20.68406
20.66667
21.66667
19.30145
19.34493
19.72464
19.36232
