1.283133
13.68545
4.384058
4.260219
14.07967
32.4759
84.46009
35.51933
23.94934
84.5467
75.94579
85
55.20531
24.33794
97.73351
78.86144
85
55.20531
30.59873
97.73351
74.35542
85
55.19324
30.55556
97.71062
75.23494
85
55.19324
30.55556
97.71062
73.72891
85
55.19324
30.55556
97.71062
75.79518
85
55.19324
30.55556
97.71062
77.20482
85
55.19324
30.55556
97.71062
74.22891
85
55.19324
30.55556
97.71062
74.77109
85
55.19324
30.55556
97.71062
73.74097
85
55.19324
30.55556
97.71062
73.81927
85
55.19324
30.55556
97.71062
73.86144
85
55.19324
30.55556
97.71062
