34.63855,0,0,0,0,0,0,0,0,0,0,0,0,0,0,0,0,0,0,0,0,0,0,0,0,0,0,0,0,0,0,0,0,0,0.3012048,0,0,0,0,28.91566,0,0,0.3012048,0,0,0,0,0,0,0
79.71831,84.22535,0.2816902,0,0,0,0,0,0,0,0,0
25.07246,25.7971,1.449275,0,0,0,0.1449275,0,0,0,0.1449275,0
23.66149,24.00691,3.108808,0,0,0,0.1727116,0,0,0,0.1727116,0
79.12088,76.0989,6.318681,0.2747253,0.2747253,0.2747253,2.747253,0.2747253,0.2747253,0.2747253,2.747253,0.2747253
99.69879,99.69879,35.24096,27.10843,27.71084,28.91566,28.91566,28.91566,28.91566,28.91566,28.91566,28.91566,28.91566,0,0,28.91566,28.91566,28.91566,28.91566,28.91566,28.91566,28.91566,28.91566,27.71084,35.24096,6.927711,99.69879,28.91566,28.91566,28.91566,28.91566,28.91566,28.91566,28.91566,28.91566,27.71084,35.24096,6.927711,99.69879,28.91566,28.91566,28.91566,28.91566,28.91566,28.91566,28.91566,28.91566,27.71084,35.24096,6.927711
84.50704,85.07042,84.78873,84.78873,84.50704,84.50704,84.22535,84.22535,84.22535,84.22535,84.22535,84.22535
55.07246,55.21739,55.21739,55.21739,25.36232,25.36232,25.7971,25.7971,25.7971,25.7971,25.7971,25.7971
24.00691,24.00691,24.00691,24.00691,23.66149,23.66149,24.00691,24.00691,24.00691,24.00691,24.00691,24.00691
99.45055,99.72527,99.72527,99.72527,79.67033,79.67033,76.0989,76.0989,76.0989,76.0989,76.0989,76.0989
99.69879,99.69879,3.313253,0,99.69879,99.69879,99.69879,99.69879,99.69879,99.69879,99.69879,99.69879,99.69879,99.69879,0,27.40964,99.69879,99.69879,99.69879,99.69879,35.54217,27.40964,99.69879,99.69879,35.24096,27.40964,99.69879,99.69879,99.69879,99.69879,99.69879,99.69879,35.54217,27.40964,99.69879,99.69879,35.24096,27.40964,99.69879,99.69879,99.69879,99.69879,99.69879,99.69879,35.54217,27.40964,99.69879,99.69879,35.24096,27.40964
84.50704,85.07042,85.35211,84.78873,85.35211,85.35211,84.78873,84.78873,84.78873,84.50704,85.35211,85.35211
55.07246,55.21739,55.07246,55.07246,55.36232,55.36232,55.21739,55.21739,55.21739,54.92754,55.36232,55.36232
24.00691,24.00691,24.35233,24.52504,24.69775,24.69775,24.00691,24.00691,24.00691,24.35233,24.69775,24.69775
99.45055,99.72527,99.72527,99.72527,99.72527,99.72527,99.72527,99.72527,99.72527,76.0989,99.72527,99.72527
99.69879,99.69879,0,99.69879,99.69879,99.69879,99.69879,99.69879,99.69879,99.69879,99.69879,99.69879,99.69879,3.915663,99.69879,0,99.69879,99.69879,99.69879,99.69879,99.69879,35.54217,27.40964,99.69879,35.24096,99.69879,27.71084,99.69879,99.69879,99.69879,99.69879,99.69879,99.69879,35.54217,27.40964,99.69879,35.24096,99.69879,27.71084,99.69879,99.69879,99.69879,99.69879,99.69879,99.69879,35.54217,27.40964,99.69879,35.24096,99.69879
84.50704,85.07042,85.35211,85.35211,84.78873,85.35211,85.35211,84.78873,84.78873,84.78873,84.50704,85.35211
55.07246,55.21739,55.36232,55.07246,55.07246,55.36232,55.36232,55.21739,55.21739,55.21739,54.92754,55.36232
24.00691,24.00691,99.82729,24.35233,24.52504,24.69775,24.69775,24.00691,24.00691,24.00691,24.35233,24.69775
99.45055,99.72527,99.72527,99.72527,99.72527,99.72527,99.72527,99.72527,99.72527,99.72527,76.0989,99.72527
99.69879,99.69879,99.69879,99.69879,99.69879,99.69879,99.69879,99.69879,99.69879,99.69879,99.69879,99.69879,35.24096,2.409639,45.18072,7.831326,99.69879,99.69879,99.69879,99.69879,99.69879,99.69879,35.54217,27.71084,35.24096,28.61446,99.69879,27.71084,99.69879,99.69879,99.69879,99.69879,99.69879,99.69879,35.54217,27.71084,35.24096,28.61446,99.69879,27.71084,99.69879,99.69879,99.69879,99.69879,99.69879,99.69879,35.54217,27.71084,35.24096,28.61446
84.50704,85.07042,85.35211,85.35211,85.35211,84.78873,85.35211,85.35211,84.78873,84.78873,84.78873,84.50704
55.07246,55.21739,55.21739,55.36232,55.07246,55.07246,55.36232,55.36232,55.21739,55.21739,55.21739,54.92754
24.00691,24.00691,24.17962,99.82729,24.35233,24.52504,24.69775,24.69775,24.00691,24.00691,24.00691,24.35233
99.45055,99.72527,99.45055,99.72527,99.72527,99.72527,99.72527,99.72527,99.72527,99.72527,99.72527,76.0989
99.69879,99.69879,99.69879,99.69879,99.69879,99.69879,99.69879,99.69879,99.69879,99.69879,99.69879,99.69879,99.69879,7.228916,0,27.71084,99.69879,99.69879,99.69879,99.69879,99.69879,99.69879,35.54217,27.71084,35.24096,28.61446,99.69879,27.71084,99.69879,99.69879,99.69879,99.69879,99.69879,99.69879,35.54217,27.71084,35.24096,28.61446,99.69879,27.71084,99.69879,99.69879,99.69879,99.69879,99.69879,99.69879,35.54217,27.71084,35.24096,28.61446
84.50704,85.07042,85.35211,85.35211,85.35211,84.78873,85.35211,85.35211,84.78873,84.78873,84.78873,84.50704
55.07246,55.21739,55.21739,55.36232,55.07246,55.07246,55.36232,55.36232,55.21739,55.21739,55.21739,54.92754
24.00691,24.00691,24.17962,99.82729,24.35233,24.52504,24.69775,24.69775,24.00691,24.00691,24.00691,24.35233
99.45055,99.72527,99.45055,99.72527,99.72527,99.72527,99.72527,99.72527,99.72527,99.72527,99.72527,76.0989
99.69879,99.69879,99.69879,99.69879,99.69879,99.69879,99.69879,99.69879,99.69879,99.69879,99.69879,99.69879,0,3.313253,28.61446,27.40964,99.69879,99.69879,99.69879,99.69879,99.69879,99.69879,35.54217,27.71084,35.24096,28.61446,99.69879,27.71084,99.69879,99.69879,99.69879,99.69879,99.69879,99.69879,35.54217,27.71084,35.24096,28.61446,99.69879,27.71084,99.69879,99.69879,99.69879,99.69879,99.69879,99.69879,35.54217,27.71084,35.24096,28.61446
84.50704,85.07042,85.35211,85.35211,85.35211,84.78873,85.35211,85.35211,84.78873,84.78873,84.78873,84.50704
55.07246,55.21739,55.21739,55.36232,55.07246,55.07246,55.36232,55.36232,55.21739,55.21739,55.21739,54.92754
24.00691,24.00691,24.17962,99.82729,24.35233,24.52504,24.69775,24.69775,24.00691,24.00691,24.00691,24.35233
99.45055,99.72527,99.45055,99.72527,99.72527,99.72527,99.72527,99.72527,99.72527,99.72527,99.72527,76.0989
99.69879,99.69879,99.69879,99.69879,99.69879,99.69879,99.69879,99.69879,99.69879,99.69879,99.69879,99.69879,3.915663,7.831326,99.69879,51.20482,99.69879,99.69879,99.69879,99.69879,99.69879,99.69879,35.54217,27.71084,35.24096,28.61446,99.69879,27.71084,99.69879,99.69879,99.69879,99.69879,99.69879,99.69879,35.54217,27.71084,35.24096,28.61446,99.69879,27.71084,99.69879,99.69879,99.69879,99.69879,99.69879,99.69879,35.54217,27.71084,35.24096,28.61446
84.50704,85.07042,85.35211,85.35211,85.35211,84.78873,85.35211,85.35211,84.78873,84.78873,84.78873,84.50704
55.07246,55.21739,55.21739,55.36232,55.07246,55.07246,55.36232,55.36232,55.21739,55.21739,55.21739,54.92754
24.00691,24.00691,24.17962,99.82729,24.35233,24.52504,24.69775,24.69775,24.00691,24.00691,24.00691,24.35233
99.45055,99.72527,99.45055,99.72527,99.72527,99.72527,99.72527,99.72527,99.72527,99.72527,99.72527,76.0989
99.69879,99.69879,99.69879,99.69879,99.69879,99.69879,99.69879,99.69879,99.69879,99.69879,99.69879,99.69879,6.626506,99.69879,27.10843,99.69879,99.69879,99.69879,99.69879,99.69879,99.69879,99.69879,35.54217,27.71084,35.24096,28.61446,99.69879,27.71084,99.69879,99.69879,99.69879,99.69879,99.69879,99.69879,35.54217,27.71084,35.24096,28.61446,99.69879,27.71084,99.69879,99.69879,99.69879,99.69879,99.69879,99.69879,35.54217,27.71084,35.24096,28.61446
84.50704,85.07042,85.35211,85.35211,85.35211,84.78873,85.35211,85.35211,84.78873,84.78873,84.78873,84.50704
55.07246,55.21739,55.21739,55.36232,55.07246,55.07246,55.36232,55.36232,55.21739,55.21739,55.21739,54.92754
24.00691,24.00691,24.17962,99.82729,24.35233,24.52504,24.69775,24.69775,24.00691,24.00691,24.00691,24.35233
99.45055,99.72527,99.45055,99.72527,99.72527,99.72527,99.72527,99.72527,99.72527,99.72527,99.72527,76.0989
99.69879,99.69879,99.69879,99.69879,99.69879,99.69879,99.69879,99.69879,99.69879,99.69879,99.69879,99.69879,28.01205,0,28.01205,28.31325,99.69879,99.69879,99.69879,99.69879,99.69879,99.69879,35.54217,27.71084,35.24096,28.61446,99.69879,27.71084,99.69879,99.69879,99.69879,99.69879,99.69879,99.69879,35.54217,27.71084,35.24096,28.61446,99.69879,27.71084,99.69879,99.69879,99.69879,99.69879,99.69879,99.69879,35.54217,27.71084,35.24096,28.61446
84.50704,85.07042,85.35211,85.35211,85.35211,84.78873,85.35211,85.35211,84.78873,84.78873,84.78873,84.50704
55.07246,55.21739,55.21739,55.36232,55.07246,55.07246,55.36232,55.36232,55.21739,55.21739,55.21739,54.92754
24.00691,24.00691,24.17962,99.82729,24.35233,24.52504,24.69775,24.69775,24.00691,24.00691,24.00691,24.35233
99.45055,99.72527,99.45055,99.72527,99.72527,99.72527,99.72527,99.72527,99.72527,99.72527,99.72527,76.0989
99.69879,99.69879,99.69879,99.69879,99.69879,99.69879,99.69879,99.69879,99.69879,99.69879,99.69879,99.69879,3.915663,7.831326,99.69879,0,99.69879,99.69879,99.69879,99.69879,99.69879,99.69879,35.54217,27.71084,35.24096,28.61446,99.69879,27.71084,99.69879,99.69879,99.69879,99.69879,99.69879,99.69879,35.54217,27.71084,35.24096,28.61446,99.69879,27.71084,99.69879,99.69879,99.69879,99.69879,99.69879,99.69879,35.54217,27.71084,35.24096,28.61446
84.50704,85.07042,85.35211,85.35211,85.35211,84.78873,85.35211,85.35211,84.78873,84.78873,84.78873,84.50704
55.07246,55.21739,55.21739,55.36232,55.07246,55.07246,55.36232,55.36232,55.21739,55.21739,55.21739,54.92754
24.00691,24.00691,24.17962,99.82729,24.35233,24.52504,24.69775,24.69775,24.00691,24.00691,24.00691,24.35233
99.45055,99.72527,99.45055,99.72527,99.72527,99.72527,99.72527,99.72527,99.72527,99.72527,99.72527,76.0989
99.69879,99.69879,99.69879,99.69879,99.69879,99.69879,99.69879,99.69879,99.69879,99.69879,99.69879,99.69879,28.01205,28.61446,3.313253,0,99.69879,99.69879,99.69879,99.69879,99.69879,99.69879,35.54217,27.71084,35.24096,28.61446,99.69879,27.71084,99.69879,99.69879,99.69879,99.69879,99.69879,99.69879,35.54217,27.71084,35.24096,28.61446,99.69879,27.71084,99.69879,99.69879,99.69879,99.69879,99.69879,99.69879,35.54217,27.71084,35.24096,28.61446
84.50704,85.07042,85.35211,85.35211,85.35211,84.78873,85.35211,85.35211,84.78873,84.78873,84.78873,84.50704
55.07246,55.21739,55.21739,55.36232,55.07246,55.07246,55.36232,55.36232,55.21739,55.21739,55.21739,54.92754
24.00691,24.00691,24.17962,99.82729,24.35233,24.52504,24.69775,24.69775,24.00691,24.00691,24.00691,24.35233
99.45055,99.72527,99.45055,99.72527,99.72527,99.72527,99.72527,99.72527,99.72527,99.72527,99.72527,76.0989
99.69879,99.69879,99.69879,99.69879,99.69879,99.69879,99.69879,99.69879,99.69879,99.69879,99.69879,99.69879,28.91566,6.927711,0,28.01205,99.69879,99.69879,99.69879,99.69879,99.69879,99.69879,35.54217,27.71084,35.24096,28.61446,99.69879,27.71084,99.69879,99.69879,99.69879,99.69879,99.69879,99.69879,35.54217,27.71084,35.24096,28.61446,99.69879,27.71084,99.69879,99.69879,99.69879,99.69879,99.69879,99.69879,35.54217,27.71084,35.24096,28.61446
84.50704,85.07042,85.35211,85.35211,85.35211,84.78873,85.35211,85.35211,84.78873,84.78873,84.78873,84.50704
55.07246,55.21739,55.21739,55.36232,55.07246,55.07246,55.36232,55.36232,55.21739,55.21739,55.21739,54.92754
24.00691,24.00691,24.17962,99.82729,24.35233,24.52504,24.69775,24.69775,24.00691,24.00691,24.00691,24.35233
99.45055,99.72527,99.45055,99.72527,99.72527,99.72527,99.72527,99.72527,99.72527,99.72527,99.72527,76.0989
99.69879,99.69879,99.69879,99.69879,99.69879,99.69879,99.69879,99.69879,99.69879,99.69879,99.69879,99.69879,28.01205,0,2.710843,35.24096,99.69879,99.69879,99.69879,99.69879,99.69879,99.69879,35.54217,27.71084,35.24096,28.61446,99.69879,27.71084,99.69879,99.69879,99.69879,99.69879,99.69879,99.69879,35.54217,27.71084,35.24096,28.61446,99.69879,27.71084,99.69879,99.69879,99.69879,99.69879,99.69879,99.69879,35.54217,27.71084,35.24096,28.61446
84.50704,85.07042,85.35211,85.35211,85.35211,84.78873,85.35211,85.35211,84.78873,84.78873,84.78873,84.50704
55.07246,55.21739,55.21739,55.36232,55.07246,55.07246,55.36232,55.36232,55.21739,55.21739,55.21739,54.92754
24.00691,24.00691,24.17962,99.82729,24.35233,24.52504,24.69775,24.69775,24.00691,24.00691,24.00691,24.35233
99.45055,99.72527,99.45055,99.72527,99.72527,99.72527,99.72527,99.72527,99.72527,99.72527,99.72527,76.0989
