0,0,0,0,0,0,0.3012048,0,0.3012048,2.108434,0,0,0,0,0,0,0,0,0,0,0,0,0,0,0,0,0,0,0.3012048,0,0,0,0,0,0,0,0,0,0,0,0,0,0,2.409639,0,0,0,0,0,0
0,0,0,0,0,0,0,0,0.3012048,0,0,0,0,0,0,0,0,0,0,0,0,0,0,0,0,0,0,0,0.3012048,0,0,0,0,0,0,0,0,0,0,0,0,0,0,2.409639,0,0,0,0,0,0
0,0,0,0,0,0,0,0,0,0,0,0,0,0,0,0,0,0,0,0,0,0,0,0,0,0,0,0,0.3012048,0,0,0,0,0,0,0,0,0,0,0,0,0,0,2.409639,0,0,0,0,0,0
0,0,0,0,0,0,0,0,0,0,0,0,0,0,0,0,0,0,0,0,0,0,0,0,0,0,0,0,0,0,0,0,0,0,0,0,0,0,0,0,0,0,0,2.409639,0,0,0,0,0,0
0.3012048,0,0,0,0,0,0,0,0,0,0,0,0,0,0,0,0,0,0,0,0,0,0,0,0,0,0,0,0,0,0,0,0,0,0,0,0,0,0,0,0,0,0,2.409639,0,0,0,0,0,0
0,0,0,0,0,0,0,0,0,0,0,0,1.204819,0,0,0,0,0,0,0,0,0,0,0,0,0,0,0,0,0,0,0,0,0,0,0,0,0,0,0,0,0,0,2.409639,0,0,0,0,0,0
9.337349,0,0,0,0,0,0,0,0,0,0,0,0,0,0,0,0,0,0,0,0,0,0,0,0,0,0,0,0,0,0,0,0,0,0,0,0,0,0,0,0,0,0,2.409639,0,0,0,0,0,0
9.337349,0,0,0,0,0,0,0,0,0,0,0,0,0.3012048,0,0,0,0,0,0,0,0,20.48193,8.433735,0,0,0,0,0,0,0,0,0,0,20.48193,8.433735,0,0,0,0,0,0,0,2.409639,0,0,0,20.48193,8.433735,0
0,0,0,0,0,0,0,0,0,0,0,0,0,0,0,0,0,0,0,20.48193,20.48193,20.48193,20.48193,0,0,0,0,0,0,0,0,0,20.48193,20.48193,20.48193,20.48193,0,0,0,0,0,0,0,0,0,20.48193,20.48193,20.48193,8.433735,20.48193
0,0.3012048,0,0,20.48193,20.48193,20.48193,20.48193,20.48193,20.48193,20.48193,20.48193,20.48193,20.48193,20.48193,20.48193,20.48193,20.48193,20.48193,20.48193,20.48193,20.48193,20.48193,20.48193,20.48193,20.48193,20.48193,20.48193,20.48193,20.48193,20.48193,20.48193,20.48193,20.48193,20.48193,20.48193,20.48193,20.48193,20.48193,20.48193,20.48193,20.48193,20.48193,20.48193,20.48193,20.48193,20.48193,20.48193,20.48193,20.48193
0,0.3012048,0,0,20.48193,20.48193,20.48193,20.48193,20.48193,20.48193,20.48193,20.48193,20.48193,20.48193,20.48193,20.48193,20.48193,20.48193,20.48193,20.48193,20.48193,20.48193,20.48193,20.48193,20.48193,20.48193,20.48193,20.48193,20.48193,20.48193,20.48193,20.48193,20.48193,20.48193,20.48193,20.48193,20.48193,20.48193,20.48193,20.48193,20.48193,20.48193,20.48193,20.48193,20.48193,20.48193,20.48193,20.48193,20.48193,20.48193
0,0,0,0,20.48193,20.48193,20.48193,20.48193,20.48193,20.48193,20.48193,20.48193,20.48193,20.48193,20.48193,20.48193,20.48193,20.48193,20.48193,20.48193,20.48193,20.48193,20.48193,20.48193,20.48193,20.48193,20.48193,20.48193,20.48193,20.48193,20.48193,20.48193,20.48193,20.48193,20.48193,20.48193,20.48193,20.48193,20.48193,20.48193,20.48193,20.48193,20.48193,20.48193,20.48193,20.48193,20.48193,20.48193,20.48193,20.48193
0,0,0,0,20.48193,20.48193,20.48193,20.48193,20.48193,20.48193,20.48193,20.48193,20.48193,20.48193,20.48193,20.48193,20.48193,20.48193,20.48193,20.48193,20.48193,20.48193,20.48193,20.48193,20.48193,20.48193,20.48193,20.48193,20.48193,20.48193,20.48193,20.48193,20.48193,20.48193,20.48193,20.48193,20.48193,20.48193,20.48193,20.48193,20.48193,20.48193,20.48193,20.48193,20.48193,20.48193,20.48193,20.48193,20.48193,20.48193
0.3012048,0,0,0,20.48193,20.48193,20.48193,20.48193,20.48193,20.48193,20.48193,20.48193,20.48193,20.48193,20.48193,20.48193,20.48193,20.48193,20.48193,20.48193,20.48193,20.48193,20.48193,20.48193,20.48193,20.48193,20.48193,20.48193,20.48193,20.48193,20.48193,20.48193,20.48193,20.48193,20.48193,20.48193,20.48193,20.48193,20.48193,20.48193,20.48193,20.48193,20.48193,20.48193,20.48193,20.48193,20.48193,20.48193,20.48193,20.48193
0,0,0.3012048,0,20.48193,20.48193,20.48193,20.48193,20.48193,20.48193,20.48193,20.48193,20.48193,20.48193,20.48193,20.48193,20.48193,20.48193,20.48193,20.48193,20.48193,20.48193,20.48193,20.48193,20.48193,20.48193,20.48193,20.48193,20.48193,20.48193,20.48193,20.48193,20.48193,20.48193,20.48193,20.48193,20.48193,20.48193,20.48193,20.48193,20.48193,20.48193,20.48193,20.48193,20.48193,20.48193,20.48193,20.48193,20.48193,20.48193
0,0,23.19277,0.3012048,20.48193,20.48193,20.48193,20.48193,20.48193,20.48193,20.48193,20.48193,20.48193,20.48193,20.48193,20.48193,20.48193,20.48193,20.48193,20.48193,20.48193,20.48193,20.48193,20.48193,20.48193,20.48193,20.48193,20.48193,20.48193,20.48193,20.48193,20.48193,20.48193,20.48193,20.48193,20.48193,20.48193,20.48193,20.48193,20.48193,20.48193,20.48193,20.48193,20.48193,20.48193,20.48193,20.48193,20.48193,20.48193,20.48193
0,0,23.19277,0,20.48193,20.48193,20.48193,20.48193,20.48193,20.48193,20.48193,20.48193,20.48193,20.48193,20.48193,0.3012048,20.48193,20.48193,20.48193,20.48193,20.48193,20.48193,20.48193,0.3012048,0,20.48193,20.48193,20.48193,20.48193,20.48193,20.48193,20.48193,20.48193,20.48193,20.48193,0.3012048,0,20.48193,20.48193,20.48193,20.48193,20.48193,20.48193,20.48193,20.48193,20.48193,20.48193,0.3012048,0,20.48193
0,0.3012048,23.19277,0,20.48193,20.48193,20.48193,20.48193,20.48193,20.48193,20.48193,20.48193,20.48193,20.48193,20.48193,0,20.48193,20.48193,20.48193,20.48193,20.48193,20.48193,20.48193,0.3012048,0,20.48193,20.48193,20.48193,20.48193,20.48193,20.48193,20.48193,20.48193,20.48193,20.48193,0.3012048,0,20.48193,20.48193,20.48193,20.48193,20.48193,20.48193,20.48193,20.48193,20.48193,20.48193,0.3012048,0,20.48193
0,0.3012048,23.19277,0,20.48193,20.48193,20.48193,20.48193,20.48193,20.48193,20.48193,20.48193,20.48193,20.48193,20.48193,0,20.48193,20.48193,20.48193,20.48193,20.48193,20.48193,20.48193,0.3012048,0,20.48193,20.48193,20.48193,20.48193,20.48193,20.48193,20.48193,20.48193,20.48193,20.48193,0.3012048,0,20.48193,20.48193,20.48193,20.48193,20.48193,20.48193,20.48193,20.48193,20.48193,20.48193,0.3012048,0,20.48193
0,0,23.19277,0,20.48193,20.48193,20.48193,20.48193,20.48193,20.48193,20.48193,20.48193,20.48193,20.48193,20.48193,0,20.48193,20.48193,20.48193,20.48193,20.48193,20.48193,20.48193,0.3012048,0,20.48193,20.48193,20.48193,20.48193,20.48193,20.48193,20.48193,20.48193,20.48193,20.48193,0.3012048,0,20.48193,20.48193,20.48193,20.48193,20.48193,20.48193,20.48193,20.48193,20.48193,20.48193,0.3012048,0,20.48193
0.3012048,0,23.19277,1.204819,20.48193,20.48193,20.48193,20.48193,20.48193,20.48193,20.48193,20.48193,20.48193,20.48193,20.48193,0,20.48193,20.48193,20.48193,20.48193,20.48193,20.48193,20.48193,0.3012048,0,20.48193,20.48193,20.48193,20.48193,20.48193,20.48193,20.48193,20.48193,20.48193,20.48193,0.3012048,0,20.48193,20.48193,20.48193,20.48193,20.48193,20.48193,20.48193,20.48193,20.48193,20.48193,0.3012048,0,20.48193
0,0,23.19277,19.87952,20.48193,20.48193,20.48193,20.48193,20.48193,20.48193,20.48193,20.48193,20.48193,20.48193,20.48193,0,20.48193,20.48193,20.48193,20.48193,20.48193,20.48193,20.48193,0.3012048,0,20.48193,20.48193,20.48193,20.48193,20.48193,20.48193,20.48193,20.48193,20.48193,20.48193,0.3012048,0,20.48193,20.48193,20.48193,20.48193,20.48193,20.48193,20.48193,20.48193,20.48193,20.48193,0.3012048,0,20.48193
23.79518,0.3012048,23.19277,0,20.48193,20.48193,20.48193,20.48193,20.48193,20.48193,20.48193,20.48193,20.48193,20.48193,20.48193,0,20.48193,20.48193,20.48193,20.48193,20.48193,20.48193,20.48193,0.3012048,0,20.48193,20.48193,20.48193,20.48193,20.48193,20.48193,20.48193,20.48193,20.48193,20.48193,0.3012048,0,20.48193,20.48193,20.48193,20.48193,20.48193,20.48193,20.48193,20.48193,20.48193,20.48193,0.3012048,0,20.48193
23.79518,3.313253,23.19277,0,20.48193,20.48193,20.48193,20.48193,20.48193,20.48193,20.48193,20.48193,20.48193,20.48193,17.46988,0,20.48193,20.48193,20.48193,20.48193,20.48193,20.48193,20.48193,0.3012048,0.3012048,0,20.48193,20.48193,20.48193,20.48193,20.48193,20.48193,20.48193,20.48193,20.48193,0.3012048,0.3012048,0,20.48193,20.48193,20.48193,20.48193,20.48193,20.48193,20.48193,20.48193,20.48193,0.3012048,0.3012048,0
23.79518,29.21687,23.19277,0,20.48193,20.48193,20.48193,20.48193,20.48193,20.48193,20.48193,20.48193,20.48193,20.48193,0,0,20.48193,20.48193,20.48193,20.48193,20.48193,20.48193,20.48193,0.3012048,0.3012048,0,20.48193,20.48193,20.48193,20.48193,20.48193,20.48193,20.48193,20.48193,20.48193,0.3012048,0.3012048,0,20.48193,20.48193,20.48193,20.48193,20.48193,20.48193,20.48193,20.48193,20.48193,0.3012048,0.3012048,0
0,29.21687,23.19277,0,20.48193,20.48193,20.48193,20.48193,20.48193,20.48193,20.48193,20.48193,20.48193,20.48193,0,0,20.48193,20.48193,20.48193,20.48193,20.48193,20.48193,20.48193,0.3012048,28.31325,0,20.48193,20.48193,20.48193,20.48193,20.48193,20.48193,20.48193,20.48193,20.48193,0.3012048,28.31325,0,20.48193,20.48193,20.48193,20.48193,20.48193,20.48193,20.48193,20.48193,20.48193,0.3012048,28.31325,0
0,29.21687,0,0,0,20.48193,20.48193,20.48193,20.48193,20.48193,20.48193,20.48193,20.48193,20.48193,20.48193,20.48193,20.48193,20.48193,20.48193,20.48193,0.3012048,28.31325,28.31325,28.31325,28.31325,0.3012048,20.48193,20.48193,20.48193,20.48193,20.48193,20.48193,20.48193,0.3012048,28.31325,28.31325,28.31325,28.31325,0.3012048,20.48193,20.48193,20.48193,20.48193,20.48193,20.48193,20.48193,0.3012048,28.31325,28.31325,28.31325
0,29.21687,0,0,0,28.31325,28.31325,28.31325,28.31325,28.31325,28.31325,28.31325,29.21687,28.31325,28.31325,28.31325,28.31325,28.31325,28.31325,28.31325,28.31325,28.31325,28.31325,28.31325,28.31325,28.31325,28.31325,28.31325,29.21687,28.31325,28.31325,28.31325,28.31325,28.31325,28.31325,28.31325,28.31325,28.31325,28.31325,28.31325,28.31325,28.31325,28.31325,28.31325,29.21687,28.31325,28.31325,28.31325,28.31325,28.31325
28.91566,29.21687,0.3012048,0,0,28.31325,28.31325,28.31325,28.31325,28.31325,28.31325,28.31325,29.21687,28.31325,28.31325,28.31325,28.31325,28.31325,28.31325,28.31325,28.31325,29.21687,29.21687,29.21687,29.21687,28.31325,28.31325,28.31325,29.21687,28.31325,28.31325,28.31325,28.31325,28.31325,29.21687,29.21687,29.21687,29.21687,28.31325,28.31325,28.31325,28.31325,28.31325,28.31325,29.21687,28.31325,28.31325,29.21687,29.21687,29.21687
0,29.21687,0,0,0,29.21687,29.21687,29.21687,29.21687,29.21687,29.21687,29.21687,29.21687,29.21687,29.21687,29.21687,29.21687,29.21687,29.21687,29.21687,29.21687,29.21687,29.21687,29.21687,29.21687,29.21687,29.21687,29.21687,29.21687,29.21687,29.21687,29.21687,29.21687,29.21687,29.21687,29.21687,29.21687,29.21687,29.21687,29.21687,29.21687,29.21687,29.21687,29.21687,29.21687,29.21687,29.21687,29.21687,29.21687,29.21687
27.10843,29.21687,0,27.71084,0,29.21687,29.21687,29.21687,29.21687,29.21687,29.21687,29.21687,29.21687,29.21687,29.21687,29.21687,29.21687,29.21687,29.21687,29.21687,29.21687,29.21687,29.21687,29.21687,29.21687,29.21687,29.21687,29.21687,29.21687,29.21687,29.21687,29.21687,29.21687,29.21687,29.21687,29.21687,29.21687,29.21687,29.21687,29.21687,29.21687,29.21687,29.21687,29.21687,29.21687,29.21687,29.21687,29.21687,29.21687,29.21687
0,29.21687,0,4.216867,0,29.21687,29.21687,29.21687,29.21687,29.21687,29.21687,29.21687,29.21687,29.21687,29.21687,29.21687,29.21687,29.21687,29.21687,29.21687,29.21687,29.21687,29.21687,29.21687,29.21687,29.21687,29.21687,29.21687,29.21687,29.21687,29.21687,29.21687,29.21687,29.21687,29.21687,29.21687,29.21687,29.21687,29.21687,29.21687,29.21687,29.21687,29.21687,29.21687,29.21687,29.21687,29.21687,29.21687,29.21687,29.21687
0,29.21687,2.710843,0,0,29.21687,29.21687,29.21687,29.21687,29.21687,29.21687,29.21687,29.21687,29.21687,29.21687,29.21687,29.21687,29.21687,29.21687,29.21687,29.21687,29.21687,29.21687,29.21687,29.21687,29.21687,29.21687,29.21687,29.21687,29.21687,29.21687,29.21687,29.21687,29.21687,29.21687,29.21687,29.21687,29.21687,29.21687,29.21687,29.21687,29.21687,29.21687,29.21687,29.21687,29.21687,29.21687,29.21687,29.21687,29.21687
0.3012048,29.21687,0,0.3012048,0,29.21687,29.21687,29.21687,29.21687,29.21687,29.21687,29.21687,29.21687,29.21687,29.21687,29.21687,29.21687,29.21687,29.21687,29.21687,29.21687,29.21687,29.21687,29.21687,29.21687,29.21687,29.21687,29.21687,29.21687,29.21687,29.21687,29.21687,29.21687,29.21687,29.21687,29.21687,29.21687,29.21687,29.21687,29.21687,29.21687,29.21687,29.21687,29.21687,29.21687,29.21687,29.21687,29.21687,29.21687,29.21687
0.3012048,29.21687,7.831326,0,0,29.21687,29.21687,29.21687,29.21687,29.21687,29.21687,29.21687,29.21687,29.21687,29.21687,29.21687,29.21687,29.21687,29.21687,29.21687,29.21687,29.21687,29.21687,29.21687,29.21687,29.21687,29.21687,29.21687,29.21687,29.21687,29.21687,29.21687,29.21687,29.21687,29.21687,29.21687,29.21687,29.21687,29.21687,29.21687,29.21687,29.21687,29.21687,29.21687,29.21687,29.21687,29.21687,29.21687,29.21687,29.21687
0.3012048,29.21687,0.3012048,0,0,29.21687,29.21687,29.21687,29.21687,29.21687,29.21687,29.21687,29.21687,29.21687,29.21687,29.21687,29.21687,29.21687,29.21687,29.21687,29.21687,29.21687,29.21687,29.21687,29.21687,29.21687,29.21687,29.21687,29.21687,29.21687,29.21687,29.21687,29.21687,29.21687,29.21687,29.21687,29.21687,29.21687,29.21687,29.21687,29.21687,29.21687,29.21687,29.21687,29.21687,29.21687,29.21687,29.21687,29.21687,29.21687
0,29.21687,0,0,0,29.21687,29.21687,29.21687,29.21687,29.21687,29.21687,29.21687,29.21687,29.21687,29.21687,29.21687,29.21687,29.21687,29.21687,29.21687,29.21687,29.21687,29.21687,29.21687,29.21687,29.21687,29.21687,29.21687,29.21687,29.21687,29.21687,29.21687,29.21687,29.21687,29.21687,29.21687,29.21687,29.21687,29.21687,29.21687,29.21687,29.21687,29.21687,29.21687,29.21687,29.21687,29.21687,29.21687,29.21687,29.21687
0,29.21687,3.012048,27.40964,0,29.21687,29.21687,29.21687,29.21687,29.21687,29.21687,29.21687,29.21687,29.21687,29.21687,29.21687,29.21687,29.21687,29.21687,29.21687,29.21687,29.21687,29.21687,29.21687,29.21687,29.21687,29.21687,29.21687,29.21687,29.21687,29.21687,29.21687,29.21687,29.21687,29.21687,29.21687,29.21687,29.21687,29.21687,29.21687,29.21687,29.21687,29.21687,29.21687,29.21687,29.21687,29.21687,29.21687,29.21687,29.21687
0.9036145,29.21687,0,0,0.3012048,29.21687,29.21687,29.21687,29.21687,29.21687,29.21687,29.21687,29.21687,29.21687,29.21687,29.21687,29.21687,29.21687,29.21687,29.21687,29.21687,29.21687,29.21687,29.21687,29.21687,29.21687,29.21687,29.21687,29.21687,29.21687,29.21687,29.21687,29.21687,29.21687,29.21687,29.21687,29.21687,29.21687,29.21687,29.21687,29.21687,29.21687,29.21687,29.21687,29.21687,29.21687,29.21687,29.21687,29.21687,29.21687
0.3012048,29.21687,0.3012048,0,0,29.21687,29.21687,29.21687,29.21687,29.21687,29.21687,29.21687,29.21687,29.21687,29.21687,29.21687,29.21687,29.21687,29.21687,29.21687,29.21687,29.21687,29.21687,29.21687,29.21687,29.21687,29.21687,29.21687,29.21687,29.21687,29.21687,29.21687,29.21687,29.21687,29.21687,29.21687,29.21687,29.21687,29.21687,29.21687,29.21687,29.21687,29.21687,29.21687,29.21687,29.21687,29.21687,29.21687,29.21687,29.21687
0,29.21687,0,99.69879,0,29.21687,29.21687,29.21687,29.21687,29.21687,29.21687,29.21687,29.21687,29.21687,29.21687,29.21687,29.21687,29.21687,29.21687,29.21687,29.21687,29.21687,29.21687,29.21687,29.21687,29.21687,29.21687,29.21687,29.21687,29.21687,29.21687,29.21687,29.21687,29.21687,29.21687,29.21687,29.21687,29.21687,29.21687,29.21687,29.21687,29.21687,29.21687,29.21687,29.21687,29.21687,29.21687,29.21687,29.21687,29.21687
0,0,0.3012048,99.69879,0,29.21687,29.21687,29.21687,29.21687,29.21687,29.21687,29.21687,29.21687,29.21687,29.21687,29.21687,29.21687,29.21687,29.21687,29.21687,29.21687,29.21687,29.21687,0,0,29.21687,29.21687,29.21687,29.21687,29.21687,29.21687,29.21687,29.21687,29.21687,29.21687,0,0,29.21687,29.21687,29.21687,29.21687,29.21687,29.21687,29.21687,29.21687,29.21687,29.21687,0,0,29.21687
27.10843,0,0,99.69879,0,29.21687,29.21687,29.21687,29.21687,29.21687,29.21687,29.21687,29.21687,29.21687,29.21687,29.21687,29.21687,29.21687,29.21687,29.21687,29.21687,29.21687,29.21687,0,0,29.21687,29.21687,29.21687,29.21687,29.21687,29.21687,29.21687,29.21687,29.21687,29.21687,0,0,29.21687,29.21687,29.21687,29.21687,29.21687,29.21687,29.21687,29.21687,29.21687,29.21687,0,0,29.21687
7.228916,0.3012048,0,99.69879,0,29.21687,29.21687,29.21687,29.21687,29.21687,29.21687,29.21687,29.21687,29.21687,29.21687,29.21687,29.21687,29.21687,29.21687,29.21687,29.21687,29.21687,29.21687,0,0,29.21687,29.21687,29.21687,29.21687,29.21687,29.21687,29.21687,29.21687,29.21687,29.21687,0,0,29.21687,29.21687,29.21687,29.21687,29.21687,29.21687,29.21687,29.21687,29.21687,29.21687,0,0,29.21687
0,0,0,99.69879,0,29.21687,29.21687,29.21687,29.21687,29.21687,29.21687,29.21687,29.21687,29.21687,29.21687,29.21687,29.21687,29.21687,29.21687,29.21687,29.21687,29.21687,29.21687,0,0,29.21687,29.21687,29.21687,29.21687,29.21687,29.21687,29.21687,29.21687,29.21687,29.21687,0,0,29.21687,29.21687,29.21687,29.21687,29.21687,29.21687,29.21687,29.21687,29.21687,29.21687,0,0,29.21687
0,0,0,99.69879,0,29.21687,29.21687,29.21687,29.21687,29.21687,29.21687,29.21687,29.21687,29.21687,29.21687,29.21687,29.21687,29.21687,29.21687,29.21687,29.21687,29.21687,29.21687,0,0,29.21687,29.21687,29.21687,29.21687,29.21687,29.21687,29.21687,29.21687,29.21687,29.21687,0,0,29.21687,29.21687,29.21687,29.21687,29.21687,29.21687,29.21687,29.21687,29.21687,29.21687,0,0,29.21687
27.40964,8.433735,0,99.69879,0,29.21687,29.21687,29.21687,29.21687,29.21687,29.21687,29.21687,29.21687,29.21687,29.21687,29.21687,29.21687,29.21687,29.21687,29.21687,29.21687,29.21687,29.21687,0,0,29.21687,29.21687,29.21687,29.21687,29.21687,29.21687,29.21687,29.21687,29.21687,29.21687,0,0,29.21687,29.21687,29.21687,29.21687,29.21687,29.21687,29.21687,29.21687,29.21687,29.21687,0,0,29.21687
0,28.01205,0,99.69879,0,29.21687,29.21687,29.21687,29.21687,29.21687,29.21687,29.21687,29.21687,29.21687,29.21687,29.21687,29.21687,29.21687,29.21687,29.21687,29.21687,29.21687,29.21687,0,0,29.21687,29.21687,29.21687,29.21687,29.21687,29.21687,29.21687,29.21687,29.21687,29.21687,0,0,29.21687,29.21687,29.21687,29.21687,29.21687,29.21687,29.21687,29.21687,29.21687,29.21687,0,0,29.21687
0,0,27.40964,99.69879,0,29.21687,29.21687,29.21687,29.21687,29.21687,29.21687,29.21687,29.21687,29.21687,29.21687,29.21687,29.21687,29.21687,29.21687,29.21687,29.21687,29.21687,29.21687,0,0,29.21687,29.21687,29.21687,29.21687,29.21687,29.21687,29.21687,29.21687,29.21687,29.21687,0,0,29.21687,29.21687,29.21687,29.21687,29.21687,29.21687,29.21687,29.21687,29.21687,29.21687,0,0,29.21687
0,0.9036145,0,99.69879,0,29.21687,29.21687,29.21687,29.21687,29.21687,29.21687,29.21687,29.21687,29.21687,29.21687,29.21687,29.21687,29.21687,29.21687,29.21687,29.21687,29.21687,29.21687,0,0,29.21687,29.21687,29.21687,29.21687,29.21687,29.21687,29.21687,29.21687,29.21687,29.21687,0,0,29.21687,29.21687,29.21687,29.21687,29.21687,29.21687,29.21687,29.21687,29.21687,29.21687,0,0,29.21687
0,0,0.3012048,99.69879,0,29.21687,29.21687,29.21687,29.21687,29.21687,29.21687,29.21687,29.21687,29.21687,29.21687,29.21687,29.21687,29.21687,29.21687,29.21687,29.21687,29.21687,29.21687,0,0,29.21687,29.21687,29.21687,29.21687,29.21687,29.21687,29.21687,29.21687,29.21687,29.21687,0,0,29.21687,29.21687,29.21687,29.21687,29.21687,29.21687,29.21687,29.21687,29.21687,29.21687,0,0,29.21687
35.24096,34.93976,6.927711,99.69879,0,29.21687,29.21687,29.21687,29.21687,29.21687,29.21687,29.21687,29.21687,29.21687,29.21687,29.21687,29.21687,29.21687,29.21687,29.21687,29.21687,29.21687,29.21687,0,0,29.21687,29.21687,29.21687,29.21687,29.21687,29.21687,29.21687,29.21687,29.21687,29.21687,0,0,29.21687,29.21687,29.21687,29.21687,29.21687,29.21687,29.21687,29.21687,29.21687,29.21687,0,0,29.21687
0,34.93976,27.10843,99.69879,0,29.21687,29.21687,29.21687,29.21687,29.21687,29.21687,29.21687,29.21687,29.21687,29.21687,0,29.21687,29.21687,29.21687,29.21687,29.21687,29.21687,29.21687,0,0,0,29.21687,29.21687,29.21687,29.21687,29.21687,29.21687,29.21687,29.21687,29.21687,0,0,0,29.21687,29.21687,29.21687,29.21687,29.21687,29.21687,29.21687,29.21687,29.21687,0,0,0
0,0,0,99.69879,36.44578,29.21687,29.21687,29.21687,29.21687,29.21687,29.21687,29.21687,29.21687,29.21687,29.21687,29.21687,29.21687,29.21687,29.21687,29.21687,29.21687,29.21687,29.21687,0,0,29.21687,29.21687,29.21687,29.21687,29.21687,29.21687,29.21687,29.21687,29.21687,29.21687,0,0,29.21687,29.21687,29.21687,29.21687,29.21687,29.21687,29.21687,29.21687,29.21687,29.21687,0,0,29.21687
0,28.91566,0,99.69879,36.44578,29.21687,29.21687,29.21687,29.21687,29.21687,29.21687,29.21687,29.21687,29.21687,29.21687,0,29.21687,29.21687,29.21687,29.21687,29.21687,29.21687,29.21687,0,0,0.3012048,29.21687,29.21687,29.21687,29.21687,29.21687,29.21687,29.21687,29.21687,29.21687,0,0,0.3012048,29.21687,29.21687,29.21687,29.21687,29.21687,29.21687,29.21687,29.21687,29.21687,0,0,0.3012048
35.84337,0,19.57831,99.69879,36.44578,29.21687,29.21687,29.21687,29.21687,29.21687,29.21687,29.21687,29.21687,29.21687,29.21687,0,29.21687,29.21687,29.21687,29.21687,29.21687,29.21687,29.21687,0,0,0.3012048,29.21687,29.21687,29.21687,29.21687,29.21687,29.21687,29.21687,29.21687,29.21687,0,0,0.3012048,29.21687,29.21687,29.21687,29.21687,29.21687,29.21687,29.21687,29.21687,29.21687,0,0,0.3012048
0,0,0.3012048,99.69879,36.44578,29.21687,29.21687,29.21687,29.21687,29.21687,29.21687,29.21687,29.21687,29.21687,29.21687,0,29.21687,29.21687,29.21687,29.21687,29.21687,29.21687,29.21687,0,0,0.3012048,29.21687,29.21687,29.21687,29.21687,29.21687,29.21687,29.21687,29.21687,29.21687,0,0,0.3012048,29.21687,29.21687,29.21687,29.21687,29.21687,29.21687,29.21687,29.21687,29.21687,0,0,0.3012048
0,0,0,99.69879,36.44578,29.21687,29.21687,29.21687,29.21687,29.21687,29.21687,29.21687,29.21687,29.21687,29.21687,0,29.21687,29.21687,29.21687,29.21687,29.21687,29.21687,29.21687,0,0,0.3012048,29.21687,29.21687,29.21687,29.21687,29.21687,29.21687,29.21687,29.21687,29.21687,0,0,0.3012048,29.21687,29.21687,29.21687,29.21687,29.21687,29.21687,29.21687,29.21687,29.21687,0,0,0.3012048
0,0.3012048,0,99.69879,36.44578,29.21687,29.21687,29.21687,29.21687,29.21687,29.21687,29.21687,29.21687,29.21687,29.21687,0,29.21687,29.21687,29.21687,29.21687,29.21687,29.21687,29.21687,0,0,0.3012048,29.21687,29.21687,29.21687,29.21687,29.21687,29.21687,29.21687,29.21687,29.21687,0,0,0.3012048,29.21687,29.21687,29.21687,29.21687,29.21687,29.21687,29.21687,29.21687,29.21687,0,0,0.3012048
0,9.337349,28.01205,99.69879,36.44578,29.21687,29.21687,29.21687,29.21687,29.21687,29.21687,29.21687,29.21687,29.21687,29.21687,99.69879,29.21687,29.21687,29.21687,29.21687,29.21687,29.21687,29.21687,0,0,0.3012048,29.21687,29.21687,29.21687,29.21687,29.21687,29.21687,29.21687,29.21687,29.21687,0,0,0.3012048,29.21687,29.21687,29.21687,29.21687,29.21687,29.21687,29.21687,29.21687,29.21687,0,0,0.3012048
0,3.915663,0,99.69879,0.3012048,29.21687,29.21687,29.21687,29.21687,29.21687,29.21687,29.21687,29.21687,29.21687,29.21687,99.69879,29.21687,29.21687,29.21687,29.21687,29.21687,29.21687,29.21687,0,0,0.3012048,29.21687,29.21687,29.21687,29.21687,29.21687,29.21687,29.21687,29.21687,29.21687,0,0,0.3012048,29.21687,29.21687,29.21687,29.21687,29.21687,29.21687,29.21687,29.21687,29.21687,0,0,0.3012048
0.3012048,0,9.638555,99.69879,0,29.21687,29.21687,29.21687,29.21687,29.21687,29.21687,29.21687,29.21687,29.21687,29.21687,99.69879,29.21687,29.21687,29.21687,29.21687,29.21687,29.21687,29.21687,0,0,0.3012048,29.21687,29.21687,29.21687,29.21687,29.21687,29.21687,29.21687,29.21687,29.21687,0,0,0.3012048,29.21687,29.21687,29.21687,29.21687,29.21687,29.21687,29.21687,29.21687,29.21687,0,0,0.3012048
0,2.409639,0,99.69879,0,29.21687,29.21687,29.21687,29.21687,29.21687,29.21687,29.21687,29.21687,29.21687,29.21687,99.69879,29.21687,29.21687,29.21687,29.21687,29.21687,29.21687,29.21687,0,0,0.3012048,29.21687,29.21687,29.21687,29.21687,29.21687,29.21687,29.21687,29.21687,29.21687,0,0,0.3012048,29.21687,29.21687,29.21687,29.21687,29.21687,29.21687,29.21687,29.21687,29.21687,0,0,0.3012048
0,35.24096,0,99.69879,0,29.21687,29.21687,29.21687,29.21687,29.21687,29.21687,29.21687,29.21687,29.21687,29.21687,99.69879,29.21687,29.21687,29.21687,29.21687,29.21687,29.21687,29.21687,0,0,0.3012048,29.21687,29.21687,29.21687,29.21687,29.21687,29.21687,29.21687,29.21687,29.21687,0,0,0.3012048,29.21687,29.21687,29.21687,29.21687,29.21687,29.21687,29.21687,29.21687,29.21687,0,0,0.3012048
0,99.69879,0,99.69879,0.3012048,29.21687,29.21687,29.21687,29.21687,29.21687,29.21687,29.21687,29.21687,29.21687,29.21687,99.69879,29.21687,29.21687,29.21687,29.21687,29.21687,29.21687,29.21687,0,0,0.3012048,29.21687,29.21687,29.21687,29.21687,29.21687,29.21687,29.21687,29.21687,29.21687,0,0,0.3012048,29.21687,29.21687,29.21687,29.21687,29.21687,29.21687,29.21687,29.21687,29.21687,0,0,0.3012048
99.69879,99.69879,0,99.69879,35.84337,0,29.21687,29.21687,29.21687,29.21687,29.21687,29.21687,29.21687,29.21687,29.21687,99.69879,29.21687,29.21687,29.21687,29.21687,29.21687,29.21687,29.21687,99.69879,0,0,0.3012048,29.21687,29.21687,29.21687,29.21687,29.21687,29.21687,29.21687,29.21687,99.69879,0,0,0.3012048,29.21687,29.21687,29.21687,29.21687,29.21687,29.21687,29.21687,29.21687,99.69879,0,0
99.69879,99.69879,99.69879,99.69879,0,0,0,99.69879,99.69879,29.21687,29.21687,29.21687,29.21687,29.21687,29.21687,99.69879,29.21687,29.21687,29.21687,29.21687,0.3012048,99.69879,0,99.69879,0,99.69879,99.69879,99.69879,29.21687,29.21687,29.21687,29.21687,29.21687,0.3012048,99.69879,99.69879,0,0,99.69879,99.69879,99.69879,29.21687,29.21687,29.21687,29.21687,29.21687,0.3012048,99.69879,99.69879,0
99.69879,99.69879,99.69879,99.69879,99.69879,0,0,99.69879,99.69879,6.325301,99.69879,99.69879,99.69879,99.69879,99.69879,99.69879,99.69879,99.69879,0.3012048,99.69879,3.313253,99.69879,0,99.69879,0,99.69879,99.69879,99.69879,99.69879,99.69879,99.69879,99.69879,99.69879,99.69879,99.69879,99.69879,99.69879,3.313253,99.69879,0,99.69879,99.69879,99.69879,99.69879,99.69879,99.69879,99.69879,99.69879,99.69879,3.313253
99.69879,99.69879,99.69879,99.69879,99.69879,99.69879,45.48193,99.69879,99.69879,0,99.69879,99.69879,99.69879,99.69879,99.69879,99.69879,28.31325,99.69879,99.69879,99.69879,99.69879,99.69879,99.69879,99.69879,99.69879,99.69879,99.69879,0,28.31325,99.69879,99.69879,99.69879,99.69879,99.69879,99.69879,0.3012048,99.69879,3.313253,0,0,28.31325,99.69879,99.69879,99.69879,99.69879,99.69879,99.69879,0.3012048,99.69879,3.313253
