0.9671848
2.414508
5.364421
14.55613
22.73575
22.79793
22.97755
22.72539
26.97409
33.3057
57.32988
86.63213
82.80138
94.44905
90.09326
93.19517
95.98273
95.82384
97.98273
96.54922
87.4266
90.45251
89.27461
88.64249
91.53023
87.45769
91.37133
87.924
87.76166
89.27461
89.75475
91.50259
89.85838
88.2418
88.39378
87.28152
87.61313
91.60967
88.68048
91.2677
87.76511
89.7582
87.92746
88.47323
89.88947
91.98273
92.22107
87.89637
90.23489
87.88947
89.85147
88.40414
90.74612
88.40069
89.36787
89.41278
89.53023
88.88083
90.05872
90.23834
87.76166
88.24525
87.28152
87.94473
89.42314
90.46287
91.91364
90.71848
87.60967
87.37479
90.34542
