0.3449275
0.4202898
0.515942
1.086957
2.513043
6.585507
16.06377
21.94493
26.9942
51.86377
53.44058
48.67246
48.85507
54.9942
72.09855
84.79131
93.0116
92.45797
91.4058
77.3913
81.05797
80.36812
78.84927
81.35072
76.30724
74.82029
76.90145
74.87247
79.77681
76.34782
74.81159
76.81159
75.24928
77.3971
74.84058
79.3884
77.02319
76.89565
78.31884
76.83768
75.91015
74.84058
76.8
74.88406
77.32464
76.42319
74.45797
73.83768
76.83189
74.88116
75.24638
78.0058
72.88116
75.78551
77.31014
77.24058
76.33624
74.42319
74.36232
76.7971
75.94203
76.86667
77.27246
77.0145
75.82319
77.31884
73.87536
74.82029
76.36812
76.83479
76.29565
