0.4845071
0.4056338
0.4338028
0.428169
0.4619718
0.7042254
1.087324
0.9633803
0.9690141
0.9746479
1.109859
0.9690141
0.9690141
1.138028
1.701409
2.861972
6.230986
8.946479
9.115493
9.109859
8.822536
9.098592
8.969014
8.946479
9.047887
8.952113
8.811268
9.329577
8.822536
8.997183
8.912676
8.884507
9.408451
10.23099
14.32676
24.58028
24.30986
24.83944
24.17465
24.63099
22.8169
23.1662
22.80563
22.64225
23.54366
23.6507
27.81409
35.29578
60.70422
78.53521
78.81126
78.67043
78.01127
78.51831
78.29296
78.53521
78.00563
80.3493
73.44225
73.70704
75.22817
75.80845
70.23662
75.64507
74.20282
75.62254
75.69578
75.10986
75.62254
