0.8493976
2.644578
7.879518
26.94578
27.04819
26.88554
26.87952
27.03012
26.88554
27.58434
25.86145
27.01205
32.1747
32.23494
34.41566
36.27108
38.90964
58.56627
91.13856
80.28915
78.77711
80.76506
82.20482
80.21085
76.95181
80.93374
80.21085
80.83132
80.75301
78.92168
80.21085
78.35542
78.27109
76.92771
80.90964
79.47591
79.34338
80.90964
76.22289
78.35542
79.01205
76.27711
82.20482
76.23494
77.31326
77.80723
76.92771
78.79518
80.21085
76.36144
82.27711
82.24097
80.21085
82.10241
80.78313
76.22289
78.77711
79.37952
78.75903
78.04217
78.21687
84.19879
78.22289
78.80723
78.71687
79.34338
79.63253
76.31326
80.21085
80.33735
78.79518
