0.3696028
0.7875648
1.336788
3.872193
5.492228
5.464594
5.423143
5.930915
5.892919
6.44905
8.60449
13.03627
23.6753
26.75302
34.24525
33.05354
33.79966
33.28843
33.29879
33.63385
33.29188
33.81693
33.21935
33.53368
33.89292
33.11226
33.67876
34.11744
34.00691
33.70639
35.44387
32.37651
33.71675
33.17789
33.5924
36.03454
38.12435
51.16062
91.08118
96.47668
92.80829
93.03281
94.95683
90.02073
88.42832
88.76684
88.26252
88.37305
88.42142
88.7323
88.50432
89.48532
87.89983
90.15199
90.05181
87.60276
89.37823
88.52159
90.24525
89.98964
90.22453
89.13989
91.65112
92
92.15199
89.7582
89.51986
89.63731
88.81174
