0
0
0
1.589286
1.589286
3.964286
6.035714
12.91071
15.28571
18.875
18.28572
15.39286
21.08928
17.17857
22.42857
20.96428
24.28572
20.64286
25.21428
20.53572
24.125
22.64286
22.44643
23.10714
23.33928
20.01786
19.76786
18.25
18.42857
20.33928
21.67857
19.91072
22.19643
20.30357
18.48214
23.39286
25.875
25.23214
23.875
19.55357
18.46428
18.53572
16.73214
21.60714
18.5
19.92857
20.28572
22.33928
20.25
22.75
26.07143
23.96428
22.53572
25.76786
18.69643
21.53572
20.26786
21.125
23.60714
21.94643
27.30357
23.73214
21.69643
23.28572
21.82143
27.67857
21.19643
22.42857
19.91072
