1.138554
3.656626
9.771085
32.22289
32.84337
30.75301
32.33133
33.57831
33.18675
31.15663
30.57229
30.55422
30.5241
30.5241
31.08434
30.5241
30.57229
31.22892
30.22892
30.11446
30.16867
30.11446
30.6506
30.26506
30.11446
30.24096
31.27108
32.16265
36.55422
54.45181
92.47591
91.83735
86.08434
86.80723
78.5
77.87952
79.13856
79.80723
78.90362
79.31927
78.04819
77.19277
77.97591
79.86747
78.44579
81.25301
77.28915
75.30121
75.29518
75.84338
73.85542
74.20482
74.27711
76.46988
75.85542
75.8735
75.45181
73.36144
74.06626
75.8494
74.59036
74
73.87952
75.29518
73.30723
74.01807
74.86747
76.01205
77.84338
