8.385542
76.61972
25.07246
8.80829
53.84615
8.457831
76.90141
25.36232
23.48877
53.57143
8.457831
72.76995
25.18116
22.98503
55.86081
8.457831
72.72301
25.19324
22.98503
59.70696
8.457831
72.72301
25.19324
22.98503
59.70696
9.746988
77.9108
25.39855
23.53195
61.26374
23.92771
89.46009
34.45652
24.05009
99.49634
23.92771
89.48357
36.89613
30.35406
99.47344
23.92771
89.48357
36.89613
30.35406
99.47344
23.92771
90.6338
30.71256
30.33967
99.47344
23.92771
90.6338
30.71256
30.33967
99.47344
23.92771
90.6338
30.71256
30.33967
99.47344
23.92771
90.6338
30.71256
30.33967
99.47344
23.92771
90.6338
30.71256
30.33967
99.47344
