4.034782
4.879102
8.218864
8.232932
7.699531
20.76522
8.462867
12.63736
3.915663
3.661972
18.27826
10.98158
19.45971
9.061245
8.685446
19.63768
11.02476
29.89927
15.31124
15.93897
20.89565
11.1255
54.25824
29.89458
32.86385
20.45797
23.6327
81.36447
36.99799
43.47418
47.0058
24.52504
99.72527
99.69879
99.71831
93.89855
24.52504
99.72527
99.69879
99.71831
93.86667
37.06102
99.67949
99.69879
98.52113
96.85217
37.07542
99.67949
99.69879
98.49765
91.73333
37.06102
99.67949
99.69879
98.47418
90.34782
37.06102
99.67949
99.69879
98.47418
94.37971
37.06102
99.67949
99.69879
98.47418
89.81739
37.06102
99.67949
99.69879
98.47418
