0,0,0,0.1449275,0,0,0.1449275,0,0,0,0,1.15942,22.02899,21.5942,0,0.1449275,0,0,0.1449275,0.1449275,0.1449275,0.1449275,0,0,0,0.1449275,22.02899,0.1449275,0,1.15942,22.02899,21.5942,0,0.1449275,21.5942,0.1449275,0.1449275,0,0,0.1449275,0.1449275,0,0,0,0,1.15942,0.1449275,21.5942,22.02899,21.5942
8.462867,8.462867,8.462867,8.462867,7.944732,7.944732,7.944732,0.1727116,0.1727116,0.1727116,0.1727116,0.1727116
12.63736,12.63736,12.63736,12.63736,12.63736,12.63736,12.63736,2.747253,1.923077,2.472528,1.923077,1.098901
3.915663,3.915663,3.915663,3.915663,27.71084,27.71084,27.71084,0,0,0,0,0
3.661972,3.661972,3.661972,3.661972,25.91549,25.91549,25.91549,0,0,0,0,0
2.318841,21.5942,0,1.014493,22.02899,22.02899,22.02899,22.02899,22.02899,22.02899,22.02899,22.02899,22.02899,22.02899,22.02899,22.02899,22.02899,22.02899,22.02899,22.02899,22.02899,22.02899,22.02899,22.02899,22.02899,22.02899,22.02899,22.02899,22.02899,22.02899,22.02899,22.02899,22.02899,22.02899,22.02899,22.02899,22.02899,22.02899,22.02899,22.02899,22.02899,22.02899,22.02899,22.02899,22.02899,22.02899,22.02899,22.02899,22.02899,22.02899
8.462867,8.462867,8.462867,8.462867,8.462867,8.462867,8.462867,8.462867,8.462867,8.462867,8.462867,8.462867
12.63736,12.63736,12.63736,12.63736,12.63736,12.63736,12.63736,12.63736,12.63736,12.63736,12.63736,12.63736
3.915663,3.915663,3.915663,3.915663,3.915663,3.915663,3.915663,3.915663,3.915663,3.915663,3.915663,3.915663
3.661972,3.661972,3.661972,3.661972,3.661972,3.661972,3.661972,3.661972,3.661972,3.661972,3.661972,3.661972
24.92754,24.63768,3.478261,21.44928,22.02899,22.02899,22.02899,22.02899,22.02899,22.02899,22.02899,22.02899,22.02899,22.02899,0.1449275,0,22.02899,22.02899,22.02899,22.02899,22.02899,22.02899,22.02899,0.1449275,21.44928,1.15942,22.02899,22.02899,22.02899,22.02899,22.02899,22.02899,22.02899,22.02899,22.02899,0.1449275,21.44928,1.15942,22.02899,22.02899,22.02899,22.02899,22.02899,22.02899,22.02899,22.02899,22.02899,0.1449275,21.44928,1.15942
23.31606,23.8342,8.462867,8.462867,8.462867,8.462867,8.462867,8.462867,8.462867,8.462867,8.462867,8.462867
53.02198,54.12088,12.63736,12.63736,12.63736,12.63736,12.63736,12.63736,12.63736,12.63736,12.63736,12.63736
34.93976,34.63855,3.915663,3.915663,3.915663,3.915663,3.915663,3.915663,3.915663,3.915663,3.915663,3.915663
33.80282,33.80282,3.661972,3.661972,3.661972,3.661972,3.661972,3.661972,3.661972,3.661972,3.661972,3.661972
24.92754,24.63768,1.15942,22.02899,0,22.02899,22.02899,22.02899,22.02899,22.02899,22.02899,22.02899,22.02899,22.02899,22.6087,0.1449275,22.02899,22.02899,22.02899,22.02899,22.02899,22.02899,22.02899,0.1449275,21.44928,24.49275,21.5942,22.02899,22.02899,22.02899,22.02899,22.02899,22.02899,22.02899,22.02899,0.1449275,21.44928,24.49275,21.5942,22.02899,22.02899,22.02899,22.02899,22.02899,22.02899,22.02899,22.02899,0.1449275,21.44928,24.49275
23.31606,23.8342,8.635578,8.635578,8.635578,8.462867,8.462867,8.462867,8.462867,8.462867,8.462867,8.462867
53.02198,54.12088,54.3956,54.3956,54.3956,12.63736,12.63736,12.63736,12.63736,12.63736,12.63736,12.63736
34.93976,34.63855,28.91566,28.91566,28.91566,3.915663,3.915663,3.915663,3.915663,3.915663,3.915663,3.915663
33.80282,33.80282,32.67606,32.67606,32.67606,3.661972,3.661972,3.661972,3.661972,3.661972,3.661972,3.661972
24.92754,24.63768,0,0.1449275,0,0,24.49275,24.49275,24.49275,24.49275,24.49275,24.49275,24.49275,24.49275,24.49275,24.49275,24.49275,24.49275,24.49275,24.49275,24.49275,24.49275,24.49275,0,21.44928,24.49275,24.49275,24.49275,24.49275,24.49275,24.49275,24.49275,24.49275,24.49275,24.49275,0,21.44928,24.49275,24.49275,24.49275,24.49275,24.49275,24.49275,24.49275,24.49275,24.49275,24.49275,0,21.44928,24.49275
23.31606,23.8342,8.635578,8.635578,8.635578,8.635578,8.635578,8.635578,8.635578,8.635578,8.635578,8.635578
53.02198,54.12088,54.3956,54.3956,54.3956,54.3956,54.3956,54.3956,54.3956,54.3956,54.3956,54.3956
34.93976,34.63855,28.91566,28.91566,28.91566,28.91566,28.91566,28.91566,28.91566,28.91566,28.91566,28.91566
33.80282,33.80282,32.67606,32.67606,32.67606,32.67606,32.67606,32.67606,32.67606,32.67606,32.67606,32.67606
0,25.65217,0,0.1449275,25.21739,24.78261,24.63768,24.63768,24.63768,24.63768,24.63768,24.63768,24.63768,0.1449275,3.478261,24.63768,24.63768,24.63768,24.63768,24.63768,24.63768,24.63768,24.63768,24.63768,24.63768,24.63768,24.63768,24.63768,24.63768,0.1449275,3.478261,24.63768,24.63768,24.63768,24.63768,24.63768,24.63768,24.63768,24.63768,24.63768,24.63768,24.63768,24.63768,24.63768,24.63768,0.1449275,3.478261,24.63768,24.63768,24.63768
23.66149,23.48877,23.48877,23.66149,23.66149,23.66149,23.66149,23.66149,23.66149,23.66149,23.66149,23.66149
99.45055,99.72527,52.74725,80.49451,80.49451,80.49451,80.49451,80.49451,80.49451,80.49451,80.49451,80.49451
45.78313,46.08434,34.93976,35.24096,35.24096,35.24096,35.24096,35.24096,35.24096,35.24096,35.24096,35.24096
99.43662,85.35211,32.67606,33.80282,33.80282,33.80282,33.80282,33.80282,33.80282,33.80282,33.80282,33.80282
99.85507,74.49275,99.85507,21.73913,73.91304,25.94203,25.94203,25.94203,25.94203,25.94203,25.94203,25.94203,99.85507,99.85507,99.85507,25.94203,25.94203,25.94203,25.94203,25.94203,25.94203,25.94203,25.94203,99.85507,25.94203,25.94203,25.94203,99.85507,99.85507,99.85507,25.94203,25.94203,25.94203,25.94203,25.94203,25.94203,25.94203,99.85507,25.94203,25.94203,25.94203,25.94203,25.94203,25.94203,99.85507,99.85507,25.94203,99.85507,25.94203,25.94203
24.52504,24.52504,24.52504,24.52504,24.52504,24.52504,24.52504,24.52504,24.52504,24.52504,24.52504,24.52504
99.72527,99.72527,99.72527,99.72527,99.72527,99.72527,99.72527,99.72527,99.72527,99.72527,99.72527,99.72527
99.69879,99.69879,99.69879,99.69879,99.69879,99.69879,99.69879,99.69879,99.69879,99.69879,99.69879,99.69879
99.71831,99.71831,99.71831,99.71831,99.71831,99.71831,99.71831,99.71831,99.71831,99.71831,99.71831,99.71831
99.85507,21.5942,99.85507,55.07246,24.78261,0.1449275,99.85507,99.85507,99.85507,99.85507,99.85507,99.85507,99.85507,99.85507,99.85507,99.85507,99.85507,99.85507,99.85507,99.85507,99.85507,99.85507,99.85507,99.85507,99.85507,99.85507,99.85507,99.85507,99.85507,99.85507,99.85507,99.85507,99.85507,99.85507,99.85507,99.85507,99.85507,99.85507,99.85507,99.85507,99.85507,99.85507,99.85507,99.85507,99.85507,99.85507,99.85507,99.85507,99.85507,99.85507
24.52504,24.52504,24.52504,24.52504,24.52504,24.52504,24.52504,24.52504,24.52504,24.52504,24.52504,24.52504
99.72527,99.72527,99.72527,99.72527,99.72527,99.72527,99.72527,99.72527,99.72527,99.72527,99.72527,99.72527
99.69879,99.69879,99.69879,99.69879,99.69879,99.69879,99.69879,99.69879,99.69879,99.69879,99.69879,99.69879
99.71831,99.71831,99.71831,99.71831,99.71831,99.71831,99.71831,99.71831,99.71831,99.71831,99.71831,99.71831
99.85507,99.85507,99.85507,0,99.85507,0,99.85507,99.85507,99.85507,99.85507,99.85507,99.85507,99.85507,99.85507,99.85507,0.1449275,99.85507,99.85507,99.85507,99.85507,99.85507,99.85507,99.85507,99.85507,99.85507,99.85507,99.85507,99.85507,99.85507,99.85507,99.85507,99.85507,99.85507,99.85507,99.85507,99.85507,99.85507,99.85507,99.85507,99.85507,99.85507,99.85507,99.85507,99.85507,99.85507,99.85507,99.85507,99.85507,99.85507,99.85507
24.52504,99.65458,24.52504,99.82729,24.52504,24.52504,24.52504,24.52504,24.52504,24.52504,24.52504,24.52504
99.72527,99.45055,99.72527,99.45055,99.72527,99.72527,99.72527,99.72527,99.72527,99.72527,99.72527,99.72527
99.69879,99.69879,99.69879,99.69879,99.69879,99.69879,99.69879,99.69879,99.69879,99.69879,99.69879,99.69879
99.71831,85.6338,99.71831,99.43662,99.71831,99.71831,99.71831,99.71831,99.71831,99.71831,99.71831,99.71831
99.85507,99.85507,99.85507,99.85507,99.85507,74.49275,99.85507,99.85507,99.85507,99.85507,99.85507,99.85507,99.85507,99.85507,25.7971,99.85507,99.85507,99.85507,99.85507,99.85507,99.85507,99.85507,99.85507,99.85507,99.85507,99.85507,74.49275,99.85507,99.85507,99.85507,99.85507,99.85507,99.85507,99.85507,99.85507,99.85507,99.85507,99.85507,74.49275,99.85507,99.85507,99.85507,99.85507,99.85507,99.85507,99.85507,99.85507,99.85507,99.85507,99.85507
24.52504,99.65458,24.52504,24.69775,99.82729,24.52504,24.52504,24.52504,24.52504,24.52504,24.52504,24.52504
99.72527,99.45055,99.72527,99.72527,99.45055,99.72527,99.72527,99.72527,99.72527,99.72527,99.72527,99.72527
99.69879,99.69879,99.69879,99.69879,99.69879,99.69879,99.69879,99.69879,99.69879,99.69879,99.69879,99.69879
99.71831,85.6338,99.71831,99.43662,99.43662,99.71831,99.71831,99.71831,99.71831,99.71831,99.71831,99.71831
99.85507,99.85507,99.85507,99.85507,99.85507,99.85507,99.85507,99.85507,99.85507,99.85507,99.85507,99.85507,25.7971,21.88406,0,74.2029,73.91304,99.85507,99.85507,99.85507,99.85507,99.85507,99.85507,99.85507,99.85507,99.85507,74.49275,99.85507,73.91304,99.85507,99.85507,99.85507,99.85507,99.85507,99.85507,99.85507,99.85507,99.85507,74.49275,99.85507,73.91304,99.85507,99.85507,99.85507,99.85507,99.85507,99.85507,99.85507,99.85507,99.85507
24.52504,99.65458,24.52504,24.69775,99.82729,24.35233,24.52504,24.52504,24.52504,24.52504,24.52504,24.52504
99.72527,99.45055,99.72527,99.72527,99.45055,99.72527,99.72527,99.72527,99.72527,99.72527,99.72527,99.72527
99.69879,99.69879,99.69879,99.69879,99.69879,99.69879,99.69879,99.69879,99.69879,99.69879,99.69879,99.69879
99.71831,85.6338,99.71831,99.43662,99.43662,99.43662,99.71831,99.71831,99.71831,99.71831,99.71831,99.71831
99.85507,99.85507,99.85507,99.85507,99.85507,99.85507,99.85507,99.85507,99.85507,99.85507,99.85507,99.85507,25.65217,1.15942,0,25.7971,73.91304,99.85507,99.85507,99.85507,99.85507,99.85507,99.85507,99.85507,99.85507,99.85507,74.49275,99.85507,73.91304,99.85507,99.85507,99.85507,99.85507,99.85507,99.85507,99.85507,99.85507,99.85507,74.49275,99.85507,73.91304,99.85507,99.85507,99.85507,99.85507,99.85507,99.85507,99.85507,99.85507,99.85507
24.52504,99.65458,24.52504,24.69775,99.82729,24.35233,24.52504,24.52504,24.52504,24.52504,24.52504,24.52504
99.72527,99.45055,99.72527,99.72527,99.45055,99.72527,99.72527,99.72527,99.72527,99.72527,99.72527,99.72527
99.69879,99.69879,99.69879,99.69879,99.69879,99.69879,99.69879,99.69879,99.69879,99.69879,99.69879,99.69879
99.71831,85.6338,99.71831,99.43662,99.43662,99.43662,99.71831,99.71831,99.71831,99.71831,99.71831,99.71831
99.85507,99.85507,99.85507,99.85507,99.85507,99.85507,99.85507,99.85507,99.85507,99.85507,99.85507,99.85507,54.78261,74.2029,99.85507,25.36232,73.91304,99.85507,99.85507,99.85507,99.85507,99.85507,99.85507,99.85507,99.85507,99.85507,74.49275,99.85507,73.91304,99.85507,99.85507,99.85507,99.85507,99.85507,99.85507,99.85507,99.85507,99.85507,74.49275,99.85507,73.91304,99.85507,99.85507,99.85507,99.85507,99.85507,99.85507,99.85507,99.85507,99.85507
24.52504,99.65458,24.52504,24.69775,99.82729,24.35233,24.52504,24.52504,24.52504,24.52504,24.52504,24.52504
99.72527,99.45055,99.72527,99.72527,99.45055,99.72527,99.72527,99.72527,99.72527,99.72527,99.72527,99.72527
99.69879,99.69879,99.69879,99.69879,99.69879,99.69879,99.69879,99.69879,99.69879,99.69879,99.69879,99.69879
99.71831,85.6338,99.71831,99.43662,99.43662,99.43662,99.71831,99.71831,99.71831,99.71831,99.71831,99.71831
99.85507,99.85507,99.85507,99.85507,99.85507,99.85507,99.85507,99.85507,99.85507,99.85507,99.85507,99.85507,1.014493,0,0.1449275,24.92754,73.91304,99.85507,99.85507,99.85507,99.85507,99.85507,99.85507,99.85507,99.85507,99.85507,74.49275,99.85507,73.91304,99.85507,99.85507,99.85507,99.85507,99.85507,99.85507,99.85507,99.85507,99.85507,74.49275,99.85507,73.91304,99.85507,99.85507,99.85507,99.85507,99.85507,99.85507,99.85507,99.85507,99.85507
24.52504,99.65458,24.52504,24.69775,99.82729,24.35233,24.52504,24.52504,24.52504,24.52504,24.52504,24.52504
99.72527,99.45055,99.72527,99.72527,99.45055,99.72527,99.72527,99.72527,99.72527,99.72527,99.72527,99.72527
99.69879,99.69879,99.69879,99.69879,99.69879,99.69879,99.69879,99.69879,99.69879,99.69879,99.69879,99.69879
99.71831,85.6338,99.71831,99.43662,99.43662,99.43662,99.71831,99.71831,99.71831,99.71831,99.71831,99.71831
