0,0,0,0.1449275,0,0.1449275,0.8695652,0,0,0,0,0,0,0,0.1449275,0,1.014493,0,0,0.2898551,0.1449275,0,0,0,0,0.1449275,22.02899,0,0,0,0,0,0,0,0,0,0,0,0,0,0,0,1.304348,0,0,0,0,0,0,0
0,0.1449275,0,0.7246377,0.1449275,1.014493,0,0,0,0,0,0,0,0,0.1449275,0,0,0,0.1449275,21.5942,0.1449275,0.1449275,0,0,0,0.1449275,22.02899,0.1449275,1.014493,0,0,0,0,0.1449275,21.5942,0.1449275,0,0,0,0.1449275,1.014493,0,1.304348,0,0,0,0.1449275,21.5942,0.1449275,0
0,0,0,0.1449275,0,0,0.1449275,0,0,0,0,1.15942,22.02899,21.5942,0,0.1449275,0,0,0.1449275,0.1449275,0.1449275,0.1449275,0,0,0,0.1449275,22.02899,0.1449275,0,1.15942,22.02899,21.5942,0,0.1449275,21.5942,0.1449275,0.1449275,0,0,0.1449275,0.1449275,0,0,0,0,1.15942,0.1449275,21.5942,22.02899,21.5942
0,0.1449275,0.1449275,0,21.5942,21.5942,0,0.1449275,0,0,0.2898551,1.15942,22.02899,22.02899,22.02899,22.02899,22.02899,21.5942,21.5942,0,0.1449275,0,0,0.2898551,1.15942,0.1449275,22.02899,0.1449275,22.02899,22.02899,22.02899,22.02899,22.02899,0.1449275,21.5942,0.1449275,0.1449275,21.5942,21.5942,0,0.1449275,0,0,0.2898551,1.15942,22.02899,22.02899,21.5942,22.02899,21.5942
0.4347826,0.1449275,0.1449275,0.1449275,22.02899,22.02899,22.02899,22.02899,22.02899,22.02899,22.02899,22.02899,22.02899,22.02899,22.02899,22.02899,22.02899,22.02899,22.02899,22.02899,22.02899,22.02899,22.02899,22.02899,22.02899,22.02899,22.02899,22.02899,22.02899,22.02899,22.02899,22.02899,22.02899,22.02899,22.02899,22.02899,22.02899,22.02899,22.02899,22.02899,22.02899,22.02899,22.02899,22.02899,22.02899,22.02899,22.02899,22.02899,22.02899,22.02899
0,0.1449275,2.028986,0.1449275,22.02899,22.02899,22.02899,22.02899,22.02899,22.02899,22.02899,22.02899,22.02899,22.02899,22.02899,22.02899,22.02899,22.02899,22.02899,22.02899,22.02899,22.02899,22.02899,22.02899,22.02899,22.02899,22.02899,22.02899,22.02899,22.02899,22.02899,22.02899,22.02899,22.02899,22.02899,22.02899,22.02899,22.02899,22.02899,22.02899,22.02899,22.02899,22.02899,22.02899,22.02899,22.02899,22.02899,22.02899,22.02899,22.02899
0.1449275,0,0.1449275,0.1449275,22.02899,22.02899,22.02899,22.02899,22.02899,22.02899,22.02899,22.02899,22.02899,22.02899,22.02899,22.02899,22.02899,22.02899,22.02899,22.02899,22.02899,22.02899,22.02899,22.02899,22.02899,22.02899,22.02899,22.02899,22.02899,22.02899,22.02899,22.02899,22.02899,22.02899,22.02899,22.02899,22.02899,22.02899,22.02899,22.02899,22.02899,22.02899,22.02899,22.02899,22.02899,22.02899,22.02899,22.02899,22.02899,22.02899
2.318841,21.5942,0,1.014493,22.02899,22.02899,22.02899,22.02899,22.02899,22.02899,22.02899,22.02899,22.02899,22.02899,22.02899,22.02899,22.02899,22.02899,22.02899,22.02899,22.02899,22.02899,22.02899,22.02899,22.02899,22.02899,22.02899,22.02899,22.02899,22.02899,22.02899,22.02899,22.02899,22.02899,22.02899,22.02899,22.02899,22.02899,22.02899,22.02899,22.02899,22.02899,22.02899,22.02899,22.02899,22.02899,22.02899,22.02899,22.02899,22.02899
0,0.7246377,0.1449275,0,22.02899,22.02899,22.02899,22.02899,22.02899,22.02899,22.02899,22.02899,22.02899,22.02899,22.02899,22.02899,22.02899,22.02899,22.02899,22.02899,22.02899,22.02899,22.02899,22.02899,22.02899,22.02899,22.02899,22.02899,22.02899,22.02899,22.02899,22.02899,22.02899,22.02899,22.02899,22.02899,22.02899,22.02899,22.02899,22.02899,22.02899,22.02899,22.02899,22.02899,22.02899,22.02899,22.02899,22.02899,22.02899,22.02899
21.30435,0,0.1449275,0,22.02899,22.02899,22.02899,22.02899,22.02899,22.02899,22.02899,22.02899,22.02899,22.02899,22.02899,22.02899,22.02899,22.02899,22.02899,22.02899,22.02899,22.02899,22.02899,22.02899,22.02899,22.02899,22.02899,22.02899,22.02899,22.02899,22.02899,22.02899,22.02899,22.02899,22.02899,22.02899,22.02899,22.02899,22.02899,22.02899,22.02899,22.02899,22.02899,22.02899,22.02899,22.02899,22.02899,22.02899,22.02899,22.02899
0,24.63768,0,0,22.02899,22.02899,22.02899,22.02899,22.02899,22.02899,22.02899,22.02899,22.02899,22.02899,22.02899,22.02899,22.02899,22.02899,22.02899,22.02899,22.02899,22.02899,22.02899,22.02899,22.02899,22.02899,22.02899,22.02899,22.02899,22.02899,22.02899,22.02899,22.02899,22.02899,22.02899,22.02899,22.02899,22.02899,22.02899,22.02899,22.02899,22.02899,22.02899,22.02899,22.02899,22.02899,22.02899,22.02899,22.02899,22.02899
24.92754,24.63768,0.1449275,0.1449275,22.02899,22.02899,22.02899,22.02899,22.02899,22.02899,22.02899,22.02899,22.02899,22.02899,22.02899,0.2898551,22.02899,22.02899,22.02899,22.02899,22.02899,22.02899,22.02899,21.44928,1.15942,22.02899,22.02899,22.02899,22.02899,22.02899,22.02899,22.02899,22.02899,22.02899,22.02899,21.44928,1.15942,22.02899,22.02899,22.02899,22.02899,22.02899,22.02899,22.02899,22.02899,22.02899,22.02899,21.44928,1.15942,22.02899
24.92754,24.63768,3.478261,21.44928,22.02899,22.02899,22.02899,22.02899,22.02899,22.02899,22.02899,22.02899,22.02899,22.02899,0.1449275,0,22.02899,22.02899,22.02899,22.02899,22.02899,22.02899,22.02899,0.1449275,21.44928,1.15942,22.02899,22.02899,22.02899,22.02899,22.02899,22.02899,22.02899,22.02899,22.02899,0.1449275,21.44928,1.15942,22.02899,22.02899,22.02899,22.02899,22.02899,22.02899,22.02899,22.02899,22.02899,0.1449275,21.44928,1.15942
24.92754,24.63768,0,0,22.02899,22.02899,22.02899,22.02899,22.02899,22.02899,22.02899,22.02899,22.02899,22.02899,0,7.246377,22.02899,22.02899,22.02899,22.02899,22.02899,22.02899,22.02899,0.1449275,21.44928,1.15942,22.02899,22.02899,22.02899,22.02899,22.02899,22.02899,22.02899,22.02899,22.02899,0.1449275,21.44928,1.15942,22.02899,22.02899,22.02899,22.02899,22.02899,22.02899,22.02899,22.02899,22.02899,0.1449275,21.44928,1.15942
24.92754,24.63768,0,0.1449275,22.02899,22.02899,22.02899,22.02899,22.02899,22.02899,22.02899,22.02899,22.02899,22.02899,11.01449,3.333333,22.02899,22.02899,22.02899,22.02899,22.02899,22.02899,22.02899,0.1449275,21.44928,1.15942,22.02899,22.02899,22.02899,22.02899,22.02899,22.02899,22.02899,22.02899,22.02899,0.1449275,21.44928,1.15942,22.02899,22.02899,22.02899,22.02899,22.02899,22.02899,22.02899,22.02899,22.02899,0.1449275,21.44928,1.15942
24.92754,24.63768,0.1449275,0.1449275,22.02899,22.02899,22.02899,22.02899,22.02899,22.02899,22.02899,22.02899,22.02899,22.02899,0.2898551,1.304348,22.02899,22.02899,22.02899,22.02899,22.02899,22.02899,22.02899,0.1449275,21.44928,1.15942,22.02899,22.02899,22.02899,22.02899,22.02899,22.02899,22.02899,22.02899,22.02899,0.1449275,21.44928,1.15942,22.02899,22.02899,22.02899,22.02899,22.02899,22.02899,22.02899,22.02899,22.02899,0.1449275,21.44928,1.15942
24.92754,24.63768,0.1449275,0.1449275,22.02899,22.02899,22.02899,22.02899,22.02899,22.02899,22.02899,22.02899,22.02899,22.02899,22.6087,0.1449275,22.02899,22.02899,22.02899,22.02899,22.02899,22.02899,22.02899,0.1449275,21.44928,1.15942,22.02899,22.02899,22.02899,22.02899,22.02899,22.02899,22.02899,22.02899,22.02899,0.1449275,21.44928,1.15942,22.02899,22.02899,22.02899,22.02899,22.02899,22.02899,22.02899,22.02899,22.02899,0.1449275,21.44928,1.15942
24.92754,24.63768,1.15942,22.02899,0,22.02899,22.02899,22.02899,22.02899,22.02899,22.02899,22.02899,22.02899,22.02899,22.6087,0.1449275,22.02899,22.02899,22.02899,22.02899,22.02899,22.02899,22.02899,0.1449275,21.44928,24.49275,21.5942,22.02899,22.02899,22.02899,22.02899,22.02899,22.02899,22.02899,22.02899,0.1449275,21.44928,24.49275,21.5942,22.02899,22.02899,22.02899,22.02899,22.02899,22.02899,22.02899,22.02899,0.1449275,21.44928,24.49275
24.92754,24.63768,0,11.30435,0.1449275,1.304348,1.15942,22.02899,22.02899,22.02899,22.02899,22.02899,22.02899,22.02899,22.02899,22.02899,22.02899,22.02899,22.02899,22.02899,0.1449275,21.44928,24.49275,24.49275,24.49275,24.49275,1.15942,22.02899,22.02899,22.02899,22.02899,22.02899,22.02899,0.1449275,21.44928,24.49275,24.49275,24.49275,24.49275,1.15942,22.02899,22.02899,22.02899,22.02899,22.02899,22.02899,0.1449275,21.44928,24.49275,24.49275
24.92754,24.63768,0,0,3.478261,0.1449275,24.49275,24.49275,24.49275,24.49275,24.49275,24.49275,24.49275,0,21.44928,24.49275,24.49275,24.49275,24.49275,24.49275,24.49275,24.49275,24.49275,24.49275,24.49275,24.49275,24.49275,24.49275,24.49275,0,21.44928,24.49275,24.49275,24.49275,24.49275,24.49275,24.49275,24.49275,24.49275,24.49275,24.49275,24.49275,24.49275,24.49275,24.49275,0,21.44928,24.49275,24.49275,24.49275
24.92754,24.63768,0.4347826,0.8695652,0,0,24.49275,24.49275,24.49275,24.49275,24.49275,24.49275,24.49275,24.49275,24.49275,24.49275,24.49275,24.49275,24.49275,24.49275,24.49275,24.49275,24.49275,0,21.44928,24.49275,24.49275,24.49275,24.49275,24.49275,24.49275,24.49275,24.49275,24.49275,24.49275,0,21.44928,24.49275,24.49275,24.49275,24.49275,24.49275,24.49275,24.49275,24.49275,24.49275,24.49275,0,21.44928,24.49275
24.92754,24.63768,23.04348,0,0,21.44928,24.49275,24.49275,24.49275,24.49275,24.49275,24.49275,24.49275,24.49275,24.49275,24.49275,24.49275,24.49275,24.49275,24.49275,24.49275,24.49275,24.49275,0,21.44928,24.49275,24.49275,24.49275,24.49275,24.49275,24.49275,24.49275,24.49275,24.49275,24.49275,0,21.44928,24.49275,24.49275,24.49275,24.49275,24.49275,24.49275,24.49275,24.49275,24.49275,24.49275,0,21.44928,24.49275
24.92754,24.63768,0,0.1449275,0,0,24.49275,24.49275,24.49275,24.49275,24.49275,24.49275,24.49275,24.49275,24.49275,24.49275,24.49275,24.49275,24.49275,24.49275,24.49275,24.49275,24.49275,0,21.44928,24.49275,24.49275,24.49275,24.49275,24.49275,24.49275,24.49275,24.49275,24.49275,24.49275,0,21.44928,24.49275,24.49275,24.49275,24.49275,24.49275,24.49275,24.49275,24.49275,24.49275,24.49275,0,21.44928,24.49275
24.92754,24.63768,3.043478,24.49275,0.1449275,3.478261,24.49275,24.49275,24.49275,24.49275,24.49275,24.49275,24.49275,24.49275,24.49275,24.49275,24.49275,24.49275,24.49275,24.49275,24.49275,24.49275,24.49275,0,21.44928,24.49275,24.49275,24.49275,24.49275,24.49275,24.49275,24.49275,24.49275,24.49275,24.49275,0,21.44928,24.49275,24.49275,24.49275,24.49275,24.49275,24.49275,24.49275,24.49275,24.49275,24.49275,0,21.44928,24.49275
24.92754,24.63768,0.1449275,24.49275,1.014493,24.78261,24.49275,24.49275,24.49275,24.49275,24.49275,24.49275,24.49275,24.49275,24.49275,22.02899,24.49275,24.49275,24.49275,24.49275,24.49275,24.49275,24.49275,0,21.44928,0,0,24.49275,24.49275,24.49275,24.49275,24.49275,24.49275,24.49275,24.49275,0,21.44928,0,0,24.49275,24.49275,24.49275,24.49275,24.49275,24.49275,24.49275,24.49275,0,21.44928,0
24.92754,0,0.1449275,24.49275,25.21739,24.78261,24.49275,24.49275,24.49275,24.49275,24.49275,24.49275,24.49275,24.49275,24.49275,12.31884,24.49275,24.49275,24.49275,24.49275,24.49275,24.49275,24.49275,0,0,24.63768,0,24.49275,24.49275,24.49275,24.49275,24.49275,24.49275,24.49275,24.49275,0,0,24.63768,0,24.49275,24.49275,24.49275,24.49275,24.49275,24.49275,24.49275,24.49275,0,0,24.63768
0.1449275,1.15942,0.1449275,24.92754,25.21739,24.78261,0,24.49275,24.49275,24.49275,24.49275,24.49275,24.49275,24.49275,24.49275,24.49275,24.49275,24.49275,24.49275,24.49275,0,3.478261,24.63768,24.63768,24.63768,24.63768,0,24.49275,24.49275,24.49275,24.49275,24.49275,24.49275,0,3.478261,24.63768,24.63768,24.63768,24.63768,0,24.49275,24.49275,24.49275,24.49275,24.49275,24.49275,0,3.478261,24.63768,24.63768
0,25.65217,0,0.1449275,25.21739,24.78261,24.63768,24.63768,24.63768,24.63768,24.63768,24.63768,24.63768,0.1449275,3.478261,24.63768,24.63768,24.63768,24.63768,24.63768,24.63768,24.63768,24.63768,24.63768,24.63768,24.63768,24.63768,24.63768,24.63768,0.1449275,3.478261,24.63768,24.63768,24.63768,24.63768,24.63768,24.63768,24.63768,24.63768,24.63768,24.63768,24.63768,24.63768,24.63768,24.63768,0.1449275,3.478261,24.63768,24.63768,24.63768
22.46377,25.65217,0.1449275,21.44928,25.21739,24.78261,24.63768,24.63768,24.63768,24.63768,24.63768,24.63768,24.63768,0,24.63768,24.63768,24.63768,24.63768,24.63768,24.63768,24.63768,24.63768,24.63768,1.304348,1.15942,3.478261,24.63768,24.63768,24.63768,24.63768,24.63768,24.63768,24.63768,24.63768,24.63768,1.304348,1.15942,3.478261,24.63768,24.63768,24.63768,24.63768,24.63768,24.63768,24.63768,24.63768,24.63768,1.304348,1.15942,3.478261
99.85507,25.65217,24.92754,25.07246,25.21739,24.78261,24.63768,24.63768,24.63768,24.63768,24.63768,24.63768,24.63768,0.1449275,24.63768,24.63768,24.63768,24.63768,24.63768,24.63768,24.63768,24.63768,24.63768,1.304348,1.15942,3.478261,24.63768,24.63768,24.63768,24.63768,24.63768,24.63768,24.63768,24.63768,24.63768,1.304348,1.15942,3.478261,24.63768,24.63768,24.63768,24.63768,24.63768,24.63768,24.63768,24.63768,24.63768,1.304348,1.15942,3.478261
99.85507,25.65217,0,25.21739,25.21739,24.78261,24.63768,24.63768,24.63768,24.63768,24.63768,24.63768,24.63768,0,24.63768,1.014493,24.63768,24.63768,24.63768,24.63768,24.63768,24.63768,24.63768,25.36232,25.94203,1.15942,3.478261,24.63768,24.63768,24.63768,24.63768,24.63768,24.63768,24.63768,24.63768,25.36232,25.94203,1.15942,3.478261,24.63768,24.63768,24.63768,24.63768,24.63768,24.63768,24.63768,24.63768,25.36232,25.94203,1.15942
99.85507,0,25.07246,0,25.65217,24.63768,24.63768,24.63768,24.63768,24.63768,24.63768,24.63768,24.63768,24.63768,24.63768,24.63768,24.63768,24.63768,24.63768,25.36232,25.94203,25.94203,25.94203,99.85507,25.94203,24.63768,24.63768,24.63768,24.63768,24.63768,24.63768,24.63768,25.36232,25.94203,25.94203,25.94203,25.94203,99.85507,24.63768,24.63768,24.63768,24.63768,24.63768,24.63768,24.63768,25.36232,25.94203,25.36232,25.94203,25.94203
99.85507,74.49275,99.85507,21.73913,73.91304,25.94203,25.94203,25.94203,25.94203,25.94203,25.94203,25.94203,99.85507,99.85507,99.85507,25.94203,25.94203,25.94203,25.94203,25.94203,25.94203,25.94203,25.94203,99.85507,25.94203,25.94203,25.94203,99.85507,99.85507,99.85507,25.94203,25.94203,25.94203,25.94203,25.94203,25.94203,25.94203,99.85507,25.94203,25.94203,25.94203,25.94203,25.94203,25.94203,99.85507,99.85507,25.94203,99.85507,25.94203,25.94203
99.85507,1.014493,99.85507,0.1449275,0,0,99.85507,99.85507,99.85507,99.85507,99.85507,99.85507,99.85507,99.85507,99.85507,99.85507,99.85507,99.85507,99.85507,99.85507,99.85507,99.85507,99.85507,99.85507,99.85507,99.85507,99.85507,99.85507,99.85507,99.85507,99.85507,99.85507,99.85507,99.85507,99.85507,99.85507,99.85507,99.85507,99.85507,99.85507,99.85507,99.85507,99.85507,99.85507,99.85507,99.85507,99.85507,99.85507,99.85507,99.85507
99.85507,25.07246,99.85507,54.78261,11.5942,0,99.85507,99.85507,99.85507,99.85507,99.85507,99.85507,99.85507,99.85507,99.85507,99.85507,99.85507,99.85507,99.85507,99.85507,99.85507,99.85507,99.85507,99.85507,99.85507,99.85507,99.85507,99.85507,99.85507,99.85507,99.85507,99.85507,99.85507,99.85507,99.85507,99.85507,99.85507,99.85507,99.85507,99.85507,99.85507,99.85507,99.85507,99.85507,99.85507,99.85507,99.85507,99.85507,99.85507,99.85507
99.85507,0,99.85507,26.23188,74.49275,0.1449275,99.85507,99.85507,99.85507,99.85507,99.85507,99.85507,99.85507,99.85507,99.85507,99.85507,99.85507,99.85507,99.85507,99.85507,99.85507,99.85507,99.85507,99.85507,99.85507,99.85507,99.85507,99.85507,99.85507,99.85507,99.85507,99.85507,99.85507,99.85507,99.85507,99.85507,99.85507,99.85507,99.85507,99.85507,99.85507,99.85507,99.85507,99.85507,99.85507,99.85507,99.85507,99.85507,99.85507,99.85507
99.85507,0.1449275,99.85507,0,74.63768,25.36232,99.85507,99.85507,99.85507,99.85507,99.85507,99.85507,99.85507,99.85507,99.85507,99.85507,99.85507,99.85507,99.85507,99.85507,99.85507,99.85507,99.85507,99.85507,99.85507,99.85507,99.85507,99.85507,99.85507,99.85507,99.85507,99.85507,99.85507,99.85507,99.85507,99.85507,99.85507,99.85507,99.85507,99.85507,99.85507,99.85507,99.85507,99.85507,99.85507,99.85507,99.85507,99.85507,99.85507,99.85507
99.85507,21.5942,99.85507,55.07246,24.78261,0.1449275,99.85507,99.85507,99.85507,99.85507,99.85507,99.85507,99.85507,99.85507,99.85507,99.85507,99.85507,99.85507,99.85507,99.85507,99.85507,99.85507,99.85507,99.85507,99.85507,99.85507,99.85507,99.85507,99.85507,99.85507,99.85507,99.85507,99.85507,99.85507,99.85507,99.85507,99.85507,99.85507,99.85507,99.85507,99.85507,99.85507,99.85507,99.85507,99.85507,99.85507,99.85507,99.85507,99.85507,99.85507
99.85507,0.1449275,99.85507,0,0,0,99.85507,99.85507,99.85507,99.85507,99.85507,99.85507,99.85507,99.85507,99.85507,99.85507,99.85507,99.85507,99.85507,99.85507,99.85507,99.85507,99.85507,99.85507,99.85507,99.85507,99.85507,99.85507,99.85507,99.85507,99.85507,99.85507,99.85507,99.85507,99.85507,99.85507,99.85507,99.85507,99.85507,99.85507,99.85507,99.85507,99.85507,99.85507,99.85507,99.85507,99.85507,99.85507,99.85507,99.85507
99.85507,99.85507,99.85507,25.65217,55.21739,25.21739,99.85507,99.85507,99.85507,99.85507,99.85507,99.85507,99.85507,99.85507,99.85507,99.85507,99.85507,99.85507,99.85507,99.85507,99.85507,99.85507,99.85507,99.85507,99.85507,99.85507,99.85507,99.85507,99.85507,99.85507,99.85507,99.85507,99.85507,99.85507,99.85507,99.85507,99.85507,99.85507,99.85507,99.85507,99.85507,99.85507,99.85507,99.85507,99.85507,99.85507,99.85507,99.85507,99.85507,99.85507
99.85507,99.85507,99.85507,25.07246,0.1449275,0,99.85507,99.85507,99.85507,99.85507,99.85507,99.85507,99.85507,99.85507,99.85507,0.8695652,99.85507,99.85507,99.85507,99.85507,99.85507,99.85507,99.85507,99.85507,99.85507,99.85507,99.85507,99.85507,99.85507,99.85507,99.85507,99.85507,99.85507,99.85507,99.85507,99.85507,99.85507,99.85507,99.85507,99.85507,99.85507,99.85507,99.85507,99.85507,99.85507,99.85507,99.85507,99.85507,99.85507,99.85507
99.85507,99.85507,99.85507,1.15942,99.85507,54.92754,99.85507,99.85507,99.85507,99.85507,99.85507,99.85507,99.85507,99.85507,99.85507,99.85507,99.85507,99.85507,99.85507,99.85507,99.85507,99.85507,99.85507,99.85507,99.85507,99.85507,99.85507,99.85507,99.85507,99.85507,99.85507,99.85507,99.85507,99.85507,99.85507,99.85507,99.85507,99.85507,99.85507,99.85507,99.85507,99.85507,99.85507,99.85507,99.85507,99.85507,99.85507,99.85507,99.85507,99.85507
99.85507,99.85507,99.85507,0,99.85507,0,99.85507,99.85507,99.85507,99.85507,99.85507,99.85507,99.85507,99.85507,99.85507,0.1449275,99.85507,99.85507,99.85507,99.85507,99.85507,99.85507,99.85507,99.85507,99.85507,99.85507,99.85507,99.85507,99.85507,99.85507,99.85507,99.85507,99.85507,99.85507,99.85507,99.85507,99.85507,99.85507,99.85507,99.85507,99.85507,99.85507,99.85507,99.85507,99.85507,99.85507,99.85507,99.85507,99.85507,99.85507
99.85507,99.85507,99.85507,0,99.85507,3.043478,99.85507,99.85507,99.85507,99.85507,99.85507,99.85507,99.85507,99.85507,99.85507,54.92754,99.85507,99.85507,99.85507,99.85507,99.85507,99.85507,99.85507,99.85507,99.85507,99.85507,99.85507,99.85507,99.85507,99.85507,99.85507,99.85507,99.85507,99.85507,99.85507,99.85507,99.85507,99.85507,99.85507,99.85507,99.85507,99.85507,99.85507,99.85507,99.85507,99.85507,99.85507,99.85507,99.85507,99.85507
99.85507,99.85507,99.85507,25.50725,99.85507,0.1449275,99.85507,99.85507,99.85507,99.85507,99.85507,99.85507,99.85507,99.85507,0,25.21739,99.85507,99.85507,99.85507,99.85507,99.85507,99.85507,99.85507,99.85507,99.85507,99.85507,99.85507,99.85507,99.85507,99.85507,99.85507,99.85507,99.85507,99.85507,99.85507,99.85507,99.85507,99.85507,99.85507,99.85507,99.85507,99.85507,99.85507,99.85507,99.85507,99.85507,99.85507,99.85507,99.85507,99.85507
99.85507,99.85507,99.85507,1.304348,99.85507,55.21739,99.85507,99.85507,99.85507,99.85507,99.85507,99.85507,99.85507,99.85507,74.2029,25.94203,99.85507,99.85507,99.85507,99.85507,99.85507,99.85507,99.85507,99.85507,99.85507,99.85507,99.85507,99.85507,99.85507,99.85507,99.85507,99.85507,99.85507,99.85507,99.85507,99.85507,99.85507,99.85507,99.85507,99.85507,99.85507,99.85507,99.85507,99.85507,99.85507,99.85507,99.85507,99.85507,99.85507,99.85507
99.85507,99.85507,99.85507,99.85507,99.85507,48.55072,99.85507,99.85507,99.85507,99.85507,99.85507,99.85507,99.85507,99.85507,0.1449275,74.2029,99.85507,99.85507,99.85507,99.85507,99.85507,99.85507,99.85507,99.85507,99.85507,99.85507,99.85507,99.85507,99.85507,99.85507,99.85507,99.85507,99.85507,99.85507,99.85507,99.85507,99.85507,99.85507,99.85507,99.85507,99.85507,99.85507,99.85507,99.85507,99.85507,99.85507,99.85507,99.85507,99.85507,99.85507
99.85507,99.85507,99.85507,99.85507,99.85507,74.49275,99.85507,99.85507,99.85507,99.85507,99.85507,99.85507,99.85507,99.85507,25.7971,99.85507,99.85507,99.85507,99.85507,99.85507,99.85507,99.85507,99.85507,99.85507,99.85507,99.85507,74.49275,99.85507,99.85507,99.85507,99.85507,99.85507,99.85507,99.85507,99.85507,99.85507,99.85507,99.85507,74.49275,99.85507,99.85507,99.85507,99.85507,99.85507,99.85507,99.85507,99.85507,99.85507,99.85507,99.85507
99.85507,99.85507,99.85507,99.85507,99.85507,0.1449275,99.85507,99.85507,99.85507,99.85507,99.85507,99.85507,99.85507,74.05797,0,25.50725,99.85507,99.85507,99.85507,99.85507,99.85507,99.85507,99.85507,99.85507,99.85507,99.85507,74.49275,99.85507,99.85507,99.85507,99.85507,99.85507,99.85507,99.85507,99.85507,99.85507,99.85507,99.85507,74.49275,99.85507,99.85507,99.85507,99.85507,99.85507,99.85507,99.85507,99.85507,99.85507,99.85507,99.85507
99.85507,99.85507,99.85507,99.85507,99.85507,74.05797,99.85507,99.85507,99.85507,99.85507,99.85507,99.85507,99.85507,55.50725,55.50725,1.15942,99.85507,99.85507,99.85507,99.85507,99.85507,99.85507,99.85507,99.85507,99.85507,99.85507,74.49275,99.85507,99.85507,99.85507,99.85507,99.85507,99.85507,99.85507,99.85507,99.85507,99.85507,99.85507,74.49275,99.85507,99.85507,99.85507,99.85507,99.85507,99.85507,99.85507,99.85507,99.85507,99.85507,99.85507
99.85507,99.85507,99.85507,99.85507,99.85507,99.85507,99.85507,99.85507,99.85507,99.85507,99.85507,99.85507,99.85507,0,0,1.15942,99.85507,99.85507,99.85507,99.85507,99.85507,99.85507,99.85507,99.85507,99.85507,99.85507,74.49275,99.85507,99.85507,99.85507,99.85507,99.85507,99.85507,99.85507,99.85507,99.85507,99.85507,99.85507,74.49275,99.85507,99.85507,99.85507,99.85507,99.85507,99.85507,99.85507,99.85507,99.85507,99.85507,99.85507
99.85507,99.85507,99.85507,99.85507,99.85507,99.85507,99.85507,99.85507,99.85507,99.85507,99.85507,99.85507,99.85507,99.85507,99.85507,0,73.91304,99.85507,99.85507,99.85507,99.85507,99.85507,99.85507,99.85507,99.85507,99.85507,74.49275,99.85507,73.91304,99.85507,99.85507,99.85507,99.85507,99.85507,99.85507,99.85507,99.85507,99.85507,74.49275,99.85507,73.91304,99.85507,99.85507,99.85507,99.85507,99.85507,99.85507,99.85507,99.85507,99.85507
99.85507,99.85507,99.85507,99.85507,99.85507,99.85507,99.85507,99.85507,99.85507,99.85507,99.85507,99.85507,25.7971,21.88406,0,74.2029,73.91304,99.85507,99.85507,99.85507,99.85507,99.85507,99.85507,99.85507,99.85507,99.85507,74.49275,99.85507,73.91304,99.85507,99.85507,99.85507,99.85507,99.85507,99.85507,99.85507,99.85507,99.85507,74.49275,99.85507,73.91304,99.85507,99.85507,99.85507,99.85507,99.85507,99.85507,99.85507,99.85507,99.85507
99.85507,99.85507,99.85507,99.85507,99.85507,99.85507,99.85507,99.85507,99.85507,99.85507,99.85507,99.85507,0,99.85507,1.304348,24.78261,73.91304,99.85507,99.85507,99.85507,99.85507,99.85507,99.85507,99.85507,99.85507,99.85507,74.49275,99.85507,73.91304,99.85507,99.85507,99.85507,99.85507,99.85507,99.85507,99.85507,99.85507,99.85507,74.49275,99.85507,73.91304,99.85507,99.85507,99.85507,99.85507,99.85507,99.85507,99.85507,99.85507,99.85507
99.85507,99.85507,99.85507,99.85507,99.85507,99.85507,99.85507,99.85507,99.85507,99.85507,99.85507,99.85507,25.21739,74.2029,54.78261,0.1449275,73.91304,99.85507,99.85507,99.85507,99.85507,99.85507,99.85507,99.85507,99.85507,99.85507,74.49275,99.85507,73.91304,99.85507,99.85507,99.85507,99.85507,99.85507,99.85507,99.85507,99.85507,99.85507,74.49275,99.85507,73.91304,99.85507,99.85507,99.85507,99.85507,99.85507,99.85507,99.85507,99.85507,99.85507
99.85507,99.85507,99.85507,99.85507,99.85507,99.85507,99.85507,99.85507,99.85507,99.85507,99.85507,99.85507,0.8695652,55.21739,25.94203,54.92754,73.91304,99.85507,99.85507,99.85507,99.85507,99.85507,99.85507,99.85507,99.85507,99.85507,74.49275,99.85507,73.91304,99.85507,99.85507,99.85507,99.85507,99.85507,99.85507,99.85507,99.85507,99.85507,74.49275,99.85507,73.91304,99.85507,99.85507,99.85507,99.85507,99.85507,99.85507,99.85507,99.85507,99.85507
99.85507,99.85507,99.85507,99.85507,99.85507,99.85507,99.85507,99.85507,99.85507,99.85507,99.85507,99.85507,25.36232,0,0.2898551,0,73.91304,99.85507,99.85507,99.85507,99.85507,99.85507,99.85507,99.85507,99.85507,99.85507,74.49275,99.85507,73.91304,99.85507,99.85507,99.85507,99.85507,99.85507,99.85507,99.85507,99.85507,99.85507,74.49275,99.85507,73.91304,99.85507,99.85507,99.85507,99.85507,99.85507,99.85507,99.85507,99.85507,99.85507
99.85507,99.85507,99.85507,99.85507,99.85507,99.85507,99.85507,99.85507,99.85507,99.85507,99.85507,99.85507,25.65217,1.15942,0,25.7971,73.91304,99.85507,99.85507,99.85507,99.85507,99.85507,99.85507,99.85507,99.85507,99.85507,74.49275,99.85507,73.91304,99.85507,99.85507,99.85507,99.85507,99.85507,99.85507,99.85507,99.85507,99.85507,74.49275,99.85507,73.91304,99.85507,99.85507,99.85507,99.85507,99.85507,99.85507,99.85507,99.85507,99.85507
99.85507,99.85507,99.85507,99.85507,99.85507,99.85507,99.85507,99.85507,99.85507,99.85507,99.85507,99.85507,25.50725,49.27536,0.1449275,55.21739,73.91304,99.85507,99.85507,99.85507,99.85507,99.85507,99.85507,99.85507,99.85507,99.85507,74.49275,99.85507,73.91304,99.85507,99.85507,99.85507,99.85507,99.85507,99.85507,99.85507,99.85507,99.85507,74.49275,99.85507,73.91304,99.85507,99.85507,99.85507,99.85507,99.85507,99.85507,99.85507,99.85507,99.85507
99.85507,99.85507,99.85507,99.85507,99.85507,99.85507,99.85507,99.85507,99.85507,99.85507,99.85507,99.85507,74.49275,0.1449275,0.1449275,0,73.91304,99.85507,99.85507,99.85507,99.85507,99.85507,99.85507,99.85507,99.85507,99.85507,74.49275,99.85507,73.91304,99.85507,99.85507,99.85507,99.85507,99.85507,99.85507,99.85507,99.85507,99.85507,74.49275,99.85507,73.91304,99.85507,99.85507,99.85507,99.85507,99.85507,99.85507,99.85507,99.85507,99.85507
99.85507,99.85507,99.85507,99.85507,99.85507,99.85507,99.85507,99.85507,99.85507,99.85507,99.85507,99.85507,0,21.73913,0.1449275,25.65217,73.91304,99.85507,99.85507,99.85507,99.85507,99.85507,99.85507,99.85507,99.85507,99.85507,74.49275,99.85507,73.91304,99.85507,99.85507,99.85507,99.85507,99.85507,99.85507,99.85507,99.85507,99.85507,74.49275,99.85507,73.91304,99.85507,99.85507,99.85507,99.85507,99.85507,99.85507,99.85507,99.85507,99.85507
99.85507,99.85507,99.85507,99.85507,99.85507,99.85507,99.85507,99.85507,99.85507,99.85507,99.85507,99.85507,26.08696,0.1449275,1.014493,0,73.91304,99.85507,99.85507,99.85507,99.85507,99.85507,99.85507,99.85507,99.85507,99.85507,74.49275,99.85507,73.91304,99.85507,99.85507,99.85507,99.85507,99.85507,99.85507,99.85507,99.85507,99.85507,74.49275,99.85507,73.91304,99.85507,99.85507,99.85507,99.85507,99.85507,99.85507,99.85507,99.85507,99.85507
99.85507,99.85507,99.85507,99.85507,99.85507,99.85507,99.85507,99.85507,99.85507,99.85507,99.85507,99.85507,54.78261,74.2029,99.85507,25.36232,73.91304,99.85507,99.85507,99.85507,99.85507,99.85507,99.85507,99.85507,99.85507,99.85507,74.49275,99.85507,73.91304,99.85507,99.85507,99.85507,99.85507,99.85507,99.85507,99.85507,99.85507,99.85507,74.49275,99.85507,73.91304,99.85507,99.85507,99.85507,99.85507,99.85507,99.85507,99.85507,99.85507,99.85507
99.85507,99.85507,99.85507,99.85507,99.85507,99.85507,99.85507,99.85507,99.85507,99.85507,99.85507,99.85507,25.07246,55.7971,0.1449275,55.07246,73.91304,99.85507,99.85507,99.85507,99.85507,99.85507,99.85507,99.85507,99.85507,99.85507,74.49275,99.85507,73.91304,99.85507,99.85507,99.85507,99.85507,99.85507,99.85507,99.85507,99.85507,99.85507,74.49275,99.85507,73.91304,99.85507,99.85507,99.85507,99.85507,99.85507,99.85507,99.85507,99.85507,99.85507
99.85507,99.85507,99.85507,99.85507,99.85507,99.85507,99.85507,99.85507,99.85507,99.85507,99.85507,99.85507,24.78261,0,55.07246,0,73.91304,99.85507,99.85507,99.85507,99.85507,99.85507,99.85507,99.85507,99.85507,99.85507,74.49275,99.85507,73.91304,99.85507,99.85507,99.85507,99.85507,99.85507,99.85507,99.85507,99.85507,99.85507,74.49275,99.85507,73.91304,99.85507,99.85507,99.85507,99.85507,99.85507,99.85507,99.85507,99.85507,99.85507
99.85507,99.85507,99.85507,99.85507,99.85507,99.85507,99.85507,99.85507,99.85507,99.85507,99.85507,99.85507,55.07246,25.07246,0,25.94203,73.91304,99.85507,99.85507,99.85507,99.85507,99.85507,99.85507,99.85507,99.85507,99.85507,74.49275,99.85507,73.91304,99.85507,99.85507,99.85507,99.85507,99.85507,99.85507,99.85507,99.85507,99.85507,74.49275,99.85507,73.91304,99.85507,99.85507,99.85507,99.85507,99.85507,99.85507,99.85507,99.85507,99.85507
99.85507,99.85507,99.85507,99.85507,99.85507,99.85507,99.85507,99.85507,99.85507,99.85507,99.85507,99.85507,1.014493,21.73913,99.85507,99.85507,73.91304,99.85507,99.85507,99.85507,99.85507,99.85507,99.85507,99.85507,99.85507,99.85507,74.49275,99.85507,73.91304,99.85507,99.85507,99.85507,99.85507,99.85507,99.85507,99.85507,99.85507,99.85507,74.49275,99.85507,73.91304,99.85507,99.85507,99.85507,99.85507,99.85507,99.85507,99.85507,99.85507,99.85507
99.85507,99.85507,99.85507,99.85507,99.85507,99.85507,99.85507,99.85507,99.85507,99.85507,99.85507,99.85507,1.014493,0,0.1449275,24.92754,73.91304,99.85507,99.85507,99.85507,99.85507,99.85507,99.85507,99.85507,99.85507,99.85507,74.49275,99.85507,73.91304,99.85507,99.85507,99.85507,99.85507,99.85507,99.85507,99.85507,99.85507,99.85507,74.49275,99.85507,73.91304,99.85507,99.85507,99.85507,99.85507,99.85507,99.85507,99.85507,99.85507,99.85507
99.85507,99.85507,99.85507,99.85507,99.85507,99.85507,99.85507,99.85507,99.85507,99.85507,99.85507,99.85507,0,99.85507,1.15942,0,73.91304,99.85507,99.85507,99.85507,99.85507,99.85507,99.85507,99.85507,99.85507,99.85507,74.49275,99.85507,73.91304,99.85507,99.85507,99.85507,99.85507,99.85507,99.85507,99.85507,99.85507,99.85507,74.49275,99.85507,73.91304,99.85507,99.85507,99.85507,99.85507,99.85507,99.85507,99.85507,99.85507,99.85507
