6.73913
3.655728
21.7033
7.304217
6.877934
25.25362
23.8342
72.32143
35.64257
69.29578
25.66425
23.84859
78.3196
45.58233
84.2723
74.0942
24.17962
99.70238
99.69879
99.71831
99.85507
43.45135
99.70238
99.69879
90.28169
99.85507
43.45135
99.70238
99.69879
90.28169
99.85507
43.45135
99.70238
99.69879
90.25822
99.85507
49.68336
99.70238
99.69879
91.38498
99.85507
55.94416
99.67949
99.69879
92.53521
99.85507
55.94416
99.67949
99.69879
92.53521
99.85507
55.94416
99.67949
99.69879
92.53521
99.85507
55.94416
99.67949
99.69879
92.53521
99.85507
55.94416
99.67949
99.69879
92.53521
99.85507
55.94416
99.67949
99.69879
92.53521
