0.2405797
1.382609
2.234783
3.913043
9.324637
20.46956
21.18261
24.44928
23.71014
22.68986
23.97971
24.75652
24.63188
26.46087
30.2087
45.35362
66.16521
71.24058
67.7942
78.30724
88.46667
94.44638
87.50725
87.93913
87.4058
88.86667
89.3913
88.48116
87.93913
88.36232
90.44348
88.21159
85.80579
90.68986
86.66376
84.15652
87.22319
86.27246
85.73044
85.96522
87.82319
87.23189
88.81739
89.43188
86.77681
86.76232
86.31014
86.15942
88.3942
89.73623
88.31014
87.81159
88.78841
85.22609
88.71014
86.90725
86.83768
88.73333
90.02898
86.33913
89.31304
90.70145
86.73623
85.22029
88.1971
89.21159
84.79131
89.28116
87.24928
