3.961539
6.78022
7.879121
12.28022
16.13736
21.01099
29.54396
63.97802
65.32967
64.98351
65.77473
59.98901
59.25824
58.93407
66.24725
87.58242
81.86813
81.19231
79.92308
83.43407
85.82967
72.15934
73.7967
75.28022
71.28022
70.39011
73.73077
72.46703
71.76923
71.62088
74.0989
74.98351
72.92857
70.16483
70.41209
72.17033
72.97802
71.56044
71.5
71.51099
72.40659
72.0989
69.93956
71.21429
72.14286
73.51099
69.92857
69.98901
75.01099
71.84615
71.5
69.97253
73.54395
71.74176
72.93956
70.44505
69.97253
70.39011
71.06593
71.51649
72.08242
73.65934
70.18132
69.95605
71.53297
70.34066
70.24176
71.95055
70.95605
