2.423077
8.39011
26.35714
69.68132
70.43407
70.25275
72.26373
73.54945
66.62088
83.78022
71.13187
62.58242
76.23627
72.17033
72.15934
66.54945
56.88462
56.37912
56.84066
55.10989
55.0989
57.17033
60.42857
49.53297
51.37912
55.62637
50.11538
51.56593
52
49.88462
50.47253
50.30769
51.2033
52.53297
49.03846
51
49.05495
53.58791
52.57692
50.97253
52.20879
50.93407
52.05495
53.73626
50.96703
51.10989
52.48901
54.90659
52.47253
49.57143
52.00549
51.78571
50.03846
49.50549
52.53846
52.96703
51.2967
51.00549
50.7967
53.3956
52.75824
53.04396
48.97253
52.30769
52.94505
52.3022
50.70879
50.20879
53.01099
52.10989
54.90659
