0.2747253,0.2747253,1.373626,0.2747253,0.8241758,0.2747253,53.84615,0.2747253,0.2747253,0.8241758,0.2747253,0.2747253,0.2747253,0.5494506,16.48352,0.2747253,0.2747253,0.5494506,0.2747253,0.2747253,0.5494506,0.2747253,0.2747253,0.2747253,0.2747253,0.2747253,0.5494506,0.8241758,0.5494506,3.296703,0.2747253,4.395605,5.21978,0.2747253,0.2747253,0.2747253,1.373626,0.2747253,0.2747253,0.5494506,0.2747253,3.296703,0.2747253,0.2747253,6.318681,0.2747253,0.2747253,11.26374,0.2747253,0.2747253
0.2747253,2.747253,1.373626,0.8241758,0.8241758,0.2747253,53.84615,1.373626,0.2747253,0.8241758,0.2747253,6.043956,0.2747253,0.2747253,16.48352,11.26374,1.923077,2.472528,75.54945,0.5494506,3.296703,1.373626,0.2747253,0.2747253,6.043956,0.2747253,0.2747253,11.26374,1.923077,3.296703,2.472528,4.395605,5.21978,75.54945,0.5494506,3.296703,1.373626,1.373626,0.2747253,0.2747253,6.043956,3.296703,0.2747253,0.2747253,6.318681,11.26374,1.923077,11.26374,2.472528,75.54945
75.54945,52.74725,0.5494506,51.64835,76.0989,11.26374,53.84615,11.26374,0.2747253,0.5494506,0.2747253,6.043956,6.043956,0.2747253,16.48352,11.26374,75.54945,75.54945,75.54945,0.2747253,2.472528,76.0989,11.26374,11.26374,6.043956,0.2747253,0.5494506,11.26374,0.2747253,6.043956,0.2747253,75.54945,75.54945,75.54945,0.2747253,2.472528,76.0989,11.26374,11.26374,0.2747253,0.5494506,0.2747253,6.043956,0.2747253,6.318681,11.26374,75.54945,11.26374,75.54945,75.54945
75.54945,0.8241758,0.8241758,0.2747253,76.0989,0.2747253,75.54945,75.54945,75.54945,75.54945,75.54945,75.54945,75.54945,76.0989,76.0989,76.0989,75.54945,75.54945,75.54945,75.82417,75.27473,76.0989,75.54945,75.54945,75.54945,75.54945,75.54945,75.54945,75.54945,76.0989,76.0989,75.54945,75.54945,75.54945,76.0989,75.82417,76.0989,75.27473,75.54945,75.54945,75.54945,75.54945,75.54945,75.54945,75.54945,76.0989,75.54945,76.0989,75.54945,76.0989
1.923077,2.197802,16.48352,0.5494506,76.0989,76.0989,76.0989,76.0989,76.0989,76.0989,76.0989,76.0989,76.0989,76.0989,76.0989,76.0989,76.0989,76.0989,76.0989,76.0989,76.0989,76.0989,76.0989,76.0989,76.0989,76.0989,76.0989,76.0989,76.0989,76.0989,76.0989,76.0989,76.0989,76.0989,76.0989,76.0989,76.0989,76.0989,76.0989,76.0989,76.0989,76.0989,76.0989,76.0989,76.0989,76.0989,76.0989,76.0989,76.0989,76.0989
0.5494506,10.71429,0.2747253,0.5494506,76.0989,76.0989,76.0989,76.0989,76.0989,76.0989,76.0989,76.0989,76.0989,76.0989,76.0989,76.0989,76.0989,76.0989,76.0989,76.0989,76.0989,76.0989,76.0989,76.0989,76.0989,76.0989,76.0989,76.0989,76.0989,76.0989,76.0989,76.0989,76.0989,76.0989,76.0989,76.0989,76.0989,76.0989,76.0989,76.0989,76.0989,76.0989,76.0989,76.0989,76.0989,76.0989,76.0989,76.0989,76.0989,76.0989
0.5494506,10.98901,99.72527,1.373626,76.0989,76.0989,76.0989,76.0989,76.0989,76.0989,76.0989,76.0989,76.0989,76.0989,76.0989,76.0989,76.0989,76.0989,76.0989,76.0989,76.0989,76.0989,76.0989,76.0989,76.0989,76.0989,76.0989,76.0989,76.0989,76.0989,76.0989,76.0989,76.0989,76.0989,76.0989,76.0989,76.0989,76.0989,76.0989,76.0989,76.0989,76.0989,76.0989,76.0989,76.0989,76.0989,76.0989,76.0989,76.0989,76.0989
99.72527,99.72527,99.72527,75.54945,76.0989,76.0989,76.0989,76.0989,76.0989,76.0989,76.0989,76.0989,76.0989,76.0989,76.0989,0.2747253,76.0989,76.0989,76.0989,76.0989,76.0989,76.0989,76.0989,12.08791,99.45055,76.0989,76.0989,76.0989,76.0989,76.0989,76.0989,76.0989,76.0989,76.0989,76.0989,12.08791,99.45055,76.0989,76.0989,76.0989,76.0989,76.0989,76.0989,76.0989,76.0989,76.0989,76.0989,12.08791,99.45055,76.0989
99.72527,99.72527,99.72527,99.45055,76.0989,76.0989,76.0989,76.0989,76.0989,76.0989,0.5494506,0.2747253,1.923077,99.45055,99.45055,76.0989,76.0989,76.0989,76.0989,76.0989,0.5494506,0.2747253,12.08791,99.45055,99.45055,99.45055,99.45055,99.45055,76.0989,76.0989,76.0989,76.0989,76.0989,0.5494506,0.2747253,12.08791,99.45055,99.45055,99.45055,99.45055,99.45055,76.0989,76.0989,76.0989,76.0989,76.0989,0.5494506,0.2747253,99.45055,12.08791
99.72527,99.72527,99.72527,99.45055,99.45055,53.84615,99.72527,99.45055,99.45055,99.45055,99.45055,99.45055,99.45055,99.45055,99.45055,99.45055,99.45055,0.8241758,0.2747253,12.08791,53.2967,75.54945,99.45055,99.45055,99.45055,99.45055,99.45055,99.45055,99.45055,99.45055,99.45055,99.45055,99.45055,99.45055,0.8241758,0.2747253,99.45055,99.45055,99.45055,99.45055,99.45055,99.45055,99.45055,99.45055,99.45055,99.45055,99.45055,0.8241758,99.45055,12.08791
99.72527,99.72527,99.72527,99.45055,99.45055,0.8241758,99.72527,99.45055,99.45055,99.45055,99.45055,99.45055,99.45055,53.02198,99.45055,0.2747253,99.45055,12.36264,1.373626,99.45055,99.45055,99.45055,99.45055,0.8241758,99.45055,99.45055,99.45055,99.45055,99.45055,12.36264,1.373626,99.45055,99.45055,99.45055,99.45055,0.8241758,99.45055,12.08791,99.72527,51.64835,99.45055,12.36264,1.373626,99.45055,99.45055,99.45055,99.45055,0.8241758,0.2747253,12.08791
99.72527,99.72527,99.72527,99.45055,99.45055,0.2747253,99.72527,99.45055,99.45055,99.45055,99.45055,99.45055,1.373626,0.2747253,99.45055,53.2967,99.45055,12.36264,1.373626,99.45055,99.45055,99.45055,0.8241758,0.2747253,12.08791,99.72527,99.72527,53.2967,99.45055,12.36264,1.373626,99.45055,99.45055,99.45055,0.8241758,0.2747253,12.08791,99.72527,99.72527,99.72527,53.2967,99.45055,12.36264,1.373626,99.45055,99.45055,99.45055,0.8241758,0.2747253,12.08791
99.72527,99.72527,99.72527,99.45055,99.45055,13.73626,99.72527,99.45055,99.72527,0.2747253,80.76923,99.72527,99.72527,99.72527,99.72527,51.64835,99.45055,12.36264,99.45055,0.2747253,12.08791,99.72527,99.72527,99.72527,99.72527,99.72527,99.72527,99.72527,99.72527,51.64835,99.45055,12.36264,99.45055,0.2747253,12.08791,99.72527,99.72527,99.72527,99.72527,99.72527,99.72527,99.72527,99.72527,99.72527,51.64835,99.45055,12.36264,99.45055,0.2747253,12.08791
99.72527,99.72527,99.72527,99.45055,0.2747253,77.1978,99.72527,0.5494506,99.72527,0.2747253,99.72527,99.72527,99.72527,99.72527,99.72527,99.72527,99.72527,99.72527,99.72527,99.72527,0.8241758,99.72527,99.72527,99.72527,0.2747253,12.08791,99.72527,99.72527,0.2747253,99.72527,99.72527,99.72527,99.72527,99.72527,99.72527,0.8241758,0.2747253,12.08791,99.72527,99.72527,0.2747253,99.72527,99.72527,99.72527,99.72527,99.72527,99.72527,0.8241758,0.2747253,12.08791
99.72527,99.72527,99.72527,52.1978,12.08791,12.91209,99.72527,99.72527,99.72527,0.2747253,99.72527,99.72527,99.72527,99.72527,99.72527,99.72527,99.72527,99.72527,99.72527,99.72527,99.72527,99.72527,99.72527,0.8241758,0.2747253,12.08791,99.72527,99.72527,0.2747253,99.72527,99.72527,99.72527,99.72527,99.72527,99.72527,0.8241758,0.2747253,12.08791,99.72527,99.72527,0.2747253,99.72527,99.72527,99.72527,99.72527,99.72527,99.72527,0.8241758,0.2747253,12.08791
99.72527,99.72527,99.72527,75.82417,99.72527,12.91209,99.72527,99.72527,99.72527,1.373626,99.72527,99.72527,99.72527,99.72527,99.72527,99.72527,0.8241758,0.2747253,99.72527,99.72527,99.72527,99.72527,99.72527,1.923077,0.2747253,12.08791,99.72527,99.72527,0.8241758,0.2747253,99.72527,99.72527,99.72527,99.72527,99.72527,1.923077,0.2747253,12.08791,99.72527,99.72527,0.8241758,0.2747253,99.72527,99.72527,99.72527,99.72527,99.72527,1.923077,0.2747253,12.08791
99.72527,99.72527,99.72527,0.2747253,99.72527,0.2747253,99.72527,99.72527,99.72527,99.45055,99.72527,99.72527,99.72527,99.72527,99.72527,2.747253,99.72527,0.8241758,0.2747253,99.72527,99.72527,99.72527,99.72527,0.8241758,0.2747253,12.08791,0.5494506,2.472528,99.72527,0.8241758,0.2747253,99.72527,99.72527,99.72527,99.72527,0.8241758,0.2747253,12.08791,0.5494506,2.472528,99.72527,0.8241758,0.2747253,99.72527,99.72527,99.72527,99.72527,0.8241758,0.2747253,12.08791
99.72527,99.72527,99.72527,0.2747253,99.72527,0.2747253,99.72527,99.72527,99.72527,76.37363,99.72527,99.72527,99.72527,99.72527,99.72527,0.5494506,99.72527,0.8241758,0.2747253,99.72527,99.72527,99.72527,99.72527,0.8241758,0.2747253,12.08791,0.5494506,2.472528,99.72527,0.8241758,0.2747253,99.72527,99.72527,99.72527,99.72527,0.8241758,0.2747253,12.08791,0.5494506,2.472528,99.72527,0.8241758,0.2747253,99.72527,99.72527,99.72527,99.72527,0.8241758,0.2747253,12.08791
99.72527,99.72527,99.72527,0.2747253,99.72527,0.2747253,99.72527,99.72527,99.72527,99.45055,99.72527,99.72527,99.72527,99.72527,99.72527,0.5494506,99.72527,0.8241758,0.2747253,99.72527,99.72527,99.72527,99.72527,0.8241758,0.2747253,12.08791,0.5494506,2.472528,99.72527,0.8241758,0.2747253,99.72527,99.72527,99.72527,99.72527,0.8241758,0.2747253,12.08791,0.5494506,2.472528,99.72527,0.8241758,0.2747253,99.72527,99.72527,99.72527,99.72527,0.8241758,0.2747253,12.08791
99.72527,99.72527,99.72527,12.36264,99.72527,0.5494506,99.72527,99.72527,99.72527,0.8241758,99.72527,99.72527,99.72527,99.72527,99.72527,0.2747253,99.72527,0.8241758,0.2747253,99.72527,99.72527,99.72527,99.72527,0.8241758,0.2747253,12.08791,0.5494506,2.472528,99.72527,0.8241758,0.2747253,99.72527,99.72527,99.72527,99.72527,0.8241758,0.2747253,12.08791,0.5494506,2.472528,99.72527,0.8241758,0.2747253,99.72527,99.72527,99.72527,99.72527,0.8241758,0.2747253,12.08791
99.72527,99.72527,99.72527,11.53846,99.72527,0.8241758,99.72527,99.72527,99.72527,0.8241758,99.72527,99.72527,99.72527,99.72527,99.72527,0.2747253,99.72527,0.8241758,0.2747253,99.72527,99.72527,99.72527,99.72527,0.8241758,0.2747253,12.08791,0.5494506,2.472528,99.72527,0.8241758,0.2747253,99.72527,99.72527,99.72527,99.72527,0.8241758,0.2747253,12.08791,0.5494506,2.472528,99.72527,0.8241758,0.2747253,99.72527,99.72527,99.72527,99.72527,0.8241758,0.2747253,12.08791
99.72527,99.72527,99.72527,99.45055,99.72527,0.5494506,99.72527,99.72527,99.72527,0.5494506,99.72527,99.72527,99.72527,99.72527,99.72527,16.48352,99.72527,0.8241758,0.2747253,99.72527,99.72527,99.72527,99.72527,0.8241758,0.2747253,12.08791,0.5494506,2.472528,99.72527,0.8241758,0.2747253,99.72527,99.72527,99.72527,99.72527,0.8241758,0.2747253,12.08791,0.5494506,2.472528,99.72527,0.8241758,0.2747253,99.72527,99.72527,99.72527,99.72527,0.8241758,0.2747253,12.08791
99.72527,99.72527,99.72527,99.72527,99.72527,0.5494506,99.72527,99.72527,99.72527,99.72527,99.72527,99.72527,99.72527,99.72527,99.72527,79.94505,99.72527,0.8241758,0.2747253,99.72527,99.72527,99.72527,99.72527,0.8241758,0.2747253,12.08791,0.5494506,2.472528,99.72527,0.8241758,0.2747253,99.72527,99.72527,99.72527,99.72527,0.8241758,0.2747253,12.08791,0.5494506,2.472528,99.72527,0.8241758,0.2747253,99.72527,99.72527,99.72527,99.72527,0.8241758,0.2747253,12.08791
99.72527,99.72527,99.72527,99.72527,99.72527,11.53846,99.72527,99.72527,99.72527,99.72527,99.72527,99.72527,99.72527,0.2747253,12.36264,0.5494506,2.472528,99.72527,0.8241758,0.2747253,99.72527,99.72527,99.72527,1.923077,0.2747253,12.08791,0.5494506,1.923077,2.472528,99.72527,0.8241758,0.2747253,99.72527,99.72527,99.72527,1.923077,0.2747253,12.08791,0.5494506,1.923077,2.472528,99.72527,0.8241758,0.2747253,99.72527,99.72527,99.72527,1.923077,0.2747253,12.08791
99.72527,99.72527,99.72527,99.72527,99.72527,16.20879,99.72527,99.72527,99.72527,99.72527,99.72527,99.72527,99.72527,0.8241758,99.72527,0.2747253,2.472528,99.72527,0.8241758,0.2747253,99.72527,99.72527,99.72527,1.923077,0.2747253,12.08791,0.5494506,1.923077,2.472528,99.72527,0.8241758,0.2747253,99.72527,99.72527,99.72527,1.923077,0.2747253,12.08791,0.5494506,1.923077,2.472528,99.72527,0.8241758,0.2747253,99.72527,99.72527,99.72527,1.923077,0.2747253,12.08791
99.72527,99.72527,99.72527,99.72527,99.72527,99.72527,99.72527,99.72527,99.72527,99.72527,99.72527,99.72527,99.72527,53.57143,76.37363,99.72527,2.472528,99.72527,0.8241758,0.2747253,99.72527,99.72527,99.72527,1.923077,0.2747253,12.08791,0.5494506,1.923077,2.472528,99.72527,0.8241758,0.2747253,99.72527,99.72527,99.72527,1.923077,0.2747253,12.08791,0.5494506,1.923077,2.472528,99.72527,0.8241758,0.2747253,99.72527,99.72527,99.72527,1.923077,0.2747253,12.08791
99.72527,99.72527,99.72527,99.72527,99.72527,99.72527,99.72527,99.72527,99.72527,99.72527,99.72527,99.72527,2.747253,4.120879,51.92308,0.8241758,1.923077,99.45055,99.72527,0.8241758,0.2747253,99.72527,99.72527,0.8241758,0.2747253,12.08791,0.5494506,1.923077,1.923077,99.45055,99.72527,0.8241758,0.2747253,99.72527,99.72527,0.8241758,0.2747253,12.08791,0.5494506,1.923077,1.923077,99.45055,99.72527,0.8241758,0.2747253,99.72527,99.72527,0.8241758,0.2747253,12.08791
99.72527,99.72527,99.72527,99.72527,99.72527,99.72527,99.72527,99.72527,99.72527,99.72527,99.72527,99.72527,76.0989,2.747253,53.02198,0.2747253,1.923077,99.45055,99.72527,0.8241758,0.2747253,99.72527,99.72527,0.8241758,0.2747253,12.08791,0.5494506,1.923077,1.923077,99.45055,99.72527,0.8241758,0.2747253,99.72527,99.72527,0.8241758,0.2747253,12.08791,0.5494506,1.923077,1.923077,99.45055,99.72527,0.8241758,0.2747253,99.72527,99.72527,0.8241758,0.2747253,12.08791
99.72527,99.72527,99.72527,99.72527,99.72527,99.72527,99.72527,99.72527,99.72527,99.72527,99.72527,99.72527,0.5494506,0.5494506,53.02198,99.72527,1.923077,99.45055,99.72527,0.8241758,0.2747253,99.72527,99.72527,0.8241758,0.2747253,12.08791,0.5494506,1.923077,1.923077,99.45055,99.72527,0.8241758,0.2747253,99.72527,99.72527,0.8241758,0.2747253,12.08791,0.5494506,1.923077,1.923077,99.45055,99.72527,0.8241758,0.2747253,99.72527,99.72527,0.8241758,0.2747253,12.08791
99.72527,99.72527,99.72527,99.72527,99.72527,99.72527,99.72527,99.72527,99.72527,99.72527,99.72527,99.72527,11.81319,11.53846,12.63736,12.08791,1.923077,99.45055,99.72527,0.8241758,0.2747253,99.72527,99.72527,0.8241758,0.2747253,12.08791,0.5494506,1.923077,1.923077,99.45055,99.72527,0.8241758,0.2747253,99.72527,99.72527,0.8241758,0.2747253,12.08791,0.5494506,1.923077,1.923077,99.45055,99.72527,0.8241758,0.2747253,99.72527,99.72527,0.8241758,0.2747253,12.08791
99.72527,99.72527,99.72527,99.72527,99.72527,99.72527,99.72527,99.72527,99.72527,99.72527,99.72527,99.72527,0.2747253,0.8241758,0.5494506,75.82417,1.923077,99.45055,99.72527,0.8241758,0.2747253,99.72527,99.72527,0.8241758,0.2747253,12.08791,0.5494506,1.923077,1.923077,99.45055,99.72527,0.8241758,0.2747253,99.72527,99.72527,0.8241758,0.2747253,12.08791,0.5494506,1.923077,1.923077,99.45055,99.72527,0.8241758,0.2747253,99.72527,99.72527,0.8241758,0.2747253,12.08791
99.72527,99.72527,99.72527,99.72527,99.72527,99.72527,99.72527,99.72527,99.72527,99.72527,99.72527,99.72527,12.36264,0.2747253,54.67033,1.923077,1.923077,99.45055,99.72527,0.8241758,0.2747253,99.72527,99.72527,0.8241758,0.2747253,12.08791,0.5494506,1.923077,1.923077,99.45055,99.72527,0.8241758,0.2747253,99.72527,99.72527,0.8241758,0.2747253,12.08791,0.5494506,1.923077,1.923077,99.45055,99.72527,0.8241758,0.2747253,99.72527,99.72527,0.8241758,0.2747253,12.08791
99.72527,99.72527,99.72527,99.72527,99.72527,99.72527,99.72527,99.72527,99.72527,99.72527,99.72527,99.72527,1.923077,12.08791,99.72527,0.2747253,1.923077,99.45055,99.72527,0.8241758,0.2747253,99.72527,99.72527,0.8241758,0.2747253,12.08791,0.5494506,1.923077,1.923077,99.45055,99.72527,0.8241758,0.2747253,99.72527,99.72527,0.8241758,0.2747253,12.08791,0.5494506,1.923077,1.923077,99.45055,99.72527,0.8241758,0.2747253,99.72527,99.72527,0.8241758,0.2747253,12.08791
99.72527,99.72527,99.72527,99.72527,99.72527,99.72527,99.72527,99.72527,99.72527,99.72527,99.72527,99.72527,99.72527,0.8241758,0.5494506,79.39561,1.923077,99.45055,99.72527,0.8241758,0.2747253,99.72527,99.72527,0.8241758,0.2747253,12.08791,0.5494506,1.923077,1.923077,99.45055,99.72527,0.8241758,0.2747253,99.72527,99.72527,0.8241758,0.2747253,12.08791,0.5494506,1.923077,1.923077,99.45055,99.72527,0.8241758,0.2747253,99.72527,99.72527,0.8241758,0.2747253,12.08791
99.72527,99.72527,99.72527,99.72527,99.72527,99.72527,99.72527,99.72527,99.72527,99.72527,99.72527,99.72527,3.296703,0.2747253,1.373626,0.8241758,1.923077,99.45055,99.72527,0.8241758,0.2747253,99.72527,99.72527,0.8241758,0.2747253,12.08791,0.5494506,1.923077,1.923077,99.45055,99.72527,0.8241758,0.2747253,99.72527,99.72527,0.8241758,0.2747253,12.08791,0.5494506,1.923077,1.923077,99.45055,99.72527,0.8241758,0.2747253,99.72527,99.72527,0.8241758,0.2747253,12.08791
99.72527,99.72527,99.72527,99.72527,99.72527,99.72527,99.72527,99.72527,99.72527,99.72527,99.72527,99.72527,99.72527,0.5494506,0.8241758,2.747253,1.923077,99.45055,99.72527,0.8241758,0.2747253,99.72527,99.72527,0.8241758,0.2747253,12.08791,0.5494506,1.923077,1.923077,99.45055,99.72527,0.8241758,0.2747253,99.72527,99.72527,0.8241758,0.2747253,12.08791,0.5494506,1.923077,1.923077,99.45055,99.72527,0.8241758,0.2747253,99.72527,99.72527,0.8241758,0.2747253,12.08791
99.72527,99.72527,99.72527,99.72527,99.72527,99.72527,99.72527,99.72527,99.72527,99.72527,99.72527,99.72527,2.472528,0.5494506,2.472528,1.098901,1.923077,99.45055,99.72527,0.8241758,0.2747253,99.72527,99.72527,0.8241758,0.2747253,12.08791,0.5494506,1.923077,1.923077,99.45055,99.72527,0.8241758,0.2747253,99.72527,99.72527,0.8241758,0.2747253,12.08791,0.5494506,1.923077,1.923077,99.45055,99.72527,0.8241758,0.2747253,99.72527,99.72527,0.8241758,0.2747253,12.08791
99.72527,99.72527,99.72527,99.72527,99.72527,99.72527,99.72527,99.72527,99.72527,99.72527,99.72527,99.72527,99.45055,0.2747253,52.74725,80.76923,1.923077,99.45055,99.72527,0.8241758,0.2747253,99.72527,99.72527,0.8241758,0.2747253,12.08791,0.5494506,1.923077,1.923077,99.45055,99.72527,0.8241758,0.2747253,99.72527,99.72527,0.8241758,0.2747253,12.08791,0.5494506,1.923077,1.923077,99.45055,99.72527,0.8241758,0.2747253,99.72527,99.72527,0.8241758,0.2747253,12.08791
99.72527,99.72527,99.72527,99.72527,99.72527,99.72527,99.72527,99.72527,99.72527,99.72527,99.72527,99.72527,99.45055,79.67033,2.747253,0.8241758,1.923077,99.45055,99.72527,0.8241758,0.2747253,99.72527,99.72527,0.8241758,0.2747253,12.08791,0.5494506,1.923077,1.923077,99.45055,99.72527,0.8241758,0.2747253,99.72527,99.72527,0.8241758,0.2747253,12.08791,0.5494506,1.923077,1.923077,99.45055,99.72527,0.8241758,0.2747253,99.72527,99.72527,0.8241758,0.2747253,12.08791
99.72527,99.72527,99.72527,99.72527,99.72527,99.72527,99.72527,99.72527,99.72527,99.72527,99.72527,99.72527,0.2747253,99.72527,0.5494506,1.923077,1.923077,99.45055,99.72527,0.8241758,0.2747253,99.72527,99.72527,0.8241758,0.2747253,12.08791,0.5494506,1.923077,1.923077,99.45055,99.72527,0.8241758,0.2747253,99.72527,99.72527,0.8241758,0.2747253,12.08791,0.5494506,1.923077,1.923077,99.45055,99.72527,0.8241758,0.2747253,99.72527,99.72527,0.8241758,0.2747253,12.08791
99.72527,99.72527,99.72527,99.72527,99.72527,99.72527,99.72527,99.72527,99.72527,99.72527,99.72527,99.72527,51.64835,12.36264,99.72527,0.5494506,1.923077,99.45055,99.72527,0.8241758,0.2747253,99.72527,99.72527,0.8241758,0.2747253,12.08791,0.5494506,1.923077,1.923077,99.45055,99.72527,0.8241758,0.2747253,99.72527,99.72527,0.8241758,0.2747253,12.08791,0.5494506,1.923077,1.923077,99.45055,99.72527,0.8241758,0.2747253,99.72527,99.72527,0.8241758,0.2747253,12.08791
99.72527,99.72527,99.72527,99.72527,99.72527,99.72527,99.72527,99.72527,99.72527,99.72527,99.72527,99.72527,0.2747253,0.5494506,99.45055,0.2747253,1.923077,99.45055,99.72527,0.8241758,0.2747253,99.72527,99.72527,0.8241758,0.2747253,12.08791,0.5494506,1.923077,1.923077,99.45055,99.72527,0.8241758,0.2747253,99.72527,99.72527,0.8241758,0.2747253,12.08791,0.5494506,1.923077,1.923077,99.45055,99.72527,0.8241758,0.2747253,99.72527,99.72527,0.8241758,0.2747253,12.08791
99.72527,99.72527,99.72527,99.72527,99.72527,99.72527,99.72527,99.72527,99.72527,99.72527,99.72527,99.72527,0.2747253,76.37363,79.67033,0.2747253,1.923077,99.45055,99.72527,0.8241758,0.2747253,99.72527,99.72527,0.8241758,0.2747253,12.08791,0.5494506,1.923077,1.923077,99.45055,99.72527,0.8241758,0.2747253,99.72527,99.72527,0.8241758,0.2747253,12.08791,0.5494506,1.923077,1.923077,99.45055,99.72527,0.8241758,0.2747253,99.72527,99.72527,0.8241758,0.2747253,12.08791
99.72527,99.72527,99.72527,99.72527,99.72527,99.72527,99.72527,99.72527,99.72527,99.72527,99.72527,99.72527,52.1978,99.45055,13.18681,75.82417,1.923077,99.45055,99.72527,0.8241758,0.2747253,99.72527,99.72527,0.8241758,0.2747253,12.08791,0.5494506,1.923077,1.923077,99.45055,99.72527,0.8241758,0.2747253,99.72527,99.72527,0.8241758,0.2747253,12.08791,0.5494506,1.923077,1.923077,99.45055,99.72527,0.8241758,0.2747253,99.72527,99.72527,0.8241758,0.2747253,12.08791
99.72527,99.72527,99.72527,99.72527,99.72527,99.72527,99.72527,99.72527,99.72527,99.72527,99.72527,99.72527,99.45055,0.2747253,0.5494506,1.923077,1.923077,99.45055,99.72527,0.8241758,0.2747253,99.72527,99.72527,0.8241758,0.2747253,12.08791,0.5494506,1.923077,1.923077,99.45055,99.72527,0.8241758,0.2747253,99.72527,99.72527,0.8241758,0.2747253,12.08791,0.5494506,1.923077,1.923077,99.45055,99.72527,0.8241758,0.2747253,99.72527,99.72527,0.8241758,0.2747253,12.08791
99.72527,99.72527,99.72527,99.72527,99.72527,99.72527,99.72527,99.72527,99.72527,99.72527,99.72527,99.72527,3.846154,16.75824,12.36264,76.37363,1.923077,99.45055,99.72527,0.8241758,0.2747253,99.72527,99.72527,0.8241758,0.2747253,12.08791,0.5494506,1.923077,1.923077,99.45055,99.72527,0.8241758,0.2747253,99.72527,99.72527,0.8241758,0.2747253,12.08791,0.5494506,1.923077,1.923077,99.45055,99.72527,0.8241758,0.2747253,99.72527,99.72527,0.8241758,0.2747253,12.08791
99.72527,99.72527,99.72527,99.72527,99.72527,99.72527,99.72527,99.72527,99.72527,99.72527,99.72527,99.72527,2.472528,76.0989,0.2747253,99.45055,1.923077,99.45055,99.72527,0.8241758,0.2747253,99.72527,99.72527,0.8241758,0.2747253,12.08791,0.5494506,1.923077,1.923077,99.45055,99.72527,0.8241758,0.2747253,99.72527,99.72527,0.8241758,0.2747253,12.08791,0.5494506,1.923077,1.923077,99.45055,99.72527,0.8241758,0.2747253,99.72527,99.72527,0.8241758,0.2747253,12.08791
99.72527,99.72527,99.72527,99.72527,99.72527,99.72527,99.72527,99.72527,99.72527,99.72527,99.72527,99.72527,99.72527,99.72527,99.45055,0.2747253,1.923077,99.45055,99.72527,0.8241758,0.2747253,99.72527,99.72527,0.8241758,0.2747253,12.08791,0.5494506,1.923077,1.923077,99.45055,99.72527,0.8241758,0.2747253,99.72527,99.72527,0.8241758,0.2747253,12.08791,0.5494506,1.923077,1.923077,99.45055,99.72527,0.8241758,0.2747253,99.72527,99.72527,0.8241758,0.2747253,12.08791
99.72527,99.72527,99.72527,99.72527,99.72527,99.72527,99.72527,99.72527,99.72527,99.72527,99.72527,99.72527,76.0989,99.45055,1.373626,0.5494506,1.923077,99.45055,99.72527,0.8241758,0.2747253,99.72527,99.72527,0.8241758,0.2747253,12.08791,0.5494506,1.923077,1.923077,99.45055,99.72527,0.8241758,0.2747253,99.72527,99.72527,0.8241758,0.2747253,12.08791,0.5494506,1.923077,1.923077,99.45055,99.72527,0.8241758,0.2747253,99.72527,99.72527,0.8241758,0.2747253,12.08791
99.72527,99.72527,99.72527,99.72527,99.72527,99.72527,99.72527,99.72527,99.72527,99.72527,99.72527,99.72527,12.91209,1.923077,16.75824,0.8241758,1.923077,99.45055,99.72527,0.8241758,0.2747253,99.72527,99.72527,0.8241758,0.2747253,12.08791,0.5494506,1.923077,1.923077,99.45055,99.72527,0.8241758,0.2747253,99.72527,99.72527,0.8241758,0.2747253,12.08791,0.5494506,1.923077,1.923077,99.45055,99.72527,0.8241758,0.2747253,99.72527,99.72527,0.8241758,0.2747253,12.08791
99.72527,99.72527,99.72527,99.72527,99.72527,99.72527,99.72527,99.72527,99.72527,99.72527,99.72527,99.72527,0.5494506,99.72527,0.5494506,53.2967,1.923077,99.45055,99.72527,0.8241758,0.2747253,99.72527,99.72527,0.8241758,0.2747253,12.08791,0.5494506,1.923077,1.923077,99.45055,99.72527,0.8241758,0.2747253,99.72527,99.72527,0.8241758,0.2747253,12.08791,0.5494506,1.923077,1.923077,99.45055,99.72527,0.8241758,0.2747253,99.72527,99.72527,0.8241758,0.2747253,12.08791
99.72527,99.72527,99.72527,99.72527,99.72527,99.72527,99.72527,99.72527,99.72527,99.72527,99.72527,99.72527,75.54945,2.472528,12.36264,52.74725,1.923077,99.45055,99.72527,0.8241758,0.2747253,99.72527,99.72527,0.8241758,0.2747253,12.08791,0.5494506,1.923077,1.923077,99.45055,99.72527,0.8241758,0.2747253,99.72527,99.72527,0.8241758,0.2747253,12.08791,0.5494506,1.923077,1.923077,99.45055,99.72527,0.8241758,0.2747253,99.72527,99.72527,0.8241758,0.2747253,12.08791
99.72527,99.72527,99.72527,99.72527,99.72527,99.72527,99.72527,99.72527,99.72527,99.72527,99.72527,99.72527,54.3956,0.5494506,0.5494506,0.2747253,1.923077,99.45055,99.72527,0.8241758,0.2747253,99.72527,99.72527,0.8241758,0.2747253,12.08791,0.5494506,1.923077,1.923077,99.45055,99.72527,0.8241758,0.2747253,99.72527,99.72527,0.8241758,0.2747253,12.08791,0.5494506,1.923077,1.923077,99.45055,99.72527,0.8241758,0.2747253,99.72527,99.72527,0.8241758,0.2747253,12.08791
99.72527,99.72527,99.72527,99.72527,99.72527,99.72527,99.72527,99.72527,99.72527,99.72527,99.72527,99.72527,0.2747253,12.08791,12.91209,3.846154,1.923077,99.45055,99.72527,0.8241758,0.2747253,99.72527,99.72527,0.8241758,0.2747253,12.08791,0.5494506,1.923077,1.923077,99.45055,99.72527,0.8241758,0.2747253,99.72527,99.72527,0.8241758,0.2747253,12.08791,0.5494506,1.923077,1.923077,99.45055,99.72527,0.8241758,0.2747253,99.72527,99.72527,0.8241758,0.2747253,12.08791
99.72527,99.72527,99.72527,99.72527,99.72527,99.72527,99.72527,99.72527,99.72527,99.72527,99.72527,99.72527,0.8241758,79.94505,0.2747253,99.72527,1.923077,99.45055,99.72527,0.8241758,0.2747253,99.72527,99.72527,0.8241758,0.2747253,12.08791,0.5494506,1.923077,1.923077,99.45055,99.72527,0.8241758,0.2747253,99.72527,99.72527,0.8241758,0.2747253,12.08791,0.5494506,1.923077,1.923077,99.45055,99.72527,0.8241758,0.2747253,99.72527,99.72527,0.8241758,0.2747253,12.08791
99.72527,99.72527,99.72527,99.72527,99.72527,99.72527,99.72527,99.72527,99.72527,99.72527,99.72527,99.72527,99.45055,0.2747253,99.72527,2.747253,1.923077,99.45055,99.72527,0.8241758,0.2747253,99.72527,99.72527,0.8241758,0.2747253,12.08791,0.5494506,1.923077,1.923077,99.45055,99.72527,0.8241758,0.2747253,99.72527,99.72527,0.8241758,0.2747253,12.08791,0.5494506,1.923077,1.923077,99.45055,99.72527,0.8241758,0.2747253,99.72527,99.72527,0.8241758,0.2747253,12.08791
99.72527,99.72527,99.72527,99.72527,99.72527,99.72527,99.72527,99.72527,99.72527,99.72527,99.72527,99.72527,1.373626,16.48352,99.72527,1.098901,1.923077,99.45055,99.72527,0.8241758,0.2747253,99.72527,99.72527,0.8241758,0.2747253,12.08791,0.5494506,1.923077,1.923077,99.45055,99.72527,0.8241758,0.2747253,99.72527,99.72527,0.8241758,0.2747253,12.08791,0.5494506,1.923077,1.923077,99.45055,99.72527,0.8241758,0.2747253,99.72527,99.72527,0.8241758,0.2747253,12.08791
99.72527,99.72527,99.72527,99.72527,99.72527,99.72527,99.72527,99.72527,99.72527,99.72527,99.72527,99.72527,1.923077,99.72527,0.5494506,1.923077,1.923077,99.45055,99.72527,0.8241758,0.2747253,99.72527,99.72527,0.8241758,0.2747253,12.08791,0.5494506,1.923077,1.923077,99.45055,99.72527,0.8241758,0.2747253,99.72527,99.72527,0.8241758,0.2747253,12.08791,0.5494506,1.923077,1.923077,99.45055,99.72527,0.8241758,0.2747253,99.72527,99.72527,0.8241758,0.2747253,12.08791
99.72527,99.72527,99.72527,99.72527,99.72527,99.72527,99.72527,99.72527,99.72527,99.72527,99.72527,99.72527,12.63736,79.39561,0.8241758,0.8241758,1.923077,99.45055,99.72527,0.8241758,0.2747253,99.72527,99.72527,0.8241758,0.2747253,12.08791,0.5494506,1.923077,1.923077,99.45055,99.72527,0.8241758,0.2747253,99.72527,99.72527,0.8241758,0.2747253,12.08791,0.5494506,1.923077,1.923077,99.45055,99.72527,0.8241758,0.2747253,99.72527,99.72527,0.8241758,0.2747253,12.08791
99.72527,99.72527,99.72527,99.72527,99.72527,99.72527,99.72527,99.72527,99.72527,99.72527,99.72527,99.72527,99.72527,11.81319,12.36264,99.72527,1.923077,99.45055,99.72527,0.8241758,0.2747253,99.72527,99.72527,0.8241758,0.2747253,12.08791,0.5494506,1.923077,1.923077,99.45055,99.72527,0.8241758,0.2747253,99.72527,99.72527,0.8241758,0.2747253,12.08791,0.5494506,1.923077,1.923077,99.45055,99.72527,0.8241758,0.2747253,99.72527,99.72527,0.8241758,0.2747253,12.08791
99.72527,99.72527,99.72527,99.72527,99.72527,99.72527,99.72527,99.72527,99.72527,99.72527,99.72527,99.72527,99.72527,10.43956,81.04395,0.5494506,1.923077,99.45055,99.72527,0.8241758,0.2747253,99.72527,99.72527,0.8241758,0.2747253,12.08791,0.5494506,1.923077,1.923077,99.45055,99.72527,0.8241758,0.2747253,99.72527,99.72527,0.8241758,0.2747253,12.08791,0.5494506,1.923077,1.923077,99.45055,99.72527,0.8241758,0.2747253,99.72527,99.72527,0.8241758,0.2747253,12.08791
99.72527,99.72527,99.72527,99.72527,99.72527,99.72527,99.72527,99.72527,99.72527,99.72527,99.72527,99.72527,53.57143,0.2747253,75.82417,76.37363,1.923077,99.45055,99.72527,0.8241758,0.2747253,99.72527,99.72527,0.8241758,0.2747253,12.08791,0.5494506,1.923077,1.923077,99.45055,99.72527,0.8241758,0.2747253,99.72527,99.72527,0.8241758,0.2747253,12.08791,0.5494506,1.923077,1.923077,99.45055,99.72527,0.8241758,0.2747253,99.72527,99.72527,0.8241758,0.2747253,12.08791
99.72527,99.72527,99.72527,99.72527,99.72527,99.72527,99.72527,99.72527,99.72527,99.72527,99.72527,99.72527,0.5494506,0.8241758,0.8241758,0.2747253,1.923077,99.45055,99.72527,0.8241758,0.2747253,99.72527,99.72527,0.8241758,0.2747253,12.08791,0.5494506,1.923077,1.923077,99.45055,99.72527,0.8241758,0.2747253,99.72527,99.72527,0.8241758,0.2747253,12.08791,0.5494506,1.923077,1.923077,99.45055,99.72527,0.8241758,0.2747253,99.72527,99.72527,0.8241758,0.2747253,12.08791
99.72527,99.72527,99.72527,99.72527,99.72527,99.72527,99.72527,99.72527,99.72527,99.72527,99.72527,99.72527,80.21978,12.63736,76.0989,0.2747253,1.923077,99.45055,99.72527,0.8241758,0.2747253,99.72527,99.72527,0.8241758,0.2747253,12.08791,0.5494506,1.923077,1.923077,99.45055,99.72527,0.8241758,0.2747253,99.72527,99.72527,0.8241758,0.2747253,12.08791,0.5494506,1.923077,1.923077,99.45055,99.72527,0.8241758,0.2747253,99.72527,99.72527,0.8241758,0.2747253,12.08791
99.72527,99.72527,99.72527,99.72527,99.72527,99.72527,99.72527,99.72527,99.72527,99.72527,99.72527,99.72527,99.45055,1.373626,0.8241758,99.45055,1.923077,99.45055,99.72527,0.8241758,0.2747253,99.72527,99.72527,0.8241758,0.2747253,12.08791,0.5494506,1.923077,1.923077,99.45055,99.72527,0.8241758,0.2747253,99.72527,99.72527,0.8241758,0.2747253,12.08791,0.5494506,1.923077,1.923077,99.45055,99.72527,0.8241758,0.2747253,99.72527,99.72527,0.8241758,0.2747253,12.08791
99.72527,99.72527,99.72527,99.72527,99.72527,99.72527,99.72527,99.72527,99.72527,99.72527,99.72527,99.72527,17.03297,0.5494506,99.72527,51.64835,1.923077,99.45055,99.72527,0.8241758,0.2747253,99.72527,99.72527,0.8241758,0.2747253,12.08791,0.5494506,1.923077,1.923077,99.45055,99.72527,0.8241758,0.2747253,99.72527,99.72527,0.8241758,0.2747253,12.08791,0.5494506,1.923077,1.923077,99.45055,99.72527,0.8241758,0.2747253,99.72527,99.72527,0.8241758,0.2747253,12.08791
99.72527,99.72527,99.72527,99.72527,99.72527,99.72527,99.72527,99.72527,99.72527,99.72527,99.72527,99.72527,76.0989,0.5494506,12.36264,0.2747253,1.923077,99.45055,99.72527,0.8241758,0.2747253,99.72527,99.72527,0.8241758,0.2747253,12.08791,0.5494506,1.923077,1.923077,99.45055,99.72527,0.8241758,0.2747253,99.72527,99.72527,0.8241758,0.2747253,12.08791,0.5494506,1.923077,1.923077,99.45055,99.72527,0.8241758,0.2747253,99.72527,99.72527,0.8241758,0.2747253,12.08791
99.72527,99.72527,99.72527,99.72527,99.72527,99.72527,99.72527,99.72527,99.72527,99.72527,99.72527,99.72527,10.98901,0.5494506,52.1978,0.5494506,1.923077,99.45055,99.72527,0.8241758,0.2747253,99.72527,99.72527,0.8241758,0.2747253,12.08791,0.5494506,1.923077,1.923077,99.45055,99.72527,0.8241758,0.2747253,99.72527,99.72527,0.8241758,0.2747253,12.08791,0.5494506,1.923077,1.923077,99.45055,99.72527,0.8241758,0.2747253,99.72527,99.72527,0.8241758,0.2747253,12.08791
99.72527,99.72527,99.72527,99.72527,99.72527,99.72527,99.72527,99.72527,99.72527,99.72527,99.72527,99.72527,99.72527,2.472528,99.45055,2.747253,1.923077,99.45055,99.72527,0.8241758,0.2747253,99.72527,99.72527,0.8241758,0.2747253,12.08791,0.5494506,1.923077,1.923077,99.45055,99.72527,0.8241758,0.2747253,99.72527,99.72527,0.8241758,0.2747253,12.08791,0.5494506,1.923077,1.923077,99.45055,99.72527,0.8241758,0.2747253,99.72527,99.72527,0.8241758,0.2747253,12.08791
99.72527,99.72527,99.72527,99.72527,99.72527,99.72527,99.72527,99.72527,99.72527,99.72527,99.72527,99.72527,6.043956,99.72527,1.373626,52.1978,1.923077,99.45055,99.72527,0.8241758,0.2747253,99.72527,99.72527,0.8241758,0.2747253,12.08791,0.5494506,1.923077,1.923077,99.45055,99.72527,0.8241758,0.2747253,99.72527,99.72527,0.8241758,0.2747253,12.08791,0.5494506,1.923077,1.923077,99.45055,99.72527,0.8241758,0.2747253,99.72527,99.72527,0.8241758,0.2747253,12.08791
99.72527,99.72527,99.72527,99.72527,99.72527,99.72527,99.72527,99.72527,99.72527,99.72527,99.72527,99.72527,99.72527,99.45055,99.72527,0.2747253,1.923077,99.45055,99.72527,0.8241758,0.2747253,99.72527,99.72527,0.8241758,0.2747253,12.08791,0.5494506,1.923077,1.923077,99.45055,99.72527,0.8241758,0.2747253,99.72527,99.72527,0.8241758,0.2747253,12.08791,0.5494506,1.923077,1.923077,99.45055,99.72527,0.8241758,0.2747253,99.72527,99.72527,0.8241758,0.2747253,12.08791
