0.5494506,0.2747253,1.373626,0.2747253,0.2747253,0.2747253,0.2747253,1.373626,15.38461,0.5494506,0.2747253,0.2747253,0.2747253,0.2747253,0.2747253,0.2747253,0.5494506,1.923077,0.2747253,0.2747253,0.2747253,1.373626,4.67033,1.373626,0.2747253,1.923077,0.2747253,0.2747253,1.373626,0.2747253,0.2747253,1.373626,51.92308,0.2747253,0.5494506,1.373626,0.2747253,0.2747253,0.2747253,0.2747253,0.2747253,0.2747253,1.373626,0.8241758,0.2747253,0.2747253,0.2747253,2.472528,2.747253,0.2747253
0.2747253,0.2747253,1.373626,0.2747253,0.2747253,12.91209,0.2747253,1.373626,15.38461,0.2747253,0.8241758,2.197802,0.5494506,0.2747253,0.2747253,10.98901,0.2747253,1.923077,1.648352,0.2747253,12.91209,1.373626,4.67033,1.373626,0.2747253,1.923077,0.2747253,0.8241758,1.373626,2.197802,0.5494506,0.2747253,51.92308,0.2747253,10.98901,0.2747253,1.648352,0.2747253,12.91209,0.2747253,0.2747253,0.8241758,2.197802,0.5494506,0.2747253,0.2747253,10.98901,2.472528,2.747253,0.2747253
0.2747253,12.08791,0.2747253,0.2747253,0.8241758,12.91209,10.98901,10.98901,15.38461,0.2747253,1.648352,2.197802,0.2747253,1.373626,0.8241758,10.98901,10.98901,0.2747253,12.91209,12.91209,12.91209,0.8241758,4.67033,10.98901,10.98901,0.2747253,1.648352,0.2747253,1.373626,0.8241758,10.98901,0.2747253,51.92308,12.91209,10.98901,12.91209,0.8241758,10.98901,12.91209,10.98901,0.2747253,1.648352,0.2747253,1.373626,0.8241758,10.98901,10.98901,2.472528,2.747253,0.2747253
0.8241758,12.08791,12.08791,0.5494506,2.747253,12.91209,10.98901,10.98901,15.38461,12.91209,12.91209,12.91209,12.91209,11.26374,12.08791,10.98901,51.92308,10.98901,12.91209,12.91209,12.91209,0.2747253,12.91209,12.91209,12.91209,12.91209,12.91209,12.91209,11.26374,12.08791,10.98901,51.92308,51.92308,12.91209,10.98901,12.91209,0.2747253,12.91209,12.91209,12.91209,12.91209,12.91209,12.91209,12.91209,11.26374,12.08791,10.98901,51.92308,10.98901,0.2747253
12.36264,0.5494506,0.2747253,0.5494506,0.2747253,12.91209,12.91209,12.91209,15.38461,12.91209,12.91209,12.91209,12.91209,12.91209,12.91209,12.91209,51.92308,12.91209,12.91209,12.91209,0.2747253,51.92308,51.92308,51.92308,10.98901,0.2747253,12.91209,12.91209,12.91209,12.91209,12.91209,51.92308,51.92308,12.91209,0.2747253,51.92308,51.92308,51.92308,10.98901,0.2747253,12.91209,12.91209,12.91209,12.91209,12.91209,12.91209,0.2747253,51.92308,51.92308,51.92308
0.2747253,1.373626,1.923077,0.8241758,51.92308,51.92308,51.92308,51.92308,51.92308,51.92308,51.92308,51.92308,51.92308,51.92308,51.92308,51.92308,51.92308,51.92308,51.92308,51.92308,51.92308,51.92308,51.92308,51.92308,51.92308,51.92308,51.92308,51.92308,51.92308,51.92308,51.92308,51.92308,51.92308,51.92308,51.92308,51.92308,51.92308,51.92308,51.92308,51.92308,51.92308,51.92308,51.92308,51.92308,51.92308,51.92308,51.92308,51.92308,51.92308,51.92308
0.5494506,0.8241758,0.5494506,0.8241758,51.92308,51.92308,51.92308,51.92308,51.92308,51.92308,51.92308,51.92308,51.92308,51.92308,51.92308,51.92308,51.92308,51.92308,51.92308,51.92308,51.92308,51.92308,51.92308,51.92308,51.92308,51.92308,51.92308,51.92308,51.92308,51.92308,51.92308,51.92308,51.92308,51.92308,51.92308,51.92308,51.92308,51.92308,51.92308,51.92308,51.92308,51.92308,51.92308,51.92308,51.92308,51.92308,51.92308,51.92308,51.92308,51.92308
0.8241758,11.81319,1.373626,52.47253,51.92308,51.92308,51.92308,51.92308,51.92308,51.92308,51.92308,51.92308,51.92308,51.92308,51.92308,51.92308,51.92308,51.92308,51.92308,51.92308,51.92308,51.92308,51.92308,51.92308,51.92308,51.92308,51.92308,51.92308,51.92308,51.92308,51.92308,51.92308,51.92308,51.92308,51.92308,51.92308,51.92308,51.92308,51.92308,51.92308,51.92308,51.92308,51.92308,51.92308,51.92308,51.92308,51.92308,51.92308,51.92308,51.92308
2.472528,0.2747253,0.2747253,52.47253,51.92308,51.92308,51.92308,51.92308,51.92308,51.92308,51.92308,51.92308,51.92308,51.92308,51.92308,0.2747253,51.92308,51.92308,51.92308,51.92308,51.92308,51.92308,51.92308,0.8241758,4.120879,51.92308,51.92308,51.92308,51.92308,51.92308,51.92308,51.92308,51.92308,51.92308,51.92308,0.8241758,4.120879,51.92308,51.92308,51.92308,51.92308,51.92308,51.92308,51.92308,51.92308,51.92308,51.92308,0.8241758,4.120879,51.92308
0.2747253,0.5494506,52.1978,52.47253,51.92308,51.92308,51.92308,51.92308,51.92308,51.92308,51.92308,51.92308,51.92308,51.92308,51.92308,0.8241758,51.92308,51.92308,51.92308,51.92308,51.92308,51.92308,51.92308,0.8241758,4.120879,51.92308,51.92308,51.92308,51.92308,51.92308,51.92308,51.92308,51.92308,51.92308,51.92308,0.8241758,4.120879,51.92308,51.92308,51.92308,51.92308,51.92308,51.92308,51.92308,51.92308,51.92308,51.92308,0.8241758,4.120879,51.92308
0.2747253,0.8241758,52.1978,52.47253,51.92308,51.92308,51.92308,51.92308,51.92308,51.92308,51.92308,51.92308,51.92308,51.92308,0.2747253,0.2747253,51.92308,51.92308,51.92308,51.92308,51.92308,51.92308,51.92308,0.8241758,1.373626,0.5494506,51.92308,51.92308,51.92308,51.92308,51.92308,51.92308,51.92308,51.92308,51.92308,0.8241758,1.373626,0.5494506,51.92308,51.92308,51.92308,51.92308,51.92308,51.92308,51.92308,51.92308,51.92308,0.8241758,1.373626,0.5494506
0.2747253,0.2747253,52.1978,52.47253,51.92308,51.92308,51.92308,51.92308,51.92308,51.92308,51.92308,51.92308,51.92308,51.92308,13.18681,0.2747253,51.92308,51.92308,51.92308,51.92308,51.92308,51.92308,51.92308,0.8241758,1.373626,0.5494506,51.92308,51.92308,51.92308,51.92308,51.92308,51.92308,51.92308,51.92308,51.92308,0.8241758,1.373626,0.5494506,51.92308,51.92308,51.92308,51.92308,51.92308,51.92308,51.92308,51.92308,51.92308,0.8241758,1.373626,0.5494506
0.2747253,2.747253,52.1978,52.47253,51.92308,51.92308,51.92308,51.92308,51.92308,51.92308,51.92308,51.92308,51.92308,51.92308,1.373626,0.5494506,51.92308,51.92308,51.92308,51.92308,51.92308,51.92308,51.92308,0.8241758,1.373626,0.5494506,51.92308,51.92308,51.92308,51.92308,51.92308,51.92308,51.92308,51.92308,51.92308,0.8241758,1.373626,0.5494506,51.92308,51.92308,51.92308,51.92308,51.92308,51.92308,51.92308,51.92308,51.92308,0.8241758,1.373626,0.5494506
0.5494506,5.494505,52.1978,52.47253,51.92308,51.92308,51.92308,51.92308,51.92308,51.92308,51.92308,51.92308,51.92308,51.92308,0.2747253,12.91209,51.92308,51.92308,51.92308,51.92308,51.92308,51.92308,51.92308,0.8241758,1.373626,0.5494506,51.92308,51.92308,51.92308,51.92308,51.92308,51.92308,51.92308,51.92308,51.92308,0.8241758,1.373626,0.5494506,51.92308,51.92308,51.92308,51.92308,51.92308,51.92308,51.92308,51.92308,51.92308,0.8241758,1.373626,0.5494506
0.2747253,0.8241758,52.1978,52.47253,51.92308,51.92308,51.92308,51.92308,51.92308,51.92308,51.92308,51.92308,51.92308,51.92308,3.296703,1.098901,51.92308,51.92308,51.92308,51.92308,51.92308,51.92308,51.92308,0.8241758,1.373626,0.5494506,51.92308,51.92308,51.92308,51.92308,51.92308,51.92308,51.92308,51.92308,51.92308,0.8241758,1.373626,0.5494506,51.92308,51.92308,51.92308,51.92308,51.92308,51.92308,51.92308,51.92308,51.92308,0.8241758,1.373626,0.5494506
5.21978,0.2747253,52.1978,52.47253,51.92308,51.92308,51.92308,51.92308,51.92308,51.92308,51.92308,51.92308,51.92308,51.92308,0.2747253,0.5494506,51.92308,51.92308,51.92308,51.92308,51.92308,51.92308,51.92308,0.8241758,1.373626,0.5494506,51.92308,51.92308,51.92308,51.92308,51.92308,51.92308,51.92308,51.92308,51.92308,0.8241758,1.373626,0.5494506,51.92308,51.92308,51.92308,51.92308,51.92308,51.92308,51.92308,51.92308,51.92308,0.8241758,1.373626,0.5494506
16.75824,0.2747253,52.1978,52.47253,51.92308,51.92308,51.92308,51.92308,51.92308,51.92308,51.92308,51.92308,51.92308,51.92308,1.923077,0.2747253,51.92308,51.92308,51.92308,51.92308,51.92308,51.92308,51.92308,0.8241758,1.373626,0.5494506,51.92308,51.92308,51.92308,51.92308,51.92308,51.92308,51.92308,51.92308,51.92308,0.8241758,1.373626,0.5494506,51.92308,51.92308,51.92308,51.92308,51.92308,51.92308,51.92308,51.92308,51.92308,0.8241758,1.373626,0.5494506
2.197802,0.2747253,52.1978,52.47253,51.92308,51.92308,51.92308,51.92308,51.92308,51.92308,51.92308,51.92308,51.92308,51.92308,3.846154,0.2747253,51.92308,51.92308,51.92308,51.92308,51.92308,51.92308,51.92308,0.8241758,1.373626,0.5494506,51.92308,51.92308,51.92308,51.92308,51.92308,51.92308,51.92308,51.92308,51.92308,0.8241758,1.373626,0.5494506,51.92308,51.92308,51.92308,51.92308,51.92308,51.92308,51.92308,51.92308,51.92308,0.8241758,1.373626,0.5494506
0.2747253,11.26374,52.1978,52.47253,51.92308,51.92308,51.92308,51.92308,51.92308,51.92308,51.92308,51.92308,51.92308,51.92308,0.2747253,3.296703,51.92308,51.92308,51.92308,51.92308,51.92308,51.92308,51.92308,0.8241758,1.373626,0.5494506,51.92308,51.92308,51.92308,51.92308,51.92308,51.92308,51.92308,51.92308,51.92308,0.8241758,1.373626,0.5494506,51.92308,51.92308,51.92308,51.92308,51.92308,51.92308,51.92308,51.92308,51.92308,0.8241758,1.373626,0.5494506
12.36264,0.2747253,52.1978,52.47253,51.92308,51.92308,51.92308,51.92308,51.92308,51.92308,51.92308,51.92308,51.92308,51.92308,13.18681,0.5494506,51.92308,51.92308,51.92308,51.92308,51.92308,51.92308,51.92308,0.8241758,1.373626,0.5494506,51.92308,51.92308,51.92308,51.92308,51.92308,51.92308,51.92308,51.92308,51.92308,0.8241758,1.373626,0.5494506,51.92308,51.92308,51.92308,51.92308,51.92308,51.92308,51.92308,51.92308,51.92308,0.8241758,1.373626,0.5494506
0.5494506,0.5494506,52.1978,52.47253,51.92308,51.92308,51.92308,51.92308,51.92308,51.92308,51.92308,51.92308,51.92308,51.92308,1.373626,0.2747253,51.92308,51.92308,51.92308,51.92308,51.92308,51.92308,51.92308,0.8241758,1.373626,0.5494506,51.92308,51.92308,51.92308,51.92308,51.92308,51.92308,51.92308,51.92308,51.92308,0.8241758,1.373626,0.5494506,51.92308,51.92308,51.92308,51.92308,51.92308,51.92308,51.92308,51.92308,51.92308,0.8241758,1.373626,0.5494506
5.769231,0.5494506,52.1978,52.47253,51.92308,51.92308,51.92308,51.92308,51.92308,51.92308,51.92308,51.92308,51.92308,51.92308,16.48352,52.47253,51.92308,51.92308,51.92308,51.92308,51.92308,51.92308,51.92308,0.8241758,1.373626,0.5494506,51.92308,51.92308,51.92308,51.92308,51.92308,51.92308,51.92308,51.92308,51.92308,0.8241758,1.373626,0.5494506,51.92308,51.92308,51.92308,51.92308,51.92308,51.92308,51.92308,51.92308,51.92308,0.8241758,1.373626,0.5494506
0.2747253,53.2967,52.1978,52.47253,51.92308,51.92308,51.92308,51.92308,51.92308,51.92308,51.92308,51.92308,51.92308,0.5494506,0.8241758,52.47253,51.92308,51.92308,51.92308,51.92308,51.92308,51.92308,51.92308,0.8241758,1.373626,0.2747253,0.5494506,51.92308,51.92308,51.92308,51.92308,51.92308,51.92308,51.92308,51.92308,0.8241758,1.373626,0.2747253,0.5494506,51.92308,51.92308,51.92308,51.92308,51.92308,51.92308,51.92308,51.92308,0.8241758,1.373626,0.2747253
12.36264,53.2967,52.1978,52.47253,51.92308,51.92308,51.92308,51.92308,51.92308,51.92308,51.92308,51.92308,1.373626,0.2747253,0.5494506,52.47253,51.92308,51.92308,51.92308,51.92308,51.92308,51.92308,51.92308,53.57143,0.8241758,1.373626,0.2747253,0.5494506,51.92308,51.92308,51.92308,51.92308,51.92308,51.92308,51.92308,53.57143,0.8241758,1.373626,0.2747253,0.5494506,51.92308,51.92308,51.92308,51.92308,51.92308,51.92308,51.92308,53.57143,0.8241758,1.373626
0.5494506,53.2967,52.1978,52.47253,51.92308,51.92308,51.92308,51.92308,51.92308,12.63736,0.5494506,0.8241758,1.373626,0.2747253,0.5494506,52.47253,51.92308,51.92308,51.92308,51.92308,53.57143,53.57143,53.57143,53.57143,53.57143,0.8241758,1.373626,0.2747253,0.5494506,51.92308,51.92308,51.92308,51.92308,53.57143,53.57143,53.57143,53.57143,53.57143,0.8241758,1.373626,0.2747253,0.5494506,51.92308,51.92308,51.92308,51.92308,53.57143,53.57143,53.57143,53.57143
0.2747253,17.85714,0.2747253,0.8241758,53.57143,53.57143,53.57143,53.57143,53.57143,53.57143,53.57143,53.57143,53.57143,53.57143,53.57143,53.57143,53.57143,53.57143,53.57143,53.57143,53.57143,53.57143,53.57143,53.57143,53.57143,53.57143,53.57143,53.57143,53.57143,53.57143,53.57143,53.57143,53.57143,53.57143,53.57143,53.57143,53.57143,53.57143,53.57143,53.57143,53.57143,53.57143,53.57143,53.57143,53.57143,53.57143,53.57143,53.57143,53.57143,53.57143
16.75824,0.2747253,0.2747253,0.2747253,53.57143,53.57143,53.57143,53.57143,53.57143,53.57143,53.57143,53.57143,53.57143,53.57143,53.57143,53.57143,53.57143,53.57143,53.57143,53.57143,53.57143,53.57143,53.57143,53.57143,53.57143,53.57143,53.57143,53.57143,53.57143,53.57143,53.57143,53.57143,53.57143,53.57143,53.57143,53.57143,53.57143,53.57143,53.57143,53.57143,53.57143,53.57143,53.57143,53.57143,53.57143,53.57143,53.57143,53.57143,53.57143,53.57143
12.36264,0.5494506,0.8241758,0.2747253,53.57143,53.57143,53.57143,53.57143,53.57143,53.57143,53.57143,53.57143,53.57143,53.57143,53.57143,53.57143,53.57143,53.57143,53.57143,53.57143,53.57143,53.57143,53.57143,53.57143,53.57143,53.57143,53.57143,53.57143,53.57143,53.57143,53.57143,53.57143,53.57143,53.57143,53.57143,53.57143,53.57143,53.57143,53.57143,53.57143,53.57143,53.57143,53.57143,53.57143,53.57143,53.57143,53.57143,53.57143,53.57143,53.57143
0.5494506,0.5494506,0.5494506,0.2747253,53.57143,53.57143,53.57143,53.57143,53.57143,53.57143,53.57143,53.57143,53.57143,53.57143,53.57143,53.57143,53.57143,53.57143,53.57143,53.57143,53.57143,53.57143,53.57143,53.57143,53.57143,53.57143,53.57143,53.57143,53.57143,53.57143,53.57143,53.57143,53.57143,53.57143,53.57143,53.57143,53.57143,53.57143,53.57143,53.57143,53.57143,53.57143,53.57143,53.57143,53.57143,53.57143,53.57143,53.57143,53.57143,53.57143
51.64835,0.2747253,12.36264,1.923077,53.57143,53.57143,53.57143,53.57143,53.57143,53.57143,53.57143,53.57143,53.57143,53.57143,53.57143,53.57143,53.57143,53.57143,53.57143,53.57143,53.57143,53.57143,53.57143,53.57143,53.57143,53.57143,53.57143,53.57143,53.57143,53.57143,53.57143,53.57143,53.57143,53.57143,53.57143,53.57143,53.57143,53.57143,53.57143,53.57143,53.57143,53.57143,53.57143,53.57143,53.57143,53.57143,53.57143,53.57143,53.57143,53.57143
1.373626,0.2747253,30.76923,3.296703,53.57143,53.57143,53.57143,53.57143,53.57143,53.57143,53.57143,53.57143,53.57143,53.57143,53.57143,53.57143,53.57143,53.57143,53.57143,53.57143,53.57143,53.57143,53.57143,53.57143,53.57143,53.57143,53.57143,53.57143,53.57143,53.57143,53.57143,53.57143,53.57143,53.57143,53.57143,53.57143,53.57143,53.57143,53.57143,53.57143,53.57143,53.57143,53.57143,53.57143,53.57143,53.57143,53.57143,53.57143,53.57143,53.57143
1.923077,51.92308,18.13187,1.373626,53.57143,53.57143,53.57143,53.57143,53.57143,53.57143,53.57143,53.57143,53.57143,53.57143,53.57143,53.57143,53.57143,53.57143,53.57143,53.57143,53.57143,53.57143,53.57143,53.57143,53.57143,53.57143,53.57143,53.57143,53.57143,53.57143,53.57143,53.57143,53.57143,53.57143,53.57143,53.57143,53.57143,53.57143,53.57143,53.57143,53.57143,53.57143,53.57143,53.57143,53.57143,53.57143,53.57143,53.57143,53.57143,53.57143
12.36264,1.923077,1.923077,52.1978,53.57143,53.57143,53.57143,53.57143,53.57143,53.57143,53.57143,53.57143,53.57143,53.57143,53.57143,53.57143,53.57143,53.57143,53.57143,53.57143,53.57143,53.57143,53.57143,53.57143,53.57143,53.57143,53.57143,53.57143,53.57143,53.57143,53.57143,53.57143,53.57143,53.57143,53.57143,53.57143,53.57143,53.57143,53.57143,53.57143,53.57143,53.57143,53.57143,53.57143,53.57143,53.57143,53.57143,53.57143,53.57143,53.57143
11.26374,0.2747253,52.1978,0.2747253,53.57143,53.57143,53.57143,53.57143,53.57143,53.57143,53.57143,53.57143,53.57143,53.57143,53.57143,53.57143,53.57143,53.57143,53.57143,53.57143,53.57143,53.57143,53.57143,53.57143,53.57143,53.57143,53.57143,53.57143,53.57143,53.57143,53.57143,53.57143,53.57143,53.57143,53.57143,53.57143,53.57143,53.57143,53.57143,53.57143,53.57143,53.57143,53.57143,53.57143,53.57143,53.57143,53.57143,53.57143,53.57143,53.57143
2.472528,0.2747253,0.8241758,1.923077,53.57143,53.57143,53.57143,53.57143,53.57143,53.57143,53.57143,53.57143,53.57143,53.57143,53.57143,53.57143,53.57143,53.57143,53.57143,53.57143,53.57143,53.57143,53.57143,53.57143,53.57143,53.57143,53.57143,53.57143,53.57143,53.57143,53.57143,53.57143,53.57143,53.57143,53.57143,53.57143,53.57143,53.57143,53.57143,53.57143,53.57143,53.57143,53.57143,53.57143,53.57143,53.57143,53.57143,53.57143,53.57143,53.57143
1.923077,0.2747253,0.2747253,12.91209,53.57143,53.57143,53.57143,53.57143,53.57143,53.57143,53.57143,53.57143,53.57143,53.57143,53.57143,53.57143,53.57143,53.57143,53.57143,53.57143,53.57143,53.57143,53.57143,53.57143,53.57143,53.57143,53.57143,53.57143,53.57143,53.57143,53.57143,53.57143,53.57143,53.57143,53.57143,53.57143,53.57143,53.57143,53.57143,53.57143,53.57143,53.57143,53.57143,53.57143,53.57143,53.57143,53.57143,53.57143,53.57143,53.57143
1.923077,1.923077,0.2747253,11.81319,53.57143,53.57143,53.57143,53.57143,53.57143,53.57143,53.57143,53.57143,53.57143,53.57143,53.57143,53.57143,53.57143,53.57143,53.57143,53.57143,53.57143,53.57143,53.57143,53.57143,53.57143,53.57143,53.57143,53.57143,53.57143,53.57143,53.57143,53.57143,53.57143,53.57143,53.57143,53.57143,53.57143,53.57143,53.57143,53.57143,53.57143,53.57143,53.57143,53.57143,53.57143,53.57143,53.57143,53.57143,53.57143,53.57143
0.2747253,16.48352,0.2747253,0.5494506,53.57143,53.57143,53.57143,53.57143,53.57143,53.57143,53.57143,53.57143,53.57143,53.57143,53.57143,53.57143,53.57143,53.57143,53.57143,53.57143,53.57143,53.57143,53.57143,53.57143,53.57143,53.57143,53.57143,53.57143,53.57143,53.57143,53.57143,53.57143,53.57143,53.57143,53.57143,53.57143,53.57143,53.57143,53.57143,53.57143,53.57143,53.57143,53.57143,53.57143,53.57143,53.57143,53.57143,53.57143,53.57143,53.57143
0.8241758,0.5494506,12.08791,0.2747253,53.57143,53.57143,53.57143,53.57143,53.57143,53.57143,53.57143,53.57143,53.57143,53.57143,53.57143,53.57143,53.57143,53.57143,53.57143,53.57143,53.57143,53.57143,53.57143,53.57143,53.57143,53.57143,53.57143,53.57143,53.57143,53.57143,53.57143,53.57143,53.57143,53.57143,53.57143,53.57143,53.57143,53.57143,53.57143,53.57143,53.57143,53.57143,53.57143,53.57143,53.57143,53.57143,53.57143,53.57143,53.57143,53.57143
12.36264,1.923077,2.472528,0.2747253,53.57143,53.57143,53.57143,53.57143,53.57143,53.57143,53.57143,53.57143,53.57143,53.57143,53.57143,53.57143,53.57143,53.57143,53.57143,53.57143,53.57143,53.57143,53.57143,53.57143,53.57143,53.57143,53.57143,53.57143,53.57143,53.57143,53.57143,53.57143,53.57143,53.57143,53.57143,53.57143,53.57143,53.57143,53.57143,53.57143,53.57143,53.57143,53.57143,53.57143,53.57143,53.57143,53.57143,53.57143,53.57143,53.57143
52.1978,1.373626,0.2747253,0.8241758,53.57143,53.57143,53.57143,53.57143,53.57143,53.57143,53.57143,53.57143,53.57143,53.57143,53.57143,53.57143,53.57143,53.57143,53.57143,53.57143,53.57143,53.57143,53.57143,53.57143,53.57143,53.57143,53.57143,53.57143,53.57143,53.57143,53.57143,53.57143,53.57143,53.57143,53.57143,53.57143,53.57143,53.57143,53.57143,53.57143,53.57143,53.57143,53.57143,53.57143,53.57143,53.57143,53.57143,53.57143,53.57143,53.57143
4.67033,12.08791,0.5494506,12.36264,53.57143,53.57143,53.57143,53.57143,53.57143,53.57143,53.57143,53.57143,53.57143,53.57143,53.57143,53.57143,53.57143,53.57143,53.57143,53.57143,53.57143,53.57143,53.57143,53.57143,53.57143,53.57143,53.57143,53.57143,53.57143,53.57143,53.57143,53.57143,53.57143,53.57143,53.57143,53.57143,53.57143,53.57143,53.57143,53.57143,53.57143,53.57143,53.57143,53.57143,53.57143,53.57143,53.57143,53.57143,53.57143,53.57143
0.5494506,0.2747253,1.373626,0.8241758,53.57143,53.57143,53.57143,53.57143,53.57143,53.57143,53.57143,53.57143,53.57143,53.57143,53.57143,53.57143,53.57143,53.57143,53.57143,53.57143,53.57143,53.57143,53.57143,53.57143,53.57143,53.57143,53.57143,53.57143,53.57143,53.57143,53.57143,53.57143,53.57143,53.57143,53.57143,53.57143,53.57143,53.57143,53.57143,53.57143,53.57143,53.57143,53.57143,53.57143,53.57143,53.57143,53.57143,53.57143,53.57143,53.57143
0.2747253,0.2747253,11.53846,11.53846,53.57143,53.57143,53.57143,53.57143,53.57143,53.57143,53.57143,53.57143,53.57143,53.57143,53.57143,53.57143,53.57143,53.57143,53.57143,53.57143,53.57143,53.57143,53.57143,53.57143,53.57143,53.57143,53.57143,53.57143,53.57143,53.57143,53.57143,53.57143,53.57143,53.57143,53.57143,53.57143,53.57143,53.57143,53.57143,53.57143,53.57143,53.57143,53.57143,53.57143,53.57143,53.57143,53.57143,53.57143,53.57143,53.57143
0.2747253,0.2747253,0.8241758,0.2747253,53.57143,53.57143,53.57143,53.57143,53.57143,53.57143,53.57143,53.57143,53.57143,53.57143,53.57143,53.57143,53.57143,53.57143,53.57143,53.57143,53.57143,53.57143,53.57143,53.57143,53.57143,53.57143,53.57143,53.57143,53.57143,53.57143,53.57143,53.57143,53.57143,53.57143,53.57143,53.57143,53.57143,53.57143,53.57143,53.57143,53.57143,53.57143,53.57143,53.57143,53.57143,53.57143,53.57143,53.57143,53.57143,53.57143
1.923077,2.197802,0.5494506,0.5494506,53.57143,53.57143,53.57143,53.57143,53.57143,53.57143,53.57143,53.57143,53.57143,53.57143,53.57143,53.57143,53.57143,53.57143,53.57143,53.57143,53.57143,53.57143,53.57143,53.57143,53.57143,53.57143,53.57143,53.57143,53.57143,53.57143,53.57143,53.57143,53.57143,53.57143,53.57143,53.57143,53.57143,53.57143,53.57143,53.57143,53.57143,53.57143,53.57143,53.57143,53.57143,53.57143,53.57143,53.57143,53.57143,53.57143
52.1978,12.36264,0.5494506,0.5494506,53.57143,53.57143,53.57143,53.57143,53.57143,53.57143,53.57143,53.57143,53.57143,53.57143,53.57143,53.57143,53.57143,53.57143,53.57143,53.57143,53.57143,53.57143,53.57143,53.57143,53.57143,53.57143,53.57143,53.57143,53.57143,53.57143,53.57143,53.57143,53.57143,53.57143,53.57143,53.57143,53.57143,53.57143,53.57143,53.57143,53.57143,53.57143,53.57143,53.57143,53.57143,53.57143,53.57143,53.57143,53.57143,53.57143
0.5494506,0.5494506,0.5494506,0.8241758,53.57143,53.57143,53.57143,53.57143,53.57143,53.57143,53.57143,53.57143,53.57143,53.57143,53.57143,53.57143,53.57143,53.57143,53.57143,53.57143,53.57143,53.57143,53.57143,53.57143,53.57143,53.57143,53.57143,53.57143,53.57143,53.57143,53.57143,53.57143,53.57143,53.57143,53.57143,53.57143,53.57143,53.57143,53.57143,53.57143,53.57143,53.57143,53.57143,53.57143,53.57143,53.57143,53.57143,53.57143,53.57143,53.57143
1.373626,0.2747253,1.923077,52.47253,53.57143,53.57143,53.57143,53.57143,53.57143,53.57143,53.57143,53.57143,53.57143,53.57143,53.57143,53.57143,53.57143,53.57143,53.57143,53.57143,53.57143,53.57143,53.57143,53.57143,53.57143,53.57143,53.57143,53.57143,53.57143,53.57143,53.57143,53.57143,53.57143,53.57143,53.57143,53.57143,53.57143,53.57143,53.57143,53.57143,53.57143,53.57143,53.57143,53.57143,53.57143,53.57143,53.57143,53.57143,53.57143,53.57143
0.2747253,12.36264,12.08791,0.2747253,53.57143,53.57143,53.57143,53.57143,53.57143,53.57143,53.57143,53.57143,53.57143,53.57143,53.57143,53.57143,53.57143,53.57143,53.57143,53.57143,53.57143,53.57143,53.57143,53.57143,53.57143,53.57143,53.57143,53.57143,53.57143,53.57143,53.57143,53.57143,53.57143,53.57143,53.57143,53.57143,53.57143,53.57143,53.57143,53.57143,53.57143,53.57143,53.57143,53.57143,53.57143,53.57143,53.57143,53.57143,53.57143,53.57143
11.53846,52.1978,2.197802,12.91209,53.57143,53.57143,53.57143,53.57143,53.57143,53.57143,53.57143,53.57143,53.57143,53.57143,53.57143,53.57143,53.57143,53.57143,53.57143,53.57143,53.57143,53.57143,53.57143,53.57143,53.57143,53.57143,53.57143,53.57143,53.57143,53.57143,53.57143,53.57143,53.57143,53.57143,53.57143,53.57143,53.57143,53.57143,53.57143,53.57143,53.57143,53.57143,53.57143,53.57143,53.57143,53.57143,53.57143,53.57143,53.57143,53.57143
52.74725,51.37363,0.5494506,0.2747253,53.57143,53.57143,53.57143,53.57143,53.57143,53.57143,53.57143,53.57143,53.57143,53.57143,53.57143,53.57143,53.57143,53.57143,53.57143,53.57143,53.57143,53.57143,53.57143,53.57143,53.57143,53.57143,53.57143,53.57143,53.57143,53.57143,53.57143,53.57143,53.57143,53.57143,53.57143,53.57143,53.57143,53.57143,53.57143,53.57143,53.57143,53.57143,53.57143,53.57143,53.57143,53.57143,53.57143,53.57143,53.57143,53.57143
0.2747253,29.39561,0.2747253,0.2747253,53.57143,53.57143,53.57143,53.57143,53.57143,53.57143,53.57143,53.57143,53.57143,53.57143,53.57143,53.57143,53.57143,53.57143,53.57143,53.57143,53.57143,53.57143,53.57143,53.57143,53.57143,53.57143,53.57143,53.57143,53.57143,53.57143,53.57143,53.57143,53.57143,53.57143,53.57143,53.57143,53.57143,53.57143,53.57143,53.57143,53.57143,53.57143,53.57143,53.57143,53.57143,53.57143,53.57143,53.57143,53.57143,53.57143
0.5494506,12.91209,1.923077,0.8241758,53.57143,53.57143,53.57143,53.57143,53.57143,53.57143,53.57143,53.57143,53.57143,53.57143,53.57143,53.57143,53.57143,53.57143,53.57143,53.57143,53.57143,53.57143,53.57143,53.57143,53.57143,53.57143,53.57143,53.57143,53.57143,53.57143,53.57143,53.57143,53.57143,53.57143,53.57143,53.57143,53.57143,53.57143,53.57143,53.57143,53.57143,53.57143,53.57143,53.57143,53.57143,53.57143,53.57143,53.57143,53.57143,53.57143
0.2747253,0.2747253,0.2747253,0.2747253,53.57143,53.57143,53.57143,53.57143,53.57143,53.57143,53.57143,53.57143,53.57143,53.57143,53.57143,53.57143,53.57143,53.57143,53.57143,53.57143,53.57143,53.57143,53.57143,53.57143,53.57143,53.57143,53.57143,53.57143,53.57143,53.57143,53.57143,53.57143,53.57143,53.57143,53.57143,53.57143,53.57143,53.57143,53.57143,53.57143,53.57143,53.57143,53.57143,53.57143,53.57143,53.57143,53.57143,53.57143,53.57143,53.57143
0.2747253,49.45055,0.5494506,11.53846,53.57143,53.57143,53.57143,53.57143,53.57143,53.57143,53.57143,53.57143,53.57143,53.57143,53.57143,53.57143,53.57143,53.57143,53.57143,53.57143,53.57143,53.57143,53.57143,53.57143,53.57143,53.57143,53.57143,53.57143,53.57143,53.57143,53.57143,53.57143,53.57143,53.57143,53.57143,53.57143,53.57143,53.57143,53.57143,53.57143,53.57143,53.57143,53.57143,53.57143,53.57143,53.57143,53.57143,53.57143,53.57143,53.57143
1.373626,0.2747253,2.747253,0.2747253,53.57143,53.57143,53.57143,53.57143,53.57143,53.57143,53.57143,53.57143,53.57143,53.57143,53.57143,53.57143,53.57143,53.57143,53.57143,53.57143,53.57143,53.57143,53.57143,53.57143,53.57143,53.57143,53.57143,53.57143,53.57143,53.57143,53.57143,53.57143,53.57143,53.57143,53.57143,53.57143,53.57143,53.57143,53.57143,53.57143,53.57143,53.57143,53.57143,53.57143,53.57143,53.57143,53.57143,53.57143,53.57143,53.57143
13.18681,0.2747253,0.2747253,0.2747253,53.57143,53.57143,53.57143,53.57143,53.57143,53.57143,53.57143,53.57143,53.57143,53.57143,53.57143,53.57143,53.57143,53.57143,53.57143,53.57143,53.57143,53.57143,53.57143,53.57143,53.57143,53.57143,53.57143,53.57143,53.57143,53.57143,53.57143,53.57143,53.57143,53.57143,53.57143,53.57143,53.57143,53.57143,53.57143,53.57143,53.57143,53.57143,53.57143,53.57143,53.57143,53.57143,53.57143,53.57143,53.57143,53.57143
52.47253,2.472528,0.2747253,0.2747253,53.57143,53.57143,53.57143,53.57143,53.57143,53.57143,53.57143,53.57143,53.57143,53.57143,53.57143,53.57143,53.57143,53.57143,53.57143,53.57143,53.57143,53.57143,53.57143,53.57143,53.57143,53.57143,53.57143,53.57143,53.57143,53.57143,53.57143,53.57143,53.57143,53.57143,53.57143,53.57143,53.57143,53.57143,53.57143,53.57143,53.57143,53.57143,53.57143,53.57143,53.57143,53.57143,53.57143,53.57143,53.57143,53.57143
0.2747253,0.2747253,52.1978,0.2747253,53.57143,53.57143,53.57143,53.57143,53.57143,53.57143,53.57143,53.57143,53.57143,53.57143,53.57143,53.57143,53.57143,53.57143,53.57143,53.57143,53.57143,53.57143,53.57143,53.57143,53.57143,53.57143,53.57143,53.57143,53.57143,53.57143,53.57143,53.57143,53.57143,53.57143,53.57143,53.57143,53.57143,53.57143,53.57143,53.57143,53.57143,53.57143,53.57143,53.57143,53.57143,53.57143,53.57143,53.57143,53.57143,53.57143
1.373626,0.5494506,52.1978,0.2747253,53.57143,53.57143,53.57143,53.57143,53.57143,53.57143,53.57143,53.57143,53.57143,53.57143,53.57143,53.57143,53.57143,53.57143,53.57143,53.57143,53.57143,53.57143,53.57143,53.57143,53.57143,53.57143,53.57143,53.57143,53.57143,53.57143,53.57143,53.57143,53.57143,53.57143,53.57143,53.57143,53.57143,53.57143,53.57143,53.57143,53.57143,53.57143,53.57143,53.57143,53.57143,53.57143,53.57143,53.57143,53.57143,53.57143
0.2747253,0.5494506,0.5494506,2.197802,53.57143,53.57143,53.57143,53.57143,53.57143,53.57143,53.57143,53.57143,53.57143,53.57143,53.57143,53.57143,53.57143,53.57143,53.57143,53.57143,53.57143,53.57143,53.57143,53.57143,53.57143,53.57143,53.57143,53.57143,53.57143,53.57143,53.57143,53.57143,53.57143,53.57143,53.57143,53.57143,53.57143,53.57143,53.57143,53.57143,53.57143,53.57143,53.57143,53.57143,53.57143,53.57143,53.57143,53.57143,53.57143,53.57143
0.5494506,36.81319,0.8241758,0.2747253,53.57143,53.57143,53.57143,53.57143,53.57143,53.57143,53.57143,53.57143,53.57143,53.57143,53.57143,53.57143,53.57143,53.57143,53.57143,53.57143,53.57143,53.57143,53.57143,53.57143,53.57143,53.57143,53.57143,53.57143,53.57143,53.57143,53.57143,53.57143,53.57143,53.57143,53.57143,53.57143,53.57143,53.57143,53.57143,53.57143,53.57143,53.57143,53.57143,53.57143,53.57143,53.57143,53.57143,53.57143,53.57143,53.57143
0.5494506,0.5494506,0.2747253,0.8241758,53.57143,53.57143,53.57143,53.57143,53.57143,53.57143,53.57143,53.57143,53.57143,53.57143,53.57143,53.57143,53.57143,53.57143,53.57143,53.57143,53.57143,53.57143,53.57143,53.57143,53.57143,53.57143,53.57143,53.57143,53.57143,53.57143,53.57143,53.57143,53.57143,53.57143,53.57143,53.57143,53.57143,53.57143,53.57143,53.57143,53.57143,53.57143,53.57143,53.57143,53.57143,53.57143,53.57143,53.57143,53.57143,53.57143
1.373626,0.8241758,0.2747253,53.57143,53.57143,53.57143,53.57143,53.57143,53.57143,53.57143,53.57143,53.57143,53.57143,53.57143,53.57143,53.57143,53.57143,53.57143,53.57143,53.57143,53.57143,53.57143,53.57143,53.57143,53.57143,53.57143,53.57143,53.57143,53.57143,53.57143,53.57143,53.57143,53.57143,53.57143,53.57143,53.57143,53.57143,53.57143,53.57143,53.57143,53.57143,53.57143,53.57143,53.57143,53.57143,53.57143,53.57143,53.57143,53.57143,53.57143
0.5494506,0.2747253,0.2747253,53.57143,53.57143,53.57143,53.57143,53.57143,53.57143,53.57143,53.57143,53.57143,53.57143,53.57143,53.57143,2.472528,53.57143,53.57143,53.57143,53.57143,53.57143,53.57143,53.57143,52.47253,53.84615,53.57143,53.57143,53.57143,53.57143,53.57143,53.57143,53.57143,53.57143,53.57143,53.57143,52.47253,53.84615,53.57143,53.57143,53.57143,53.57143,53.57143,53.57143,53.57143,53.57143,53.57143,53.57143,52.47253,53.84615,53.57143
0.2747253,0.2747253,51.92308,53.57143,53.57143,53.57143,53.57143,53.57143,53.57143,53.57143,53.57143,53.57143,1.373626,53.57143,53.57143,53.57143,53.57143,53.57143,53.57143,53.57143,53.57143,53.84615,53.84615,53.57143,53.84615,53.84615,53.57143,53.57143,53.57143,53.57143,53.57143,53.57143,53.57143,53.57143,53.84615,53.84615,53.84615,53.57143,53.84615,53.57143,53.57143,53.57143,53.57143,53.57143,53.57143,53.57143,53.57143,53.84615,53.84615,53.84615
51.92308,1.373626,0.8241758,53.57143,15.93407,53.84615,53.84615,53.84615,53.84615,53.84615,53.84615,53.57143,53.84615,53.84615,53.84615,53.84615,53.84615,53.84615,53.84615,53.84615,53.84615,53.84615,53.84615,53.84615,53.84615,53.84615,53.84615,53.57143,53.84615,53.84615,53.84615,53.84615,53.84615,53.84615,53.84615,53.84615,53.84615,53.84615,53.84615,53.84615,53.84615,53.84615,53.84615,53.57143,53.84615,53.84615,53.84615,53.84615,53.84615,53.84615
0.2747253,51.64835,51.92308,3.296703,53.84615,53.84615,53.84615,53.84615,53.84615,53.84615,53.84615,53.84615,53.84615,53.84615,53.84615,53.84615,53.84615,53.84615,53.84615,53.84615,53.84615,53.84615,53.84615,53.84615,53.84615,53.84615,53.84615,53.84615,53.84615,53.84615,53.84615,53.84615,53.84615,53.84615,53.84615,53.84615,53.84615,53.84615,53.84615,53.84615,53.84615,53.84615,53.84615,53.84615,53.84615,53.84615,53.84615,53.84615,53.84615,53.84615
52.1978,13.18681,1.923077,0.5494506,53.84615,53.84615,53.84615,53.84615,53.84615,53.84615,53.84615,53.84615,53.84615,53.84615,53.84615,53.84615,53.84615,53.84615,53.84615,53.84615,53.84615,53.84615,53.84615,53.84615,53.84615,53.84615,53.84615,53.84615,53.84615,53.84615,53.84615,53.84615,53.84615,53.84615,53.84615,53.84615,53.84615,53.84615,53.84615,53.84615,53.84615,53.84615,53.84615,53.84615,53.84615,53.84615,53.84615,53.84615,53.84615,53.84615
0.2747253,0.2747253,1.373626,0.5494506,53.84615,53.84615,53.84615,53.84615,53.84615,53.84615,53.84615,53.84615,53.84615,53.84615,53.84615,53.84615,53.84615,53.84615,53.84615,53.84615,53.84615,53.84615,53.84615,53.84615,53.84615,53.84615,53.84615,53.84615,53.84615,53.84615,53.84615,53.84615,53.84615,53.84615,53.84615,53.84615,53.84615,53.84615,53.84615,53.84615,53.84615,53.84615,53.84615,53.84615,53.84615,53.84615,53.84615,53.84615,53.84615,53.84615
