75.66392
75.47691
75.44601
55.51933
18.78238
99.72527
99.69879
95.89202
86.55797
24.39551
99.72527
99.69879
95.93896
80.3744
30.61313
99.72527
95.23093
95.96244
74.17874
30.54116
99.72527
95.23093
95.96244
74.17874
30.54116
99.72527
95.23093
95.96244
74.17874
30.54116
99.72527
89.85944
94.06104
67.94686
30.4692
99.72527
89.85944
94.06104
67.94686
30.4692
99.72527
89.85944
94.06104
67.94686
30.4692
99.72527
89.85944
94.06104
67.94686
30.4692
99.72527
89.85944
94.06104
67.94686
30.4692
99.72527
89.85944
94.06104
67.94686
30.4692
99.72527
89.85944
94.06104
67.94686
30.4692
99.72527
89.85944
94.06104
67.94686
30.4692
