0,0,0,0,0,0,0,0,0,0,0,0,3.846154,99.45055,0.2747253,99.45055,0.2747253,0.2747253,0.2747253,0.2747253,4.67033,0.2747253,1.923077,0.2747253,0.2747253,99.45055,0.2747253,2.472528,52.74725,0.2747253,3.846154,99.45055,99.45055,4.67033,0.2747253,1.923077,0.2747253,0.2747253,0.2747253,2.472528,0.8241758,99.45055,52.74725,0.2747253,52.74725,0.5494506,3.846154,99.45055,12.36264,99.45055
99.69879,99.69879,99.69879,99.69879,99.69879,99.69879,99.69879,99.69879,99.69879,8.433735,0,0
99.71831,99.71831,99.71831,99.71831,99.71831,99.71831,99.71831,99.71831,99.71831,7.887324,0,0
73.91304,73.91304,73.91304,73.91304,73.91304,73.91304,73.91304,73.91304,73.91304,1.014493,0,0
24.17962,24.17962,24.17962,24.17962,24.17962,24.17962,24.17962,24.17962,24.17962,7.772021,0,0
0,0,0,0,0,0,0,0,0,0,0,0,99.72527,99.45055,99.45055,75.82417,99.72527,99.72527,99.72527,99.72527,99.72527,99.72527,99.72527,99.72527,99.72527,99.72527,99.72527,99.72527,99.72527,99.45055,99.72527,75.82417,99.72527,99.72527,99.72527,99.72527,99.72527,99.72527,99.72527,99.72527,99.72527,99.72527,99.72527,99.72527,99.72527,99.45055,99.72527,75.82417,99.72527,99.72527
99.69879,99.69879,99.69879,99.69879,99.69879,99.69879,99.69879,99.69879,99.69879,99.69879,99.69879,99.69879
99.71831,85.35211,84.78873,85.35211,99.43662,99.43662,99.43662,99.43662,99.43662,99.43662,99.43662,99.43662
74.34782,55.36232,54.78261,55.36232,99.85507,99.85507,99.85507,99.85507,99.85507,99.85507,99.85507,99.85507
24.00691,24.17962,24.17962,24.17962,24.52504,24.52504,24.52504,24.52504,24.52504,24.52504,24.52504,24.52504
0,0,0,0,0,0,0,0,0,0,0,0,99.72527,99.72527,16.75824,0.2747253,99.72527,16.20879,99.45055,99.72527,99.72527,99.72527,99.72527,79.12088,99.72527,99.72527,76.0989,99.72527,99.72527,16.20879,99.45055,99.72527,99.72527,99.72527,99.72527,79.12088,99.72527,99.72527,76.0989,99.72527,99.72527,16.20879,99.45055,99.72527,99.72527,99.72527,99.72527,79.12088,99.72527,99.72527
99.69879,99.69879,99.69879,99.69879,99.69879,99.69879,99.69879,99.69879,99.69879,99.69879,99.69879,99.69879
99.71831,85.35211,84.78873,99.71831,85.35211,99.43662,99.71831,99.43662,99.43662,99.43662,99.43662,99.43662
74.34782,55.36232,54.78261,25.65217,55.36232,99.85507,99.85507,99.85507,99.85507,99.85507,99.85507,99.85507
24.00691,24.17962,24.17962,24.00691,24.17962,24.52504,99.65458,24.52504,24.52504,24.52504,24.52504,24.52504
0,0,0,0,0,0,0,0,0,0,0,0,99.72527,0.2747253,0.2747253,53.2967,99.72527,16.20879,99.45055,99.45055,99.72527,99.72527,99.72527,79.12088,99.72527,99.72527,76.0989,99.72527,99.72527,16.20879,99.45055,99.45055,99.72527,99.72527,99.72527,79.12088,99.72527,99.72527,76.0989,99.72527,99.72527,16.20879,99.45055,99.45055,99.72527,99.72527,99.72527,79.12088,99.72527,99.72527
99.69879,99.69879,99.69879,99.69879,99.69879,99.69879,99.69879,99.69879,46.08434,99.69879,99.69879,99.69879
99.71831,85.35211,84.78873,99.71831,85.35211,99.43662,99.71831,99.43662,99.71831,99.43662,99.43662,99.43662
74.34782,55.36232,54.78261,25.65217,55.36232,99.85507,99.85507,99.85507,25.50725,99.85507,99.85507,99.85507
24.00691,24.17962,24.17962,24.00691,24.17962,24.52504,99.65458,24.52504,23.66149,24.52504,24.52504,24.52504
0,0,0,0,0,0,0,0,0,0,0,0,99.72527,1.923077,52.47253,2.197802,99.72527,16.20879,99.45055,99.45055,99.72527,99.72527,99.72527,79.12088,99.72527,99.72527,76.0989,99.72527,99.72527,16.20879,99.45055,99.45055,99.72527,99.72527,99.72527,79.12088,99.72527,99.72527,76.0989,99.72527,99.72527,16.20879,99.45055,99.45055,99.72527,99.72527,99.72527,79.12088,99.72527,99.72527
99.69879,99.69879,99.69879,99.69879,99.69879,99.69879,99.69879,99.69879,46.08434,99.69879,99.69879,99.69879
99.71831,85.35211,84.78873,99.71831,85.35211,99.43662,99.71831,99.43662,99.71831,99.43662,99.43662,99.43662
74.34782,55.36232,54.78261,25.65217,55.36232,99.85507,99.85507,99.85507,25.50725,99.85507,99.85507,99.85507
24.00691,24.17962,24.17962,24.00691,24.17962,24.52504,99.65458,24.52504,23.66149,24.52504,24.52504,24.52504
0,0,0,0,0,0,0,0,0,0,0,0,99.72527,99.72527,0.2747253,2.472528,99.72527,16.20879,99.45055,99.45055,99.72527,99.72527,99.72527,79.12088,99.72527,99.72527,76.0989,99.72527,99.72527,16.20879,99.45055,99.45055,99.72527,99.72527,99.72527,79.12088,99.72527,99.72527,76.0989,99.72527,99.72527,16.20879,99.45055,99.45055,99.72527,99.72527,99.72527,79.12088,99.72527,99.72527
99.69879,99.69879,99.69879,99.69879,99.69879,99.69879,99.69879,99.69879,46.08434,99.69879,99.69879,99.69879
99.71831,85.35211,84.78873,99.71831,85.35211,99.43662,99.71831,99.43662,99.71831,99.43662,99.43662,99.43662
74.34782,55.36232,54.78261,25.65217,55.36232,99.85507,99.85507,99.85507,25.50725,99.85507,99.85507,99.85507
24.00691,24.17962,24.17962,24.00691,24.17962,24.52504,99.65458,24.52504,23.66149,24.52504,24.52504,24.52504
0,0,0,0,0,0,0,0,0,0,0,0,99.72527,80.21978,1.373626,0.5494506,99.72527,99.72527,16.20879,99.45055,99.45055,99.72527,99.72527,79.12088,99.72527,99.72527,16.48352,99.72527,99.72527,99.72527,16.20879,99.45055,99.45055,99.72527,99.72527,79.12088,99.72527,99.72527,16.48352,99.72527,99.72527,99.72527,16.20879,99.45055,99.45055,99.72527,99.72527,79.12088,99.72527,99.72527
99.69879,99.69879,99.69879,35.24096,99.69879,99.69879,99.69879,99.69879,99.69879,46.08434,99.69879,99.69879
99.71831,85.35211,84.78873,76.61972,99.71831,85.35211,99.43662,99.71831,99.43662,99.71831,99.43662,99.43662
74.34782,55.36232,54.78261,25.07246,25.65217,55.36232,99.85507,99.85507,99.85507,25.50725,99.85507,99.85507
24.00691,24.17962,24.17962,23.66149,24.00691,24.17962,24.52504,99.65458,24.52504,23.66149,24.52504,24.52504
0,0,0,0,0,0,0,0,0,0,0,0,80.21978,0.2747253,51.64835,0.5494506,99.72527,99.72527,16.20879,99.45055,99.45055,99.72527,99.72527,79.12088,99.72527,99.72527,16.48352,99.72527,99.72527,99.72527,16.20879,99.45055,99.45055,99.72527,99.72527,79.12088,99.72527,99.72527,16.48352,99.72527,99.72527,99.72527,16.20879,99.45055,99.45055,99.72527,99.72527,79.12088,99.72527,99.72527
99.69879,99.69879,99.69879,35.24096,99.69879,99.69879,99.69879,99.69879,99.69879,46.08434,99.69879,99.69879
99.71831,85.35211,84.78873,76.61972,99.71831,85.35211,99.43662,99.71831,99.43662,99.71831,99.43662,99.43662
74.34782,55.36232,54.78261,25.07246,25.65217,55.36232,99.85507,99.85507,99.85507,25.50725,99.85507,99.85507
24.00691,24.17962,24.17962,23.66149,24.00691,24.17962,24.52504,99.65458,24.52504,23.66149,24.52504,24.52504
0,0,0,0,0,0,0,0,0,0,0,0,99.45055,99.72527,99.72527,99.45055,99.72527,99.72527,16.20879,99.45055,99.45055,99.72527,99.72527,79.12088,99.72527,99.72527,16.48352,99.72527,99.72527,99.72527,16.20879,99.45055,99.45055,99.72527,99.72527,79.12088,99.72527,99.72527,16.48352,99.72527,99.72527,99.72527,16.20879,99.45055,99.45055,99.72527,99.72527,79.12088,99.72527,99.72527
99.69879,99.69879,99.69879,35.24096,99.69879,99.69879,99.69879,99.69879,99.69879,46.08434,99.69879,99.69879
99.71831,85.35211,84.78873,76.61972,99.71831,85.35211,99.43662,99.71831,99.43662,99.71831,99.43662,99.43662
74.34782,55.36232,54.78261,25.07246,25.65217,55.36232,99.85507,99.85507,99.85507,25.50725,99.85507,99.85507
24.00691,24.17962,24.17962,23.66149,24.00691,24.17962,24.52504,99.65458,24.52504,23.66149,24.52504,24.52504
0,0,0,0,0,0,0,0,0,0,0,0,99.72527,99.45055,0.8241758,12.08791,99.72527,99.72527,16.20879,99.45055,99.45055,99.72527,99.72527,79.12088,99.72527,99.72527,16.48352,99.72527,99.72527,99.72527,16.20879,99.45055,99.45055,99.72527,99.72527,79.12088,99.72527,99.72527,16.48352,99.72527,99.72527,99.72527,16.20879,99.45055,99.45055,99.72527,99.72527,79.12088,99.72527,99.72527
99.69879,99.69879,99.69879,35.24096,99.69879,99.69879,99.69879,99.69879,99.69879,46.08434,99.69879,99.69879
99.71831,85.35211,84.78873,76.61972,99.71831,85.35211,99.43662,99.71831,99.43662,99.71831,99.43662,99.43662
74.34782,55.36232,54.78261,25.07246,25.65217,55.36232,99.85507,99.85507,99.85507,25.50725,99.85507,99.85507
24.00691,24.17962,24.17962,23.66149,24.00691,24.17962,24.52504,99.65458,24.52504,23.66149,24.52504,24.52504
0,0,0,0,0,0,0,0,0,0,0,0,99.72527,99.72527,99.72527,1.373626,99.72527,99.72527,16.20879,99.45055,99.45055,99.72527,99.72527,79.12088,99.72527,99.72527,16.48352,99.72527,99.72527,99.72527,16.20879,99.45055,99.45055,99.72527,99.72527,79.12088,99.72527,99.72527,16.48352,99.72527,99.72527,99.72527,16.20879,99.45055,99.45055,99.72527,99.72527,79.12088,99.72527,99.72527
99.69879,99.69879,99.69879,35.24096,99.69879,99.69879,99.69879,99.69879,99.69879,46.08434,99.69879,99.69879
99.71831,85.35211,84.78873,76.61972,99.71831,85.35211,99.43662,99.71831,99.43662,99.71831,99.43662,99.43662
74.34782,55.36232,54.78261,25.07246,25.65217,55.36232,99.85507,99.85507,99.85507,25.50725,99.85507,99.85507
24.00691,24.17962,24.17962,23.66149,24.00691,24.17962,24.52504,99.65458,24.52504,23.66149,24.52504,24.52504
0,0,0,0,0,0,0,0,0,0,0,0,99.72527,4.120879,0.5494506,12.91209,99.72527,99.72527,16.20879,99.45055,99.45055,99.72527,99.72527,79.12088,99.72527,99.72527,16.48352,99.72527,99.72527,99.72527,16.20879,99.45055,99.45055,99.72527,99.72527,79.12088,99.72527,99.72527,16.48352,99.72527,99.72527,99.72527,16.20879,99.45055,99.45055,99.72527,99.72527,79.12088,99.72527,99.72527
99.69879,99.69879,99.69879,35.24096,99.69879,99.69879,99.69879,99.69879,99.69879,46.08434,99.69879,99.69879
99.71831,85.35211,84.78873,76.61972,99.71831,85.35211,99.43662,99.71831,99.43662,99.71831,99.43662,99.43662
74.34782,55.36232,54.78261,25.07246,25.65217,55.36232,99.85507,99.85507,99.85507,25.50725,99.85507,99.85507
24.00691,24.17962,24.17962,23.66149,24.00691,24.17962,24.52504,99.65458,24.52504,23.66149,24.52504,24.52504
0,0,0,0,0,0,0,0,0,0,0,0,99.45055,0.2747253,0.2747253,4.120879,99.72527,99.72527,16.20879,99.45055,99.45055,99.72527,99.72527,79.12088,99.72527,99.72527,16.48352,99.72527,99.72527,99.72527,16.20879,99.45055,99.45055,99.72527,99.72527,79.12088,99.72527,99.72527,16.48352,99.72527,99.72527,99.72527,16.20879,99.45055,99.45055,99.72527,99.72527,79.12088,99.72527,99.72527
99.69879,99.69879,99.69879,35.24096,99.69879,99.69879,99.69879,99.69879,99.69879,46.08434,99.69879,99.69879
99.71831,85.35211,84.78873,76.61972,99.71831,85.35211,99.43662,99.71831,99.43662,99.71831,99.43662,99.43662
74.34782,55.36232,54.78261,25.07246,25.65217,55.36232,99.85507,99.85507,99.85507,25.50725,99.85507,99.85507
24.00691,24.17962,24.17962,23.66149,24.00691,24.17962,24.52504,99.65458,24.52504,23.66149,24.52504,24.52504
0,0,0,0,0,0,0,0,0,0,0,0,53.57143,0.5494506,0.2747253,10.98901,99.72527,99.72527,16.20879,99.45055,99.45055,99.72527,99.72527,79.12088,99.72527,99.72527,16.48352,99.72527,99.72527,99.72527,16.20879,99.45055,99.45055,99.72527,99.72527,79.12088,99.72527,99.72527,16.48352,99.72527,99.72527,99.72527,16.20879,99.45055,99.45055,99.72527,99.72527,79.12088,99.72527,99.72527
99.69879,99.69879,99.69879,35.24096,99.69879,99.69879,99.69879,99.69879,99.69879,46.08434,99.69879,99.69879
99.71831,85.35211,84.78873,76.61972,99.71831,85.35211,99.43662,99.71831,99.43662,99.71831,99.43662,99.43662
74.34782,55.36232,54.78261,25.07246,25.65217,55.36232,99.85507,99.85507,99.85507,25.50725,99.85507,99.85507
24.00691,24.17962,24.17962,23.66149,24.00691,24.17962,24.52504,99.65458,24.52504,23.66149,24.52504,24.52504
