0.439759
1.024096
4.048193
5.981928
9.861445
13.60241
20.40361
28.06024
43.79518
52.26506
48.86145
48.35542
52.60843
54.03012
60.48795
56.03614
46.86145
46.19277
46.01807
45.62651
46.63855
46.6988
50.79518
48.6506
43.6747
49.06627
46.81325
44.39759
48.98193
45.78313
43.94578
50.01807
50.37952
47.04217
48.57229
43.27711
48.51807
50.57229
46.26506
45.12651
49.81325
46.71687
48.45783
52.21687
46.3494
48.27108
48.94578
50.27108
53.57831
49.03614
52.33735
49.51807
45.28313
48.33735
51.57831
43.49398
47.42169
45.24096
48.21084
46.81325
49.48193
46.3494
51.75904
46.20482
49.99398
44.81928
52.89759
44.56627
51.45181
51.54819
47.90361
