5.28022
7.532967
13.68132
26.97802
26.48901
26.64835
26.69231
29.26374
34.22527
48.42308
95.98351
93.66483
93.07143
93.67583
96.32417
88.2967
86.71978
89.88461
88.34066
88.40659
88.50549
87.79121
90.59341
89.08791
87.83517
86.82967
90.76923
80.94505
82.71429
82.5989
82.48351
83.16483
84.43407
81.04945
81.09341
82.44505
81.92308
84.9011
82.96703
82.85165
82.89561
82.85165
84.56044
84.06044
80.84066
81.95605
80.87912
85.85165
79.75824
78.96703
79.96154
81.13736
78.53297
77.15934
81.53846
78.00549
81.67583
76.96154
77.18681
77.45605
79.94505
79.20879
78.92857
78.5
79.96154
81.91758
79.48901
76.96154
78.24176
77.39561
78.9011
