1.290141
1.380282
1.791549
4.721127
10.17465
17.05352
34.58028
49.84789
79.04789
82.52394
80.58591
81.42535
82.30986
82.28732
84.69859
82.42254
80.82817
84.99718
79.75211
82.7662
86.76057
86.4
84.87888
91.49296
95.38592
97.03098
94.25352
95.34084
91.66197
88.03381
91.75211
88.07324
87.88169
87.23943
87.9831
89.31831
86.61408
84.45634
89.53239
89.69014
88.10704
87.08733
87.89859
88.82253
87.77465
85.89859
86.45634
89.53239
88.43944
89.98873
86.73239
89.60564
85.98873
86.24226
86.45634
89.53239
88.68732
88.09014
87.74084
86.07887
86.18591
87.75774
87.85915
88.15775
87.86479
89.43662
88.69296
86.8
89.53239
89.9324
88.25352
