1.66494
2.397237
3.689119
8.020725
16.51468
27.21589
45.32988
56.27979
55.32642
53.057
45.76857
46.69085
43.25043
46.92919
48.93264
44.4525
49.8791
48.48359
46.35924
48.26598
43.69948
46.70812
49.44732
46.31779
48.65285
48.07945
44.90501
44.96373
43.92746
50.06908
45.31606
50.37997
47.73402
51.23316
50.04836
49.35061
49.7133
47.4715
46.72539
51.82038
49.92746
43.47841
48.06908
44.51468
45.93092
50.1658
50.62176
48.02763
51.15371
50.57686
49.72021
51.78584
48.02763
48.41796
45.962
49.02936
44.97409
46.3247
46.28325
48.69775
46.43523
42.80829
46.67358
43.31952
48.60794
44.21762
47.74093
40.58377
43.98273
41.98618
45.1399
