0.552677
0.8082902
0.7081174
1.236615
2.131261
6.031088
6.031088
6.265976
6.241796
6.459413
6.317789
6.393783
6.006908
6.15544
6.162349
5.982729
5.937824
6.124352
5.219344
5.582038
5.143351
5.789292
5.93437
6.393783
6.953368
7.164076
7.025907
8.497409
11.80311
18.18653
22.69775
23.18135
23.10535
23.46459
23.31261
22.80484
22.68048
22.20725
22.7323
23.18135
22.13126
22.34542
22.54922
23.65803
23.68221
23.68221
23.2677
23.68221
23.19516
23.82038
23.69948
22.78066
23.69948
23.21243
23.37133
24.50086
24.7772
25.39206
29.15717
33.1468
49.24698
96.31779
92.51122
92.67012
92.50086
94.31434
92.51122
90.41106
87.79275
