2.24525
4.395605
4.34237
4.084507
2.5
7.800806
10.89744
24.7992
23.26291
19.83092
7.800806
10.59982
23.44378
21.99531
18.65942
7.843984
10.18773
20.55723
19.2723
15.82126
9.153713
18.0174
25.2761
27.8169
20.6401
14.57973
47.89377
51.63153
53.4507
27.28261
24.2084
99.72527
36.59639
77.86385
32.07729
24.2084
98.14561
37.09839
78.56808
32.06522
24.69775
99.72527
99.69879
85.6338
99.85507
24.69775
99.72527
99.69879
85.6338
99.85507
24.69775
99.72527
99.69879
85.6338
99.85507
30.94416
99.72527
99.69879
86.80751
99.85507
99.82729
99.54212
99.69879
94.64789
85.02415
99.82729
99.56502
99.69879
94.67136
85.06039
