2.065934
3.587912
6.620879
14.14286
19.97253
47.85714
47.82418
49.0989
41.91209
42.92308
38.63736
38.88462
38.7033
38.98901
38.71429
38.73077
38.98901
38.73626
38.90659
39.13187
38.65934
40.10989
37.64286
37.99451
37.31868
49.67033
49.63736
49.56593
49.32418
50.60989
50
50.75275
50.65385
50.56593
49.3956
49.59341
49.6044
49.63736
49.56044
49.62637
50.37912
49.87912
49.34615
49.75824
49.31868
49.39011
50.5989
49.33516
50.40659
49.78571
50.86264
51.38462
49.89011
49.60989
49.30769
50.52198
49.37912
49.56593
50.3956
50.34615
50.37363
49.35714
50.05495
49.32967
50.40659
49.30769
50.42308
50.91758
51.68132
50.8956
49.58791
