24.1784
19.13043
10.82326
20.39835
25.42671
86.57277
25.1087
23.48877
99.72527
36.39558
99.46009
25.47101
23.51756
99.47344
49.42269
99.46009
25.44686
23.53195
99.49634
49.39759
99.46009
25.44686
23.53195
99.49634
49.39759
99.46009
25.44686
23.53195
99.49634
49.39759
99.46009
25.44686
23.53195
99.49634
49.39759
99.48357
25.43478
23.56074
99.47344
49.39759
99.48357
25.43478
23.56074
99.47344
49.39759
99.71831
25.27778
23.92055
99.67949
56.75201
99.71831
25.27778
23.90616
99.67949
62.12349
99.71831
25.27778
23.90616
99.67949
62.12349
99.71831
25.27778
23.90616
99.67949
62.12349
99.71831
25.27778
23.90616
99.67949
62.12349
