7.608696
3.33909
10.87454
5.321285
4.976526
21.73913
8.146229
12.59157
27.73594
26.47887
21.78744
8.160622
12.54579
27.78614
26.47887
21.88406
8.26137
28.41117
28.01205
26.61972
22.40338
8.69315
75.82417
28.91566
27.15962
23.15217
12.47841
76.78571
30.42169
41.87793
99.85507
93.39378
99.47344
99.69879
99.69484
99.85507
93.39378
99.47344
99.69879
99.69484
99.85507
93.42257
99.49634
99.69879
99.64789
99.85507
93.43696
99.47344
99.69879
99.62441
99.85507
93.43696
99.47344
99.69879
99.62441
99.85507
93.43696
99.47344
99.69879
99.62441
99.85507
93.43696
99.47344
99.69879
99.62441
99.85507
93.43696
99.47344
99.69879
99.62441
