0.9710145
1.504348
3.104348
6.884058
13.46087
17.8058
14.83188
14.84638
14.78551
15.27246
14.86957
15.67536
14.81159
15.62319
15.26087
14.86667
15.23188
16.85797
18.4
21.02899
20.6
21.04927
21.04638
21.15652
19.90435
19.44348
20.75362
21.47536
20.43768
21.74203
27.5971
42.77681
90.13913
90.97971
86.52464
90.08116
88.97392
88.12464
88.95652
89.06377
89.64348
91.08696
89.83768
85.27536
85.18841
91.70724
87.90725
89.94493
89.47826
89.46087
89.0116
89.32754
91.07536
87.45507
89.03478
91.5971
89.41449
88.93333
88.78551
89.3971
90.36812
90.97971
87.84927
92.48985
89.90145
89.85797
88.93044
89.41739
92.69855
