9.821428
8.283133
7.857143
8.652482
38.53022
29.29217
25.64286
21.38298
64.6978
40.51205
25.85714
21.56028
81.79945
54.89458
25.71428
21.56028
87.70605
99.69879
25.78572
21.56028
99.45055
99.69879
26.57143
21.84397
99.45055
99.69879
26.64286
21.84397
99.45055
99.69879
28.14286
21.87943
99.45055
99.69879
28.21428
21.87943
99.51923
99.69879
28.14286
21.84397
99.51923
99.69879
28.14286
21.84397
99.45055
99.69879
28.35714
21.91489
99.45055
99.69879
28.35714
21.91489
99.45055
99.69879
28.21428
21.84397
