0.01126761
0.2140845
0.8732395
4.439436
17.04225
51.47042
81.00282
80.30986
84.20845
96.13521
97.73521
85.13803
81.46479
83.34084
86.38309
85.52113
81.79155
81.91549
85.35211
63.00282
65.81972
65.9831
65.89859
64.16901
64.72113
65.31268
64.25352
65.89859
64.18591
66.10704
64.27042
64.16338
67.09296
64.16338
66.68732
59.81408
59.69014
63.90986
66.10141
65.84225
66.98028
70.52958
67.47606
85.53802
86.85634
82.24789
84.29859
87.25634
84.30986
82.14085
86.68169
86.62535
82.78873
82.8
84.61408
85.84789
83.29578
80.14648
81.68451
84.7493
87.13239
81.43662
81.12112
82.81126
83.03662
82.98028
80.99155
81.52676
82.90141
79.27887
79.71831
