2:0.2816902,0.2816902,0,0,0,0,0,0,0,0,0,0
3:1.014493,2.753623,0,0,0,0,0,0,0,0,0,0
4:4.145078,7.081174,0,0,0,0,0,0,0,0,0,0
0:3.296703,4.120879,0.2747253,0.2747253,0.2747253,0.2747253,0.2747253,0.2747253,0.2747253,0.5494506,0.2747253,0.5494506
1:0.3012048,0.3012048,0,0,0,0,0,0,0,0,0,0
2:99.43662,85.91549,85.91549,85.91549,85.91549,85.91549,85.91549,85.91549,85.91549,85.91549,85.91549,85.91549
3:74.49275,25.21739,25.21739,25.21739,25.21739,25.21739,25.21739,25.21739,25.21739,25.21739,25.21739,25.21739
4:24.17962,23.66149,23.66149,23.66149,23.66149,23.66149,23.66149,23.66149,23.66149,23.66149,23.66149,23.66149
0:99.45055,99.45055,99.45055,99.45055,99.45055,99.45055,99.45055,99.45055,99.45055,99.45055,99.45055,99.45055
1:99.69879,45.48193,45.48193,45.48193,45.48193,45.48193,45.48193,45.48193,45.48193,45.48193,45.48193,45.48193
2:99.71831,99.71831,99.43662,99.43662,99.43662,99.43662,99.43662,99.43662,99.43662,99.43662,99.43662,99.43662
3:24.92754,99.85507,74.49275,25.50725,74.49275,74.49275,74.49275,74.49275,74.49275,74.49275,74.49275,74.49275
4:24.35233,99.82729,24.17962,24.00691,24.17962,24.17962,24.17962,24.17962,24.17962,24.17962,24.17962,24.17962
0:99.72527,99.72527,99.45055,99.72527,99.45055,99.45055,99.45055,99.45055,99.45055,99.45055,99.45055,99.45055
1:99.69879,99.69879,99.69879,99.69879,99.69879,99.69879,99.69879,99.69879,99.69879,99.69879,99.69879,99.69879
2:99.71831,99.71831,99.43662,99.43662,99.43662,99.43662,99.43662,99.43662,99.43662,99.43662,99.43662,99.43662
3:24.92754,99.85507,74.49275,25.50725,74.49275,74.49275,74.49275,74.49275,74.49275,74.49275,74.49275,74.49275
4:24.35233,99.82729,24.17962,24.00691,24.17962,24.17962,24.17962,24.17962,24.17962,24.17962,24.17962,24.17962
0:99.72527,99.72527,99.45055,99.72527,99.45055,99.45055,99.45055,99.45055,99.45055,99.45055,99.45055,99.45055
1:99.69879,99.69879,99.69879,99.69879,99.69879,99.69879,99.69879,99.69879,99.69879,99.69879,99.69879,99.69879
2:99.71831,99.71831,99.71831,99.43662,99.43662,99.43662,99.43662,99.43662,99.43662,99.43662,99.43662,99.43662
3:24.92754,99.85507,25.65217,74.49275,25.7971,25.50725,74.49275,74.49275,74.49275,74.49275,74.49275,74.49275
4:24.35233,99.82729,24.00691,24.17962,99.82729,24.00691,24.17962,24.17962,24.17962,24.17962,24.17962,24.17962
0:99.72527,99.72527,99.45055,99.45055,99.72527,99.72527,99.45055,99.45055,99.45055,99.45055,99.45055,99.45055
1:99.69879,99.69879,99.69879,99.69879,99.69879,99.69879,99.69879,99.69879,99.69879,99.69879,99.69879,99.69879
2:99.71831,99.71831,99.71831,99.43662,99.43662,99.43662,99.43662,99.43662,99.43662,99.43662,99.43662,99.43662
3:24.92754,99.85507,25.65217,74.49275,25.7971,25.50725,74.49275,74.49275,74.49275,74.49275,74.49275,74.49275
4:24.35233,99.82729,24.00691,24.17962,99.82729,24.00691,24.17962,24.17962,24.17962,24.17962,24.17962,24.17962
0:99.72527,99.72527,99.45055,99.45055,99.72527,99.72527,99.45055,99.45055,99.45055,99.45055,99.45055,99.45055
1:99.69879,99.69879,99.69879,99.69879,99.69879,99.69879,99.69879,99.69879,99.69879,99.69879,99.69879,99.69879
2:99.71831,99.71831,99.71831,99.43662,99.43662,99.43662,99.43662,99.43662,99.43662,99.43662,99.43662,99.43662
3:24.92754,99.85507,25.65217,74.49275,25.7971,25.50725,74.49275,74.49275,74.49275,74.49275,74.49275,74.49275
4:24.35233,99.82729,24.00691,24.17962,99.82729,24.00691,24.17962,24.17962,24.17962,24.17962,24.17962,24.17962
0:99.72527,99.72527,99.45055,99.45055,99.72527,99.72527,99.45055,99.45055,99.45055,99.45055,99.45055,99.45055
1:99.69879,99.69879,99.69879,99.69879,99.69879,99.69879,99.69879,99.69879,99.69879,99.69879,99.69879,99.69879
2:99.71831,99.71831,99.71831,99.71831,99.43662,99.43662,99.43662,99.43662,99.43662,99.43662,99.43662,99.43662
3:24.92754,99.85507,25.65217,25.94203,74.49275,25.7971,25.50725,74.49275,74.49275,74.49275,74.49275,74.49275
4:24.35233,99.82729,24.00691,24.35233,24.17962,99.82729,24.00691,24.17962,24.17962,24.17962,24.17962,24.17962
0:99.72527,99.72527,99.45055,99.72527,99.45055,99.72527,99.72527,99.45055,99.45055,99.45055,99.45055,99.45055
1:99.69879,99.69879,99.69879,99.69879,99.69879,99.69879,99.69879,99.69879,99.69879,99.69879,99.69879,99.69879
2:99.71831,99.71831,99.71831,99.71831,99.71831,99.71831,99.71831,99.43662,99.43662,99.43662,99.43662,99.43662
3:24.92754,99.85507,99.85507,99.85507,25.65217,25.94203,99.85507,74.49275,25.7971,25.50725,74.49275,74.49275
4:24.35233,99.82729,24.52504,99.65458,24.00691,24.35233,99.82729,24.17962,99.82729,24.00691,24.17962,24.17962
0:99.72527,99.72527,99.45055,99.72527,99.45055,99.72527,99.72527,99.45055,99.72527,99.72527,99.45055,99.45055
1:99.69879,99.69879,99.69879,99.69879,99.69879,99.69879,99.69879,99.69879,99.69879,99.69879,99.69879,99.69879
2:99.71831,99.71831,99.71831,99.71831,99.71831,99.71831,99.71831,99.71831,99.71831,99.71831,99.71831,99.71831
3:24.92754,99.85507,99.85507,74.05797,99.85507,99.85507,73.76811,99.85507,25.65217,25.94203,99.85507,99.85507
4:24.35233,99.82729,99.65458,24.17962,99.65458,24.52504,24.00691,99.65458,24.00691,24.35233,99.82729,99.65458
0:99.72527,99.72527,99.45055,99.72527,99.45055,99.45055,99.72527,99.72527,99.45055,99.72527,99.72527,99.45055
1:99.69879,99.69879,99.69879,99.69879,99.69879,99.69879,99.69879,99.69879,99.69879,99.69879,99.69879,99.69879
2:99.71831,99.71831,99.71831,99.71831,99.71831,99.71831,99.71831,99.71831,99.71831,99.71831,99.71831,99.71831
3:24.92754,99.85507,99.85507,74.05797,99.85507,99.85507,73.76811,99.85507,25.65217,25.94203,99.85507,99.85507
4:24.35233,99.82729,99.65458,24.17962,99.65458,24.52504,24.00691,99.65458,24.00691,24.35233,99.82729,99.65458
0:99.72527,99.72527,99.45055,99.72527,99.45055,99.45055,99.72527,99.72527,99.45055,99.72527,99.72527,99.45055
1:99.69879,99.69879,99.69879,99.69879,99.69879,99.69879,99.69879,99.69879,99.69879,99.69879,99.69879,99.69879
2:99.71831,99.71831,99.71831,99.71831,99.71831,99.71831,99.71831,99.71831,99.71831,99.71831,99.71831,99.71831
3:24.92754,99.85507,99.85507,99.85507,99.85507,74.05797,99.85507,99.85507,73.76811,99.85507,25.65217,25.94203
4:24.35233,99.82729,24.35233,99.65458,99.82729,24.17962,99.65458,24.52504,24.00691,99.65458,24.00691,24.35233
0:99.72527,99.72527,99.45055,99.45055,99.72527,99.72527,99.45055,99.45055,99.72527,99.72527,99.45055,99.72527
1:99.69879,99.69879,99.69879,99.69879,99.69879,99.69879,99.69879,99.69879,99.69879,99.69879,99.69879,99.69879
2:99.71831,99.71831,99.71831,99.71831,99.71831,99.71831,99.71831,99.71831,99.71831,99.71831,99.71831,99.71831
3:25.07246,24.92754,99.85507,99.85507,99.85507,99.85507,74.05797,99.85507,99.85507,73.76811,99.85507,25.65217
4:36.26943,24.35233,99.82729,24.35233,99.65458,99.82729,24.17962,99.65458,24.52504,24.00691,99.65458,24.00691
0:99.72527,99.72527,99.72527,99.45055,99.45055,99.72527,99.72527,99.45055,99.45055,99.72527,99.72527,99.45055
1:99.69879,99.69879,99.69879,99.69879,99.69879,99.69879,99.69879,99.69879,99.69879,99.69879,99.69879,99.69879
2:99.71831,99.71831,99.71831,99.71831,99.71831,99.71831,99.71831,99.71831,99.71831,99.71831,99.71831,99.71831
3:25.07246,24.92754,99.85507,99.85507,99.85507,99.85507,74.05797,99.85507,99.85507,73.76811,99.85507,25.65217
4:36.26943,24.35233,99.82729,24.35233,99.65458,99.82729,24.17962,99.65458,24.52504,24.00691,99.65458,24.00691
0:99.72527,99.72527,99.72527,99.45055,99.45055,99.72527,99.72527,99.45055,99.45055,99.72527,99.72527,99.45055
1:99.69879,99.69879,99.69879,99.69879,99.69879,99.69879,99.69879,99.69879,99.69879,99.69879,99.69879,99.69879
