9.814257
15.86854
11.54589
11.9171
30.86081
99.69879
90.23474
60.06039
24.07887
99.67949
99.69879
98.3568
64.44444
24.0213
99.67949
99.69879
97.1831
62.88647
24.06448
99.67949
99.69879
97.1831
62.88647
24.06448
99.67949
99.69879
97.1831
60.73671
24.03569
99.65659
99.69879
97.1831
60.73671
24.03569
99.65659
99.69879
97.1831
60.73671
24.03569
99.65659
99.69879
97.1831
60.73671
24.03569
99.65659
99.69879
97.1831
60.73671
24.03569
99.65659
99.69879
97.1831
60.73671
24.03569
99.65659
99.69879
97.1831
60.73671
24.03569
99.65659
99.69879
97.1831
60.73671
24.03569
99.65659
99.69879
97.1831
60.73671
24.03569
99.65659
