0.2771084
0.2891566
0.3012048
0.4096386
0.9096386
0.8855422
0.8795181
0.9156626
0.8915663
0.8915663
0.9036145
0.9096386
0.8975903
0.9156626
0.8975903
0.8915663
0.8915663
0.8915663
1.072289
0.9216868
0.9156626
1.13253
0.9277108
0.9277108
1.475904
1.463855
1.963855
3.753012
5.855422
19.48795
27.15663
27.87349
28.1747
31.22289
33.55422
35.40964
38.78916
58.57831
92.63856
85.83132
85.91566
87.36144
85.27109
85.88554
88.1747
89.63253
91.75903
91.51807
89.79518
91.57229
85.98795
85.51807
86.39156
86.35542
88.13253
89.43976
83.75903
82.71085
84.1265
82.95181
82.6506
81.69277
82.31927
82.58434
84.60844
83.69277
83.86747
83.69277
85.37952
