0,0,0,0,0,0,0,0,0,0,0,0,0.3012048,0,0.3012048,0.3012048,0,0,12.04819,0,0,0,0,0,0,0,0.3012048,0.3012048,0,0,0,0,0.3012048,0,0,0,0,0,0,0.3012048,0,0.3012048,0.3012048,0,0,0,0,0,0,0
11.26761,0.2816902,0.2816902,0.2816902,0.2816902,0.2816902,0.2816902,0.2816902,0.2816902,0.2816902,0,0
2.463768,0.4347826,0.4347826,6.521739,1.304348,1.304348,0.2898551,0.1449275,1.304348,1.304348,0.1449275,0
3.626943,0.6908463,0.6908463,1.208981,2.590674,2.590674,0.3454231,0.1727116,2.590674,2.590674,0.1727116,0
6.318681,3.296703,3.846154,4.120879,4.67033,4.67033,3.296703,2.747253,4.67033,4.67033,1.373626,0.2747253
0,0,0,0,0,0,0,0,0,0,0,0,0.3012048,0.3012048,0.3012048,0.3012048,0.3012048,0.3012048,12.04819,0.3012048,0,0,0,0,0.3012048,0,0.3012048,0.3012048,0.3012048,0.3012048,0.3012048,0.3012048,0,0,0,0,0.3012048,0,0.3012048,0.3012048,0.3012048,0.3012048,0.3012048,0.3012048,0,0,0,0,0.3012048,0
23.09859,11.26761,0.2816902,0.2816902,0.2816902,0.2816902,0.2816902,0.2816902,0.2816902,0.2816902,0.2816902,0.2816902
21.5942,2.463768,1.304348,1.304348,1.304348,1.304348,1.304348,1.304348,0.4347826,1.304348,0.4347826,1.304348
5.699482,3.626943,2.590674,2.590674,2.590674,2.590674,2.590674,2.590674,0.6908463,2.590674,0.6908463,2.590674
9.065934,6.318681,4.67033,4.67033,4.67033,4.67033,4.67033,4.67033,3.296703,4.67033,3.846154,4.67033
0,0,0,0,0,0,0,0,0,0,0,0,0.3012048,0.3012048,0.3012048,0.3012048,0.3012048,0.3012048,12.04819,0,0,0,0,0,0.3012048,0,0.3012048,0.3012048,0.3012048,0.3012048,0.3012048,0,0,0,0,0,0.3012048,0,0.3012048,0.3012048,0.3012048,0.3012048,0.3012048,0,0,0,0,0,0.3012048,0
23.09859,11.26761,0.2816902,0.2816902,0.2816902,0.2816902,0.2816902,0.2816902,0.2816902,0.2816902,0.2816902,0.2816902
21.5942,2.463768,1.304348,1.304348,1.304348,1.304348,1.304348,1.304348,1.304348,0.4347826,1.304348,0.4347826
5.699482,3.626943,2.590674,2.590674,2.590674,2.590674,2.590674,2.590674,2.590674,0.6908463,2.590674,0.6908463
9.065934,6.318681,4.67033,4.67033,4.67033,4.67033,4.67033,4.67033,4.67033,3.296703,4.67033,3.846154
0,0,0,0,0,0,0,0,0,0,0,0,0.3012048,0.3012048,0.3012048,0.3012048,0.3012048,0.3012048,12.04819,0,0,0,0,0,0.3012048,0,0.3012048,0.3012048,0.3012048,0.3012048,0.3012048,0,0,0,0,0,0.3012048,0,0.3012048,0.3012048,0.3012048,0.3012048,0.3012048,0,0,0,0,0,0.3012048,0
23.09859,11.26761,0.2816902,0.2816902,0.2816902,0.2816902,0.2816902,0.2816902,0.2816902,0.2816902,0.2816902,0.2816902
21.5942,2.463768,1.304348,1.304348,1.304348,1.304348,1.304348,1.304348,0.4347826,1.304348,0.4347826,1.304348
5.699482,3.626943,2.590674,2.590674,2.590674,2.590674,2.590674,2.590674,0.6908463,2.590674,0.6908463,2.590674
9.065934,6.318681,4.67033,4.67033,4.67033,4.67033,4.67033,4.67033,3.296703,4.67033,3.846154,4.67033
0,0,0,0,0,0,0,0,0,0,0,0,0.3012048,0.3012048,0.3012048,0.3012048,0.3012048,0.3012048,12.04819,0.3012048,0,0,0.3012048,0,0.3012048,0,0.3012048,0.3012048,0.3012048,0.3012048,0.3012048,0.3012048,0,0,0.3012048,0,0.3012048,0,0.3012048,0.3012048,0.3012048,0.3012048,0.3012048,0.3012048,0,0,0.3012048,0,0.3012048,0
23.09859,11.26761,0.2816902,0.2816902,0.2816902,0.2816902,0.2816902,0.2816902,0.2816902,0.2816902,0.2816902,0.2816902
21.5942,2.463768,1.304348,1.304348,1.304348,1.304348,1.304348,1.304348,0.4347826,1.304348,1.304348,1.304348
5.699482,3.626943,2.590674,2.590674,2.590674,2.590674,2.590674,2.590674,0.6908463,2.590674,2.590674,2.590674
9.065934,6.318681,4.67033,4.67033,4.67033,4.67033,4.67033,4.67033,3.296703,4.67033,4.67033,4.67033
0,0,0,0,0,0,0,0,0,0,0,0,0.3012048,0.3012048,0,0.3012048,0.3012048,0.3012048,12.04819,0.3012048,0.3012048,0,0,0,29.51807,0,0.3012048,0,0.3012048,0.3012048,0.3012048,0.3012048,0.3012048,0,0,0,29.51807,0,0.3012048,0,0.3012048,0.3012048,0.3012048,0.3012048,0.3012048,0,0,0,29.51807,0
58.02817,58.02817,58.02817,11.26761,0.2816902,0.2816902,0.2816902,0.2816902,0.2816902,0.2816902,0.2816902,0.2816902
23.04348,23.04348,23.04348,2.463768,1.304348,1.304348,1.304348,1.304348,1.304348,1.304348,0.4347826,1.304348
8.981002,8.981002,8.981002,3.626943,2.590674,2.590674,2.590674,2.590674,2.590674,2.590674,0.6908463,2.590674
76.0989,76.0989,76.0989,6.318681,4.67033,4.67033,4.67033,4.67033,4.67033,4.67033,3.296703,4.67033
0,0,0,0,0,0,0,0,0,0,0,0,29.51807,29.51807,29.51807,4.518072,29.51807,29.51807,29.51807,29.51807,29.51807,29.51807,29.51807,28.01205,35.24096,29.51807,29.51807,29.51807,29.51807,29.51807,29.51807,29.51807,29.51807,29.51807,29.51807,28.01205,35.24096,29.51807,29.51807,29.51807,29.51807,29.51807,29.51807,29.51807,29.51807,29.51807,29.51807,28.01205,35.24096,29.51807
77.46479,85.6338,85.6338,85.6338,58.02817,58.02817,58.02817,58.02817,58.02817,58.02817,58.02817,58.02817
25.07246,25.07246,25.07246,25.07246,23.04348,23.04348,23.04348,23.04348,23.04348,23.04348,23.04348,23.04348
24.00691,17.61658,17.61658,17.61658,8.981002,8.981002,8.981002,8.981002,8.981002,8.981002,8.981002,8.981002
81.04395,99.72527,99.72527,99.72527,76.0989,76.0989,76.0989,76.0989,76.0989,76.0989,76.0989,76.0989
0,0,0,0,0,0,0,0,0,0,0,0,35.24096,99.69879,99.69879,99.69879,99.69879,99.69879,99.69879,35.24096,35.84337,35.84337,35.24096,35.84337,35.24096,35.24096,35.24096,35.84337,35.24096,35.84337,35.84337,99.69879,35.84337,35.84337,99.69879,99.69879,99.69879,99.69879,99.69879,35.24096,35.24096,35.84337,35.24096,35.24096,35.24096,35.24096,99.69879,99.69879,99.69879,99.69879
85.6338,85.35211,85.35211,85.6338,99.43662,85.35211,99.43662,99.43662,99.43662,85.6338,99.43662,99.43662
55.07246,26.23188,25.50725,55.07246,25.7971,26.23188,25.7971,25.7971,25.7971,55.07246,25.7971,25.7971
24.35233,24.17962,23.8342,24.35233,24.00691,24.17962,24.00691,24.00691,24.00691,24.35233,24.00691,24.00691
99.45055,99.45055,99.72527,99.45055,99.72527,99.45055,99.72527,99.72527,99.72527,99.45055,99.72527,99.72527
0,0,0,0,0,0,0,0,0,0,0,0,99.69879,99.69879,99.69879,99.69879,99.69879,99.69879,99.69879,99.69879,99.69879,99.69879,99.69879,27.71084,99.69879,99.69879,46.08434,99.69879,99.69879,99.69879,99.69879,99.69879,99.69879,99.69879,99.69879,27.71084,99.69879,99.69879,46.08434,99.69879,99.69879,99.69879,99.69879,99.69879,99.69879,99.69879,99.69879,27.71084,99.69879,99.69879
85.6338,85.35211,85.35211,99.43662,85.35211,99.43662,99.43662,85.6338,99.43662,85.6338,99.43662,85.35211
55.07246,26.23188,25.50725,25.7971,26.23188,25.7971,25.7971,55.07246,25.7971,55.07246,25.7971,26.23188
24.35233,24.17962,23.8342,24.00691,24.17962,24.00691,24.00691,24.35233,24.00691,24.35233,24.00691,24.17962
99.45055,99.45055,99.72527,99.72527,99.45055,99.72527,99.72527,99.45055,99.72527,99.45055,99.72527,99.45055
0,0,0,0,0,0,0,0,0,0,0,0,99.69879,99.69879,99.69879,34.63855,99.69879,99.69879,99.69879,99.69879,99.69879,99.69879,99.69879,99.69879,99.69879,99.69879,99.69879,46.08434,99.69879,99.69879,99.69879,99.69879,99.69879,99.69879,99.69879,99.69879,99.69879,99.69879,99.69879,46.08434,99.69879,99.69879,99.69879,99.69879,99.69879,99.69879,99.69879,99.69879,99.69879,99.69879
85.6338,85.35211,99.71831,85.35211,99.43662,85.35211,99.43662,99.43662,85.6338,99.43662,85.6338,99.43662
55.07246,26.23188,25.65217,25.50725,25.7971,26.23188,25.7971,25.7971,55.07246,25.7971,55.07246,25.7971
24.35233,24.17962,24.17962,23.8342,24.00691,24.17962,24.00691,24.00691,24.35233,24.00691,24.35233,24.00691
99.45055,99.45055,99.45055,99.72527,99.72527,99.45055,99.72527,99.72527,99.45055,99.72527,99.45055,99.72527
0,0,0,0,0,0,0,0,0,0,0,0,99.69879,99.69879,0,27.10843,46.08434,99.69879,99.69879,99.69879,99.69879,99.69879,99.69879,99.69879,99.69879,45.78313,99.69879,99.69879,46.08434,99.69879,99.69879,99.69879,99.69879,99.69879,99.69879,99.69879,99.69879,45.78313,99.69879,99.69879,46.08434,99.69879,99.69879,99.69879,99.69879,99.69879,99.69879,99.69879,99.69879,45.78313
85.6338,99.43662,85.35211,99.71831,85.35211,99.43662,85.35211,99.43662,99.43662,85.6338,99.43662,85.6338
55.07246,74.34782,26.23188,25.65217,25.50725,25.7971,26.23188,25.7971,25.7971,55.07246,25.7971,55.07246
24.35233,24.17962,24.17962,24.17962,23.8342,24.00691,24.17962,24.00691,24.00691,24.35233,24.00691,24.35233
99.45055,99.72527,99.45055,99.45055,99.72527,99.72527,99.45055,99.72527,99.72527,99.45055,99.72527,99.45055
0,0,0,0,0,0,0,0,0,0,0,0,99.69879,50.60241,0.3012048,0,99.69879,46.08434,99.69879,99.69879,99.69879,99.69879,99.69879,99.69879,99.69879,45.78313,10.24096,99.69879,99.69879,46.08434,99.69879,99.69879,99.69879,99.69879,99.69879,99.69879,99.69879,45.78313,10.24096,99.69879,99.69879,46.08434,99.69879,99.69879,99.69879,99.69879,99.69879,99.69879,99.69879,45.78313
85.6338,99.43662,85.35211,99.71831,99.71831,85.35211,99.43662,85.35211,99.43662,99.43662,85.6338,99.43662
55.07246,74.34782,26.23188,26.23188,25.65217,25.50725,25.7971,26.23188,25.7971,25.7971,55.07246,25.7971
24.35233,24.17962,24.17962,23.66149,24.17962,23.8342,24.00691,24.17962,24.00691,24.00691,24.35233,24.00691
99.45055,99.72527,99.45055,99.72527,99.45055,99.72527,99.72527,99.45055,99.72527,99.72527,99.45055,99.72527
0,0,0,0,0,0,0,0,0,0,0,0,99.69879,28.01205,3.012048,0,99.69879,46.08434,99.69879,99.69879,99.69879,99.69879,99.69879,99.69879,99.69879,45.78313,10.24096,99.69879,99.69879,46.08434,99.69879,99.69879,99.69879,99.69879,99.69879,99.69879,99.69879,45.78313,10.24096,99.69879,99.69879,46.08434,99.69879,99.69879,99.69879,99.69879,99.69879,99.69879,99.69879,45.78313
85.6338,99.43662,85.35211,99.71831,99.71831,85.35211,99.43662,85.35211,99.43662,99.43662,85.6338,99.43662
55.07246,74.34782,26.23188,26.23188,25.65217,25.50725,25.7971,26.23188,25.7971,25.7971,55.07246,25.7971
24.35233,24.17962,24.17962,23.66149,24.17962,23.8342,24.00691,24.17962,24.00691,24.00691,24.35233,24.00691
99.45055,99.72527,99.45055,99.72527,99.45055,99.72527,99.72527,99.45055,99.72527,99.72527,99.45055,99.72527
0,0,0,0,0,0,0,0,0,0,0,0,99.69879,0,99.69879,0.3012048,99.69879,46.08434,99.69879,99.69879,99.69879,99.69879,99.69879,99.69879,99.69879,45.78313,10.24096,99.69879,99.69879,46.08434,99.69879,99.69879,99.69879,99.69879,99.69879,99.69879,99.69879,45.78313,10.24096,99.69879,99.69879,46.08434,99.69879,99.69879,99.69879,99.69879,99.69879,99.69879,99.69879,45.78313
85.6338,99.43662,85.35211,99.71831,99.71831,85.35211,99.43662,85.35211,99.43662,99.43662,85.6338,99.43662
55.07246,74.34782,26.23188,26.23188,25.65217,25.50725,25.7971,26.23188,25.7971,25.7971,55.07246,25.7971
24.35233,24.17962,24.17962,23.66149,24.17962,23.8342,24.00691,24.17962,24.00691,24.00691,24.35233,24.00691
99.45055,99.72527,99.45055,99.72527,99.45055,99.72527,99.72527,99.45055,99.72527,99.72527,99.45055,99.72527
