0.8351648
0.8241758
1.642857
5.307693
15.3022
46.40659
49.87912
52.45604
51.54396
52.91209
46.41209
46.7033
45.41758
46.23077
47.24725
47.36813
45.66484
48.11538
49.78022
60.89011
59.83516
69.57143
64.02747
68.58791
77.87912
71.14286
70.4011
70.89011
72.05495
69.78571
69.56593
70.30769
71.29121
70.2967
72.12637
69.50549
74.18132
68.24725
70.74176
69.74725
70.40659
69.47253
71.1978
70.23627
70.16483
70.26373
70.97802
69.23077
70.01099
71.50549
70.07692
71.9011
71.65385
72.38461
73.18132
68.22527
68.46703
71.96154
72.03846
68.47802
70.43956
71.42308
68.76923
70.4011
68.68132
69.42308
70.4011
68.27473
71.66483
