0.2253521
1.864789
8.850704
25.22817
34.25916
46.64789
78.81126
81.18874
83.6338
86.02254
86.45071
94.10704
90.90704
89.2
91.24507
93.6
91.86479
93.50986
90.10704
91.88169
90.10704
91.74648
90.09577
91.74648
93.5662
90.03381
93.35775
90.70986
91.22817
91.78592
91.9831
91.81409
93.52113
90.75493
90.03944
90.09577
90.03944
94.47324
86.94648
87.2169
86.37746
87.76338
84.33803
86.03944
86.25916
89.05352
88.45634
85.87042
87.52676
86.95775
89.48169
89.29578
87.44225
87.72395
85.73521
86.27042
88.95211
87.50986
87.45352
86.50704
87.9831
87.50423
89.14366
86.25352
85.72958
87.75211
87.44788
85.80282
85.79718
