3.661972,0,0,0,0,0,0,0,2.816901,0,0,0,0,0,0,0,0,0,0,0,0.2816902,3.661972,0,0,0,0,0,0,0,0,0,0.2816902,0,0,0,0,0,0,0,0,0,0,0,0.2816902,0,0,0,0.2816902,0,0
3.661972,0,0,0,2.816901,0,0,0,0,0,0,0,0,27.32394,0,0,0,0,0,0,0.2816902,3.661972,0,0,0,0,0,27.32394,0,0,0,0.2816902,0,0,0,0,0,0,0,0,27.32394,0,0,0.2816902,0,0,0,0.2816902,0,0
0,27.60563,0,0,0,32.95774,0,0,0,0,0,0,0,27.32394,0,0,0,0,23.09859,27.32394,27.32394,0,0,0,32.95774,0,0,27.32394,0,0,0,0.2816902,23.09859,27.32394,27.32394,0,0,0,32.95774,0,27.32394,0,0,0.2816902,0,0,23.09859,0.2816902,27.32394,27.32394
86.19718,25.35211,32.67606,0,27.32394,32.95774,27.32394,27.32394,27.32394,27.32394,0,0,0,32.95774,0,32.95774,32.95774,32.95774,27.32394,27.32394,27.32394,27.32394,27.32394,27.32394,32.95774,27.32394,0,27.32394,0,32.95774,32.95774,32.95774,32.95774,27.32394,27.32394,27.32394,27.32394,27.32394,32.95774,27.32394,27.32394,27.32394,27.32394,0,0,32.95774,32.95774,32.95774,27.32394,27.32394
86.19718,0.2816902,85.07042,0,0,32.95774,32.95774,32.95774,32.95774,32.95774,32.95774,32.95774,32.95774,32.95774,85.35211,32.95774,32.95774,32.95774,0,32.95774,32.95774,32.95774,32.95774,32.95774,32.95774,32.95774,32.95774,32.95774,32.95774,32.95774,32.95774,32.95774,32.95774,32.95774,85.35211,0,32.95774,32.95774,32.95774,32.95774,32.95774,32.95774,32.95774,32.95774,32.95774,32.95774,32.95774,85.35211,0,32.95774
86.19718,0,27.04225,0,0,32.95774,32.95774,32.95774,32.95774,32.95774,32.95774,32.95774,32.95774,32.95774,85.35211,32.95774,32.95774,32.95774,32.95774,32.95774,32.95774,85.35211,86.19718,85.35211,85.35211,32.95774,32.95774,32.95774,32.95774,32.95774,32.95774,32.95774,32.95774,85.35211,85.35211,86.19718,85.35211,85.35211,32.95774,32.95774,32.95774,32.95774,32.95774,32.95774,32.95774,32.95774,85.35211,85.35211,86.19718,85.35211
86.19718,2.253521,0.2816902,0,0,85.35211,85.35211,85.35211,85.35211,85.35211,85.35211,85.35211,85.35211,86.19718,86.19718,86.19718,86.19718,85.35211,85.35211,85.35211,85.35211,85.35211,86.19718,85.35211,85.35211,85.35211,85.35211,86.19718,86.19718,86.19718,86.19718,85.35211,85.35211,85.35211,85.35211,86.19718,85.35211,85.35211,85.35211,85.35211,85.35211,85.35211,85.35211,85.35211,86.19718,86.19718,85.35211,85.35211,86.19718,85.35211
86.19718,90.70422,0.2816902,0,3.380282,86.19718,86.19718,86.19718,86.19718,86.19718,86.19718,86.19718,86.19718,86.19718,86.19718,86.19718,86.19718,86.19718,86.19718,86.19718,86.19718,86.19718,86.19718,86.19718,86.19718,86.19718,86.19718,86.19718,86.19718,86.19718,86.19718,86.19718,86.19718,86.19718,86.19718,86.19718,86.19718,86.19718,86.19718,86.19718,86.19718,86.19718,86.19718,86.19718,86.19718,86.19718,86.19718,86.19718,86.19718,86.19718
85.35211,90.70422,2.253521,85.6338,0,86.19718,86.19718,86.19718,86.19718,86.19718,86.19718,86.19718,86.19718,86.19718,86.19718,86.19718,86.19718,86.19718,86.19718,86.19718,86.19718,86.19718,86.19718,85.91549,99.43662,86.19718,86.19718,86.19718,86.19718,86.19718,86.19718,86.19718,86.19718,86.19718,86.19718,85.91549,99.43662,86.19718,86.19718,86.19718,86.19718,86.19718,86.19718,86.19718,86.19718,86.19718,86.19718,85.91549,99.43662,86.19718
99.71831,90.70422,0,0,86.19718,86.19718,86.19718,86.19718,86.19718,86.19718,86.19718,86.19718,86.19718,86.19718,86.19718,86.19718,86.19718,86.19718,86.19718,86.19718,86.19718,99.43662,99.43662,99.43662,99.43662,86.19718,86.19718,86.19718,86.19718,86.19718,86.19718,86.19718,86.19718,86.19718,99.43662,99.43662,99.43662,99.43662,86.19718,86.19718,86.19718,86.19718,86.19718,86.19718,86.19718,86.19718,86.19718,99.43662,99.43662,99.43662
99.71831,0,0.2816902,0,0,99.43662,99.43662,86.19718,86.19718,86.19718,86.19718,86.19718,86.19718,86.19718,86.19718,86.19718,99.43662,99.43662,99.43662,99.43662,99.43662,99.43662,99.43662,99.43662,99.43662,99.43662,99.43662,99.43662,99.43662,32.95774,99.43662,99.43662,99.43662,99.43662,99.43662,99.43662,99.43662,99.43662,99.43662,99.43662,99.43662,99.43662,99.43662,99.43662,99.43662,32.95774,99.43662,99.43662,99.43662,99.43662
99.71831,0,26.19718,85.6338,85.6338,99.43662,99.43662,99.43662,99.43662,99.43662,99.43662,99.43662,99.43662,99.43662,99.43662,32.95774,99.43662,99.43662,99.43662,99.43662,99.43662,99.43662,99.43662,99.43662,99.43662,99.43662,99.43662,99.43662,99.43662,99.43662,99.43662,99.43662,99.43662,99.43662,99.43662,99.43662,99.43662,99.43662,99.43662,99.43662,99.43662,99.43662,99.43662,99.43662,99.43662,99.43662,99.43662,99.43662,99.43662,99.43662
99.71831,18.02817,0.2816902,85.6338,0,99.43662,99.43662,99.43662,99.43662,99.43662,99.43662,99.43662,99.43662,99.43662,99.43662,99.43662,99.43662,99.43662,99.43662,99.43662,99.43662,99.43662,99.43662,99.43662,99.43662,99.43662,99.43662,99.43662,99.43662,99.43662,99.43662,99.43662,99.43662,99.43662,99.43662,99.43662,32.95774,99.43662,99.43662,99.43662,99.43662,99.43662,99.43662,99.43662,99.43662,99.43662,99.43662,99.43662,32.95774,99.43662
99.71831,0,0,0,85.07042,99.43662,99.43662,99.43662,99.43662,99.43662,99.43662,99.43662,99.43662,99.43662,99.43662,99.43662,99.43662,99.43662,99.43662,99.43662,99.43662,99.43662,99.43662,99.43662,32.95774,99.43662,99.43662,99.43662,99.43662,99.43662,99.43662,99.43662,99.43662,99.43662,99.43662,99.43662,32.95774,99.43662,99.43662,99.43662,99.43662,99.43662,99.43662,99.43662,99.43662,99.43662,99.43662,99.43662,32.95774,99.43662
99.71831,2.253521,99.43662,85.6338,0,99.43662,99.43662,99.43662,99.43662,99.43662,99.43662,99.43662,99.43662,99.43662,99.43662,99.43662,99.43662,99.43662,99.43662,99.43662,99.43662,99.43662,99.43662,99.43662,32.95774,99.43662,99.43662,99.43662,99.43662,99.43662,99.43662,99.43662,99.43662,99.43662,99.43662,99.43662,32.95774,99.43662,99.43662,99.43662,99.43662,99.43662,99.43662,99.43662,99.43662,99.43662,99.43662,99.43662,32.95774,99.43662
99.71831,3.098592,99.43662,89.29578,85.6338,99.43662,99.43662,99.43662,99.43662,99.43662,99.43662,99.43662,99.43662,99.43662,99.43662,0.2816902,99.43662,99.43662,99.43662,99.43662,99.43662,99.43662,99.43662,99.43662,85.6338,89.01408,99.43662,99.43662,99.43662,99.43662,99.43662,99.43662,99.43662,99.43662,99.43662,99.43662,85.6338,89.01408,99.43662,99.43662,99.43662,99.43662,99.43662,99.43662,99.43662,99.43662,99.43662,99.43662,85.6338,89.01408
99.71831,85.35211,99.43662,0,3.380282,99.43662,99.43662,99.43662,99.43662,99.43662,99.43662,99.43662,99.43662,99.43662,99.43662,2.816901,99.43662,99.43662,99.43662,99.43662,99.43662,99.43662,99.43662,99.43662,85.6338,89.01408,99.43662,99.43662,99.43662,99.43662,99.43662,99.43662,99.43662,99.43662,99.43662,99.43662,85.6338,89.01408,99.43662,99.43662,99.43662,99.43662,99.43662,99.43662,99.43662,99.43662,99.43662,99.43662,85.6338,89.01408
99.71831,85.07042,99.43662,85.91549,0,99.43662,99.43662,99.43662,99.43662,99.43662,99.43662,99.43662,99.43662,99.43662,99.43662,2.816901,99.43662,99.43662,99.43662,99.43662,99.43662,99.43662,99.43662,99.43662,85.6338,89.01408,99.43662,99.43662,99.43662,99.43662,99.43662,99.43662,99.43662,99.43662,99.43662,99.43662,85.6338,89.01408,99.43662,99.43662,99.43662,99.43662,99.43662,99.43662,99.43662,99.43662,99.43662,99.43662,85.6338,89.01408
99.71831,0,99.43662,0,0,99.43662,99.43662,99.43662,99.43662,99.43662,99.43662,99.43662,99.43662,99.43662,99.43662,3.661972,99.43662,99.43662,99.43662,99.43662,99.43662,99.43662,99.43662,99.43662,85.6338,89.01408,99.43662,99.43662,99.43662,99.43662,99.43662,99.43662,99.43662,99.43662,99.43662,99.43662,85.6338,89.01408,99.43662,99.43662,99.43662,99.43662,99.43662,99.43662,99.43662,99.43662,99.43662,99.43662,85.6338,89.01408
99.71831,3.661972,99.43662,3.098592,0,99.43662,99.43662,99.43662,99.43662,99.43662,99.43662,99.43662,99.43662,99.43662,99.43662,85.6338,99.43662,99.43662,99.43662,99.43662,99.43662,99.43662,99.43662,99.43662,85.6338,89.01408,99.43662,99.43662,99.43662,99.43662,99.43662,99.43662,99.43662,99.43662,99.43662,99.43662,85.6338,89.01408,99.43662,99.43662,99.43662,99.43662,99.43662,99.43662,99.43662,99.43662,99.43662,99.43662,85.6338,89.01408
99.71831,0,99.43662,0.2816902,3.098592,99.43662,99.43662,99.43662,99.43662,99.43662,99.43662,99.43662,99.43662,99.43662,99.43662,0.2816902,99.43662,99.43662,99.43662,99.43662,99.43662,99.43662,99.43662,99.43662,85.6338,89.01408,99.43662,99.43662,99.43662,99.43662,99.43662,99.43662,99.43662,99.43662,99.43662,99.43662,85.6338,89.01408,99.43662,99.43662,99.43662,99.43662,99.43662,99.43662,99.43662,99.43662,99.43662,99.43662,85.6338,89.01408
99.71831,0,99.43662,85.35211,0,99.43662,99.43662,99.43662,99.43662,99.43662,99.43662,99.43662,99.43662,99.43662,99.43662,0.2816902,99.43662,99.43662,99.43662,99.43662,99.43662,99.43662,99.43662,99.43662,85.6338,89.01408,99.43662,99.43662,99.43662,99.43662,99.43662,99.43662,99.43662,99.43662,99.43662,99.43662,85.6338,89.01408,99.43662,99.43662,99.43662,99.43662,99.43662,99.43662,99.43662,99.43662,99.43662,99.43662,85.6338,89.01408
99.71831,0,99.43662,0,2.816901,99.43662,99.43662,99.43662,99.43662,99.43662,99.43662,99.43662,99.43662,99.43662,99.43662,0.2816902,99.43662,99.43662,99.43662,99.43662,99.43662,99.43662,99.43662,99.43662,85.6338,89.01408,99.43662,99.43662,99.43662,99.43662,99.43662,99.43662,99.43662,99.43662,99.43662,99.43662,85.6338,89.01408,99.43662,99.43662,99.43662,99.43662,99.43662,99.43662,99.43662,99.43662,99.43662,99.43662,85.6338,89.01408
99.71831,85.6338,99.43662,0,0,99.43662,99.43662,99.43662,99.43662,99.43662,99.43662,99.43662,99.43662,99.43662,99.43662,0,99.43662,99.43662,99.43662,99.43662,99.43662,99.43662,99.43662,99.43662,85.6338,89.01408,99.43662,99.43662,99.43662,99.43662,99.43662,99.43662,99.43662,99.43662,99.43662,99.43662,85.6338,89.01408,99.43662,99.43662,99.43662,99.43662,99.43662,99.43662,99.43662,99.43662,99.43662,99.43662,85.6338,89.01408
99.71831,0,99.43662,85.07042,91.54929,99.43662,99.43662,99.43662,99.43662,99.43662,99.43662,99.43662,99.43662,99.43662,99.43662,0,99.43662,99.43662,99.43662,99.43662,99.43662,99.43662,99.43662,99.43662,85.6338,89.01408,99.43662,99.43662,99.43662,99.43662,99.43662,99.43662,99.43662,99.43662,99.43662,99.43662,85.6338,89.01408,99.43662,99.43662,99.43662,99.43662,99.43662,99.43662,99.43662,99.43662,99.43662,99.43662,85.6338,89.01408
99.71831,0,99.43662,0,0,99.43662,99.43662,99.43662,99.43662,99.43662,99.43662,99.43662,99.43662,99.43662,99.43662,0,99.43662,99.43662,99.43662,99.43662,99.43662,99.43662,99.43662,99.43662,85.6338,89.01408,99.43662,99.43662,99.43662,99.43662,99.43662,99.43662,99.43662,99.43662,99.43662,99.43662,85.6338,89.01408,99.43662,99.43662,99.43662,99.43662,99.43662,99.43662,99.43662,99.43662,99.43662,99.43662,85.6338,89.01408
99.71831,0,99.43662,89.57746,76.61972,99.43662,99.43662,99.43662,99.43662,99.43662,99.43662,99.43662,99.43662,99.43662,99.43662,0,99.43662,99.43662,99.43662,99.43662,99.43662,99.43662,99.43662,99.43662,85.6338,89.01408,99.43662,99.43662,99.43662,99.43662,99.43662,99.43662,99.43662,99.43662,99.43662,99.43662,85.6338,89.01408,99.43662,99.43662,99.43662,99.43662,99.43662,99.43662,99.43662,99.43662,99.43662,99.43662,85.6338,89.01408
99.71831,0,99.43662,0,33.80282,99.43662,99.43662,99.43662,99.43662,99.43662,99.43662,99.43662,99.43662,99.43662,99.43662,0,99.43662,99.43662,99.43662,99.43662,99.43662,99.43662,99.43662,99.43662,85.6338,89.01408,99.43662,99.43662,99.43662,99.43662,99.43662,99.43662,99.43662,99.43662,99.43662,99.43662,85.6338,89.01408,99.43662,99.43662,99.43662,99.43662,99.43662,99.43662,99.43662,99.43662,99.43662,99.43662,85.6338,89.01408
99.71831,26.76056,99.43662,32.95774,0,99.43662,99.43662,99.43662,99.43662,99.43662,99.43662,99.43662,99.43662,99.43662,99.43662,0,99.43662,99.43662,99.43662,99.43662,99.43662,99.43662,99.43662,99.43662,85.6338,89.01408,99.43662,99.43662,99.43662,99.43662,99.43662,99.43662,99.43662,99.43662,99.43662,99.43662,85.6338,89.01408,99.43662,99.43662,99.43662,99.43662,99.43662,99.43662,99.43662,99.43662,99.43662,99.43662,85.6338,89.01408
99.71831,85.35211,99.43662,2.253521,0,99.43662,99.43662,99.43662,99.43662,99.43662,99.43662,99.43662,99.43662,99.43662,99.43662,0,99.43662,99.43662,99.43662,99.43662,99.43662,99.43662,99.43662,99.43662,85.6338,89.01408,99.43662,99.43662,99.43662,99.43662,99.43662,99.43662,99.43662,99.43662,99.43662,99.43662,85.6338,89.01408,99.43662,99.43662,99.43662,99.43662,99.43662,99.43662,99.43662,99.43662,99.43662,99.43662,85.6338,89.01408
99.71831,3.661972,99.43662,3.380282,0,99.43662,99.43662,99.43662,99.43662,99.43662,99.43662,99.43662,99.43662,99.43662,99.43662,90.42254,99.43662,99.43662,99.43662,99.43662,99.43662,99.43662,99.43662,99.43662,85.6338,89.01408,99.43662,99.43662,99.43662,99.43662,99.43662,99.43662,99.43662,99.43662,99.43662,99.43662,85.6338,89.01408,99.43662,99.43662,99.43662,99.43662,99.43662,99.43662,99.43662,99.43662,99.43662,99.43662,85.6338,89.01408
99.71831,0.2816902,99.43662,85.35211,0,99.43662,99.43662,99.43662,99.43662,99.43662,99.43662,99.43662,99.43662,99.43662,99.43662,3.380282,99.43662,99.43662,99.43662,99.43662,99.43662,99.43662,99.43662,99.43662,85.6338,89.01408,99.43662,99.43662,99.43662,99.43662,99.43662,99.43662,99.43662,99.43662,99.43662,99.43662,85.6338,89.01408,99.43662,99.43662,99.43662,99.43662,99.43662,99.43662,99.43662,99.43662,99.43662,99.43662,85.6338,89.01408
99.71831,85.91549,99.43662,0,88.45071,99.43662,99.43662,99.43662,99.43662,99.43662,99.43662,99.43662,99.43662,99.43662,99.43662,0,99.43662,99.43662,99.43662,99.43662,99.43662,99.43662,99.43662,99.43662,85.6338,89.01408,99.43662,99.43662,99.43662,99.43662,99.43662,99.43662,99.43662,99.43662,99.43662,99.43662,85.6338,89.01408,99.43662,99.43662,99.43662,99.43662,99.43662,99.43662,99.43662,99.43662,99.43662,99.43662,85.6338,89.01408
99.71831,32.67606,99.43662,0,0.2816902,99.43662,99.43662,99.43662,99.43662,99.43662,99.43662,99.43662,99.43662,99.43662,99.43662,3.098592,99.43662,99.43662,99.43662,99.43662,99.43662,99.43662,99.43662,99.43662,85.6338,89.01408,99.43662,99.43662,99.43662,99.43662,99.43662,99.43662,99.43662,99.43662,99.43662,99.43662,85.6338,89.01408,99.43662,99.43662,99.43662,99.43662,99.43662,99.43662,99.43662,99.43662,99.43662,99.43662,85.6338,89.01408
99.71831,0,99.43662,0,0.2816902,99.43662,99.43662,99.43662,99.43662,99.43662,99.43662,99.43662,99.43662,99.43662,99.43662,0,99.43662,99.43662,99.43662,99.43662,99.43662,99.43662,99.43662,99.43662,85.6338,89.01408,99.43662,99.43662,99.43662,99.43662,99.43662,99.43662,99.43662,99.43662,99.43662,99.43662,85.6338,89.01408,99.43662,99.43662,99.43662,99.43662,99.43662,99.43662,99.43662,99.43662,99.43662,99.43662,85.6338,89.01408
99.71831,3.098592,99.43662,0,0,99.43662,99.43662,99.43662,99.43662,99.43662,99.43662,99.43662,99.43662,99.43662,99.43662,0,99.43662,99.43662,99.43662,99.43662,99.43662,99.43662,99.43662,99.43662,85.6338,89.01408,99.43662,99.43662,99.43662,99.43662,99.43662,99.43662,99.43662,99.43662,99.43662,99.43662,85.6338,89.01408,99.43662,99.43662,99.43662,99.43662,99.43662,99.43662,99.43662,99.43662,99.43662,99.43662,85.6338,89.01408
99.71831,0,99.43662,0,0,99.43662,99.43662,99.43662,99.43662,99.43662,99.43662,99.43662,99.43662,99.43662,99.43662,0.2816902,99.43662,99.43662,99.43662,99.43662,99.43662,99.43662,99.43662,99.43662,85.6338,89.01408,99.43662,99.43662,99.43662,99.43662,99.43662,99.43662,99.43662,99.43662,99.43662,99.43662,85.6338,89.01408,99.43662,99.43662,99.43662,99.43662,99.43662,99.43662,99.43662,99.43662,99.43662,99.43662,85.6338,89.01408
99.71831,99.71831,99.43662,89.29578,0.2816902,99.43662,99.43662,99.43662,99.43662,99.43662,99.43662,99.43662,99.43662,99.43662,99.43662,32.67606,99.43662,99.43662,99.43662,99.43662,99.43662,99.43662,99.43662,99.43662,85.6338,89.01408,99.43662,99.43662,99.43662,99.43662,99.43662,99.43662,99.43662,99.43662,99.43662,99.43662,85.6338,89.01408,99.43662,99.43662,99.43662,99.43662,99.43662,99.43662,99.43662,99.43662,99.43662,99.43662,85.6338,89.01408
99.71831,99.71831,99.43662,34.3662,0,99.43662,99.43662,99.43662,99.43662,99.43662,99.43662,99.43662,99.43662,99.43662,99.43662,0.2816902,99.43662,99.43662,99.43662,99.43662,99.43662,99.43662,99.43662,99.43662,0,85.35211,89.01408,99.43662,99.43662,99.43662,99.43662,99.43662,99.43662,99.43662,99.43662,99.43662,0,85.35211,89.01408,99.43662,99.43662,99.43662,99.43662,99.43662,99.43662,99.43662,99.43662,99.43662,0,85.35211
99.71831,99.71831,99.43662,32.11267,25.07042,99.43662,99.43662,99.43662,99.43662,99.43662,99.43662,99.43662,99.43662,99.43662,0,90.42254,99.43662,99.43662,99.43662,99.43662,99.43662,99.43662,99.43662,99.43662,0,85.35211,89.01408,99.43662,99.43662,99.43662,99.43662,99.43662,99.43662,99.43662,99.43662,99.43662,0,85.35211,89.01408,99.43662,99.43662,99.43662,99.43662,99.43662,99.43662,99.43662,99.43662,99.43662,0,85.35211
99.71831,99.71831,99.43662,0,25.07042,99.43662,99.43662,99.43662,99.43662,99.43662,99.43662,99.43662,99.43662,99.43662,80.28169,0.2816902,99.43662,99.43662,99.43662,99.43662,99.43662,99.43662,99.43662,99.43662,0,85.35211,89.01408,99.43662,99.43662,99.43662,99.43662,99.43662,99.43662,99.43662,99.43662,99.43662,0,85.35211,89.01408,99.43662,99.43662,99.43662,99.43662,99.43662,99.43662,99.43662,99.43662,99.43662,0,85.35211
99.71831,99.71831,99.43662,3.380282,0,99.43662,99.43662,99.43662,99.43662,99.43662,99.43662,99.43662,99.43662,99.43662,85.91549,85.6338,99.43662,99.43662,99.43662,99.43662,99.43662,99.43662,99.43662,99.43662,0,85.35211,89.01408,99.43662,99.43662,99.43662,99.43662,99.43662,99.43662,99.43662,99.43662,99.43662,0,85.35211,89.01408,99.43662,99.43662,99.43662,99.43662,99.43662,99.43662,99.43662,99.43662,99.43662,0,85.35211
99.71831,99.71831,99.43662,0.2816902,3.380282,99.43662,99.43662,99.43662,99.43662,99.43662,99.43662,99.43662,99.43662,99.43662,0,0,99.43662,99.43662,99.43662,99.43662,99.43662,99.43662,99.43662,99.43662,0,85.35211,89.01408,99.43662,99.43662,99.43662,99.43662,99.43662,99.43662,99.43662,99.43662,99.43662,0,85.35211,89.01408,99.43662,99.43662,99.43662,99.43662,99.43662,99.43662,99.43662,99.43662,99.43662,0,85.35211
99.71831,99.71831,99.43662,0,0,99.43662,99.43662,99.43662,99.43662,99.43662,99.43662,99.43662,99.43662,99.43662,0,88.73239,99.43662,99.43662,99.43662,99.43662,99.43662,99.43662,99.43662,99.43662,0,85.35211,89.01408,99.43662,99.43662,99.43662,99.43662,99.43662,99.43662,99.43662,99.43662,99.43662,0,85.35211,89.01408,99.43662,99.43662,99.43662,99.43662,99.43662,99.43662,99.43662,99.43662,99.43662,0,85.35211
99.71831,99.71831,99.43662,0,0,99.43662,99.43662,99.43662,99.43662,99.43662,99.43662,99.43662,99.43662,99.43662,99.71831,0,99.43662,99.43662,99.43662,99.43662,99.43662,99.43662,99.43662,99.43662,0,85.35211,89.01408,99.43662,99.43662,99.43662,99.43662,99.43662,99.43662,99.43662,99.43662,99.43662,0,85.35211,89.01408,99.43662,99.43662,99.43662,99.43662,99.43662,99.43662,99.43662,99.43662,99.43662,0,85.35211
99.71831,99.71831,0,85.6338,0,99.43662,99.43662,99.43662,99.43662,99.43662,99.43662,99.43662,99.43662,99.43662,99.71831,89.57746,99.43662,99.43662,99.43662,99.43662,99.43662,99.43662,99.43662,99.43662,0,99.71831,99.43662,99.43662,99.43662,99.43662,99.43662,99.43662,99.43662,99.43662,99.43662,99.43662,0,99.71831,99.43662,99.43662,99.43662,99.43662,99.43662,99.43662,99.43662,99.43662,99.43662,99.43662,0,99.71831
99.71831,99.71831,99.43662,85.35211,0,0,99.71831,85.35211,99.43662,99.43662,99.43662,99.43662,99.43662,99.43662,99.71831,99.43662,99.43662,99.43662,99.43662,99.43662,99.43662,0,99.71831,99.71831,99.71831,99.71831,99.71831,85.35211,99.43662,99.43662,99.43662,99.43662,99.43662,99.43662,0,99.71831,99.71831,99.71831,99.71831,99.71831,85.35211,99.43662,99.43662,99.43662,99.43662,99.43662,99.43662,0,99.71831,99.71831
99.71831,99.71831,0,0,6.478873,0,99.71831,99.71831,99.71831,99.71831,99.71831,99.71831,99.71831,99.71831,99.71831,99.43662,0,99.71831,99.71831,99.71831,99.71831,99.71831,99.71831,99.71831,99.71831,99.71831,99.71831,99.71831,99.71831,99.71831,99.71831,99.71831,99.43662,0,99.71831,99.71831,99.71831,99.71831,99.71831,99.71831,99.71831,99.71831,99.71831,99.71831,99.71831,99.71831,99.71831,99.43662,0,99.71831
99.71831,99.71831,0,89.29578,0,0,99.71831,99.71831,99.71831,99.71831,99.71831,99.71831,99.71831,99.71831,99.71831,99.71831,99.71831,99.71831,99.71831,99.71831,99.71831,99.71831,99.71831,99.43662,0,99.71831,99.71831,99.71831,99.71831,99.71831,99.71831,99.71831,99.71831,99.71831,99.71831,99.43662,0,99.71831,99.71831,99.71831,99.71831,99.71831,99.71831,99.71831,99.71831,99.71831,99.71831,99.43662,0,99.71831
99.71831,99.71831,27.04225,32.95774,0,0,99.71831,99.71831,99.71831,99.71831,99.71831,99.71831,99.71831,99.71831,99.71831,99.71831,99.71831,99.71831,99.71831,99.71831,99.71831,99.71831,99.71831,99.71831,0,99.71831,99.71831,99.71831,99.71831,99.71831,99.71831,99.71831,99.71831,99.71831,99.71831,99.71831,0,99.71831,99.71831,99.71831,99.71831,99.71831,99.71831,99.71831,99.71831,99.71831,99.71831,99.71831,0,99.71831
99.71831,99.71831,0.2816902,86.19718,0,99.71831,99.71831,99.71831,99.71831,99.71831,99.71831,99.71831,99.71831,99.71831,99.71831,99.71831,99.71831,99.71831,99.71831,99.71831,99.71831,99.71831,99.71831,99.71831,0,99.71831,99.71831,99.71831,99.71831,99.71831,99.71831,99.71831,99.71831,99.71831,99.71831,99.71831,0,99.71831,99.71831,99.71831,99.71831,99.71831,99.71831,99.71831,99.71831,99.71831,99.71831,99.71831,0,99.71831
99.71831,99.71831,3.098592,85.6338,85.6338,99.71831,99.71831,99.71831,99.71831,99.71831,99.71831,99.71831,99.71831,99.71831,99.71831,3.943662,99.71831,99.71831,99.71831,99.71831,99.71831,99.71831,99.71831,99.71831,0,99.43662,99.43662,99.71831,99.71831,99.71831,99.71831,99.71831,99.71831,99.71831,99.71831,99.71831,0,99.43662,99.43662,99.71831,99.71831,99.71831,99.71831,99.71831,99.71831,99.71831,99.71831,99.71831,0,99.43662
99.71831,99.71831,0,0,85.6338,99.71831,99.71831,99.71831,99.71831,99.71831,99.71831,99.71831,99.71831,99.71831,99.71831,0,99.71831,99.71831,99.71831,99.71831,99.71831,99.71831,99.71831,99.71831,0,99.43662,99.43662,99.71831,99.71831,99.71831,99.71831,99.71831,99.71831,99.71831,99.71831,99.71831,0,99.43662,99.43662,99.71831,99.71831,99.71831,99.71831,99.71831,99.71831,99.71831,99.71831,99.71831,0,99.43662
99.71831,99.71831,0,0,0,99.71831,99.71831,99.71831,99.71831,99.71831,99.71831,99.71831,99.71831,99.71831,99.71831,99.71831,99.71831,99.71831,99.71831,99.71831,99.71831,99.71831,99.71831,99.71831,0,99.43662,99.43662,99.71831,99.71831,99.71831,99.71831,99.71831,99.71831,99.71831,99.71831,99.71831,0,99.43662,99.43662,99.71831,99.71831,99.71831,99.71831,99.71831,99.71831,99.71831,99.71831,99.71831,0,99.43662
99.71831,99.71831,0.2816902,0,0,99.71831,99.71831,99.71831,99.71831,99.71831,99.71831,99.71831,99.71831,99.71831,99.71831,0,99.71831,99.71831,99.71831,99.71831,99.71831,99.71831,99.71831,99.71831,0,99.43662,99.43662,99.71831,99.71831,99.71831,99.71831,99.71831,99.71831,99.71831,99.71831,99.71831,0,99.43662,99.43662,99.71831,99.71831,99.71831,99.71831,99.71831,99.71831,99.71831,99.71831,99.71831,0,99.43662
99.71831,99.71831,0,0,0,99.71831,99.71831,99.71831,99.71831,99.71831,99.71831,99.71831,99.71831,99.71831,99.71831,27.04225,99.71831,99.71831,99.71831,99.71831,99.71831,99.71831,99.71831,99.71831,0,99.43662,99.43662,99.71831,99.71831,99.71831,99.71831,99.71831,99.71831,99.71831,99.71831,99.71831,0,99.43662,99.43662,99.71831,99.71831,99.71831,99.71831,99.71831,99.71831,99.71831,99.71831,99.71831,0,99.43662
99.71831,99.71831,0,85.35211,75.77465,99.71831,99.71831,99.71831,99.71831,99.71831,99.71831,99.71831,99.71831,99.71831,99.71831,0,99.71831,99.71831,99.71831,99.71831,99.71831,99.71831,99.71831,99.71831,0,99.43662,99.43662,99.71831,99.71831,99.71831,99.71831,99.71831,99.71831,99.71831,99.71831,99.71831,0,99.43662,99.43662,99.71831,99.71831,99.71831,99.71831,99.71831,99.71831,99.71831,99.71831,99.71831,0,99.43662
99.71831,99.71831,0,3.098592,0,99.71831,99.71831,99.71831,99.71831,99.71831,99.71831,99.71831,99.71831,99.71831,99.71831,85.91549,99.71831,99.71831,99.71831,99.71831,99.71831,99.71831,99.71831,99.71831,0,99.43662,99.43662,99.71831,99.71831,99.71831,99.71831,99.71831,99.71831,99.71831,99.71831,99.71831,0,99.43662,99.43662,99.71831,99.71831,99.71831,99.71831,99.71831,99.71831,99.71831,99.71831,99.71831,0,99.43662
99.71831,99.71831,85.91549,0.2816902,0,99.71831,99.71831,99.71831,99.71831,99.71831,99.71831,99.71831,99.71831,99.71831,99.71831,0,99.71831,99.71831,99.71831,99.71831,99.71831,99.71831,99.71831,99.71831,0,99.43662,99.43662,99.71831,99.71831,99.71831,99.71831,99.71831,99.71831,99.71831,99.71831,99.71831,0,99.43662,99.43662,99.71831,99.71831,99.71831,99.71831,99.71831,99.71831,99.71831,99.71831,99.71831,0,99.43662
99.71831,99.71831,32.67606,3.661972,2.535211,99.71831,99.71831,99.71831,99.71831,99.71831,99.71831,99.71831,99.71831,99.71831,99.71831,0,99.71831,99.71831,99.71831,99.71831,99.71831,99.71831,99.71831,99.71831,0,99.43662,99.43662,99.71831,99.71831,99.71831,99.71831,99.71831,99.71831,99.71831,99.71831,99.71831,0,99.43662,99.43662,99.71831,99.71831,99.71831,99.71831,99.71831,99.71831,99.71831,99.71831,99.71831,0,99.43662
99.71831,99.71831,0,26.76056,0,99.71831,99.71831,99.71831,99.71831,99.71831,99.71831,99.71831,99.71831,99.71831,99.71831,85.91549,99.71831,99.71831,99.71831,99.71831,99.71831,99.71831,99.71831,99.71831,0,99.43662,99.43662,99.71831,99.71831,99.71831,99.71831,99.71831,99.71831,99.71831,99.71831,99.71831,0,99.43662,99.43662,99.71831,99.71831,99.71831,99.71831,99.71831,99.71831,99.71831,99.71831,99.71831,0,99.43662
99.71831,99.71831,0,0,2.535211,99.71831,99.71831,99.71831,99.71831,99.71831,99.71831,99.71831,99.71831,99.71831,99.71831,86.19718,99.71831,99.71831,99.71831,99.71831,99.71831,99.71831,99.71831,99.71831,0,99.43662,99.43662,99.71831,99.71831,99.71831,99.71831,99.71831,99.71831,99.71831,99.71831,99.71831,0,99.43662,99.43662,99.71831,99.71831,99.71831,99.71831,99.71831,99.71831,99.71831,99.71831,99.71831,0,99.43662
99.71831,99.71831,0,85.07042,85.6338,99.71831,99.71831,99.71831,99.71831,99.71831,99.71831,99.71831,99.71831,99.71831,99.71831,0,99.71831,99.71831,99.71831,99.71831,99.71831,99.71831,99.71831,99.71831,0,99.43662,99.43662,99.71831,99.71831,99.71831,99.71831,99.71831,99.71831,99.71831,99.71831,99.71831,0,99.43662,99.43662,99.71831,99.71831,99.71831,99.71831,99.71831,99.71831,99.71831,99.71831,99.71831,0,99.43662
99.71831,99.71831,0,0,0.2816902,99.71831,99.71831,99.71831,99.71831,99.71831,99.71831,99.71831,99.71831,99.71831,99.71831,25.91549,99.71831,99.71831,99.71831,99.71831,99.71831,99.71831,99.71831,99.71831,0,99.43662,99.43662,99.71831,99.71831,99.71831,99.71831,99.71831,99.71831,99.71831,99.71831,99.71831,0,99.43662,99.43662,99.71831,99.71831,99.71831,99.71831,99.71831,99.71831,99.71831,99.71831,99.71831,0,99.43662
99.71831,99.71831,0,0,0,99.71831,99.71831,99.71831,99.71831,99.71831,99.71831,99.71831,99.71831,99.71831,99.71831,0,99.71831,99.71831,99.71831,99.71831,99.71831,99.71831,99.71831,99.71831,0,99.43662,99.43662,99.71831,99.71831,99.71831,99.71831,99.71831,99.71831,99.71831,99.71831,99.71831,0,99.43662,99.43662,99.71831,99.71831,99.71831,99.71831,99.71831,99.71831,99.71831,99.71831,99.71831,0,99.43662
99.71831,99.71831,99.43662,0.2816902,1.408451,99.71831,99.71831,99.71831,99.71831,99.71831,99.71831,99.71831,99.71831,99.71831,99.71831,0,99.71831,99.71831,99.71831,99.71831,99.71831,99.71831,99.71831,99.71831,0,99.43662,99.43662,99.71831,99.71831,99.71831,99.71831,99.71831,99.71831,99.71831,99.71831,99.71831,0,99.43662,99.43662,99.71831,99.71831,99.71831,99.71831,99.71831,99.71831,99.71831,99.71831,99.71831,0,99.43662
99.71831,99.71831,0,85.6338,0.2816902,99.71831,99.71831,99.71831,99.71831,99.71831,99.71831,99.71831,99.71831,99.71831,99.71831,0,99.71831,99.71831,99.71831,99.71831,99.71831,99.71831,99.71831,99.71831,0,99.43662,99.43662,99.71831,99.71831,99.71831,99.71831,99.71831,99.71831,99.71831,99.71831,99.71831,0,99.43662,99.43662,99.71831,99.71831,99.71831,99.71831,99.71831,99.71831,99.71831,99.71831,99.71831,0,99.43662
99.71831,99.71831,0,0,0,99.71831,99.71831,99.71831,99.71831,99.71831,99.71831,99.71831,99.71831,99.71831,99.71831,3.661972,99.71831,99.71831,99.71831,99.71831,99.71831,99.71831,99.71831,99.71831,0,99.43662,99.43662,99.71831,99.71831,99.71831,99.71831,99.71831,99.71831,99.71831,99.71831,99.71831,0,99.43662,99.43662,99.71831,99.71831,99.71831,99.71831,99.71831,99.71831,99.71831,99.71831,99.71831,0,99.43662
99.71831,99.71831,0,0,3.380282,99.71831,99.71831,99.71831,99.71831,99.71831,99.71831,99.71831,99.71831,99.71831,99.71831,0,99.71831,99.71831,99.71831,99.71831,99.71831,99.71831,99.71831,99.71831,0,99.43662,99.43662,99.71831,99.71831,99.71831,99.71831,99.71831,99.71831,99.71831,99.71831,99.71831,0,99.43662,99.43662,99.71831,99.71831,99.71831,99.71831,99.71831,99.71831,99.71831,99.71831,99.71831,0,99.43662
