2.428169
3.08169
3.008451
3.014085
2.991549
3.076056
2.997183
3.059155
3.047887
3.132394
3.149296
3.487324
3.521127
5.08169
8.647887
8.377465
9.098592
9.008451
8.349296
8.304225
8.343662
8.952113
8.304225
8.349296
8.298592
8.523944
8.298592
8.828169
10.02254
12.78873
17.54366
26.15775
66.72113
93.89296
92.70986
95.2
93.36901
95.26197
93.81972
93.34648
97.47042
96.96338
95.25634
93.71268
86.45071
85.74648
87.73521
86.94648
89.48169
85.84225
89.13803
89.5155
89.44225
88.36057
85.70704
85.67324
83.95493
85.9493
83.95493
83.95493
85.71268
83.97183
86.11831
87.48733
86
85.66197
84.07887
87.67887
89.9324
