9.148936
7.426598
26.37363
12.6506
21.66667
20.29361
78.91483
35.24096
22.02128
23.74784
99.45055
51.43072
22.2695
23.87737
99.58791
60.46687
22.05674
24.13644
99.51923
99.69879
23.5461
24.13644
99.45055
99.69879
21.98582
24.17962
99.45055
99.69879
21.98582
24.17962
99.45055
99.69879
21.98582
24.17962
99.45055
99.69879
21.98582
24.17962
99.45055
99.69879
21.98582
24.17962
99.45055
99.69879
21.98582
24.17962
99.45055
99.69879
21.98582
24.17962
99.45055
99.69879
21.98582
24.17962
99.45055
99.69879
