0.2650602
0.2771084
0.2289157
0.3855422
0.9638554
2.542169
7.536145
7.728916
7.692771
10.37349
19.35542
40.39759
71.48193
90.90964
88.84338
89.41566
85.1747
87.56024
85.89156
85.1747
87.39759
87.35542
86.46988
85.26506
89.93374
85.42168
83.71085
85.43976
85.01205
85.76506
82.87952
86.26506
86.53012
82.98193
84.92168
83.02409
83.06024
84.92168
83
83.81326
82.8735
85.78915
85.57229
84.27711
86.69277
83.66265
85.64458
82.96988
84.86747
83.88554
83.88554
84.13856
84.86747
84.8735
84.3253
84.46385
83.77711
82.92168
82.92168
83.54819
83.42168
83.01807
86.86144
83.43374
83.57832
86.56024
83.56626
83.56626
84.93976
