4.214085
6.354929
14.72676
36.54084
94.98028
93.57746
91.59437
96.82253
95.15493
91.83662
91.76901
94.02254
94.90704
96.07324
93.71831
93.43662
97.70141
90.75493
94.45634
90.75493
90.89014
93.26197
91.00845
88.8
89.30141
87.72395
91.03098
91.10986
89.30141
89.94366
92.09014
87.63943
88.11831
90.46198
91.42535
88.90704
89.81972
88.7493
90.80563
91.5831
87.64507
92.85634
89.30704
92.74366
87.65634
93.25634
89.30704
87.64507
90.15211
88.3324
87.6
90.73239
89.30704
93.10423
89.14366
89.36901
92.67043
89.35775
91.00845
89.6338
89.71268
87.65634
89.6676
88.20282
89.58873
91.17183
93.33521
91.38028
89.57746
90.10141
89.58873
