0.05421687
0.09036145
0.1746988
0.3795181
1.180723
1.487952
1.831325
2.192771
2.253012
2.73494
4.283133
7.909638
8.475904
8.73494
8.86747
8.873494
8.921687
8.945783
9.042169
8.873494
8.873494
8.873494
8.921687
8.873494
8.86747
8.915663
9.090362
9.114458
8.855422
8.939759
9.030121
8.921687
8.855422
8.861445
8.933735
9.030121
8.855422
9.012048
9.403614
9.259036
9.355422
10.62048
15.10843
24.06024
23.98795
24.01807
23.81928
23.88554
24.51807
24.46386
25.40964
21.78313
23.69277
24.70482
25.04217
24.56627
27.16265
27.09036
28.54819
31.42771
37.4759
53.3253
92.60844
93.68073
91.79518
94.26506
94.02409
95.13253
94.42771
