0.1239437
0.4169014
2.292958
2.670423
4.997183
14.0338
42.53521
79.71831
79.07042
79.29578
79.09859
80.23662
79.5662
81.56056
80.98028
79.85352
82.70422
69.12676
69.12112
69.53239
69.17183
69.26197
69.22253
73.17747
81.57183
80.91831
83.76901
85.71831
82.23099
78.92394
63.98873
66.55212
66.68732
69.42535
66.27605
66.73803
58.77747
76.7831
93.70704
93.55493
93.10986
93.78592
93.52113
91.72395
93.44225
96.87888
84.90141
85.43098
84.91267
85.58873
85.07042
84.90141
84.90704
88.60845
88.41127
86.89577
89.71831
89.72958
89.75211
87.70704
90.28732
87.70704
89.69014
92.24226
91.67887
89.69578
87.71268
89.49296
93.6676
