8.591549
2.753623
3.497409
15.04121
5.346385
85.91549
25.94203
23.66149
99.72527
45.78313
85.91549
25.94203
23.66149
99.72527
45.78313
87.04225
25.96618
23.67588
99.67949
49.44779
87.04225
25.96618
23.67588
99.67949
49.44779
93.09859
31.52174
23.64709
65.88828
41.81727
98.02817
45.96618
30.05181
90.49908
58.00703
99.71831
60.2657
80.74266
99.47344
99.69879
99.71831
60.2657
80.74266
99.47344
99.69879
99.71831
54.63768
87.04663
99.47344
99.69879
99.71831
54.63768
87.04663
99.47344
99.69879
99.71831
55.77295
74.43869
99.49634
94.35241
99.71831
55.77295
74.43869
99.49634
94.35241
99.71831
55.77295
74.43869
99.49634
94.35241
