32.60073
2.108434
1.971831
1.751208
5.094991
99.72527
91.11446
83.70892
54.22705
24.15084
99.72527
82.50502
83.96713
51.82367
24.12205
99.72527
82.50502
83.96713
51.83575
24.12205
99.72527
82.50502
83.96713
51.83575
24.12205
99.72527
82.50502
83.96713
51.83575
24.12205
99.72527
82.50502
83.96713
51.83575
24.12205
99.72527
82.50502
83.96713
51.83575
24.12205
99.72527
82.50502
83.96713
51.83575
24.12205
99.72527
82.50502
83.96713
51.83575
24.12205
99.72527
82.50502
83.96713
51.83575
24.12205
99.72527
82.50502
83.96713
51.83575
24.12205
99.72527
82.50502
83.96713
51.83575
24.12205
99.72527
82.50502
83.96713
51.83575
24.12205
