0.2898551,0,0,0,0,0,0,0.1449275,0,0,0,0,0.7246377,0,0,0,0,0,0.1449275,0.1449275,1.304348,0,0,0,0,0,21.5942,1.304348,0.1449275,0.1449275,0,0,0,0,0,0,0.1449275,0,0,0,0,0,0.1449275,21.30435,1.014493,0,0,0,0,0
21.44928,0,0.1449275,0.2898551,0.1449275,0,1.15942,0,0,0,0,0,0.1449275,0,0.1449275,0.1449275,0.1449275,1.014493,0,0.1449275,0,0.1449275,0,1.15942,0,0,21.5942,0.1449275,0.1449275,0.1449275,0.1449275,0.1449275,0.1449275,1.014493,0,0,0.1449275,0.1449275,0,1.15942,0,0,0.1449275,21.30435,1.014493,0.1449275,0.1449275,0.1449275,0.1449275,1.014493
0,0.1449275,1.884058,0.1449275,1.014493,21.30435,1.014493,0.1449275,0.2898551,10.14493,0.1449275,0,0.1449275,0,1.15942,0,0.1449275,1.014493,21.30435,0.1449275,1.014493,0.1449275,0.1449275,1.15942,0.2898551,10.14493,21.5942,0.1449275,0.1449275,0.1449275,0.1449275,0,0.1449275,0,1.15942,0,1.014493,21.30435,1.014493,1.15942,0.1449275,0.2898551,10.14493,21.30435,1.014493,0.1449275,0,0.1449275,0,1.014493
0,21.73913,0,21.15942,1.15942,0.1449275,0,1.014493,0,0.1449275,10.14493,21.73913,0.1449275,21.30435,21.30435,0,1.15942,0.1449275,21.30435,0,1.014493,0,0.1449275,0.1449275,10.14493,21.73913,21.5942,0.1449275,0.1449275,0.1449275,21.30435,21.30435,0,1.15942,1.15942,0.1449275,0,21.30435,1.014493,1.15942,1.014493,0,0.1449275,21.30435,1.014493,10.14493,21.73913,0.1449275,21.30435,1.014493
0,21.73913,0.1449275,21.44928,0,21.30435,21.30435,21.30435,21.30435,21.30435,1.014493,21.73913,1.014493,0,0,21.73913,21.73913,0.1449275,21.30435,21.30435,21.30435,21.30435,21.30435,21.30435,1.014493,21.73913,1.014493,0,0,21.73913,21.30435,21.30435,21.73913,0.1449275,21.30435,21.30435,21.30435,21.30435,21.30435,21.30435,1.014493,1.014493,1.014493,21.30435,1.014493,0,21.73913,0,21.30435,21.73913
1.304348,21.73913,1.304348,21.5942,0,21.73913,21.73913,21.73913,21.73913,0.1449275,21.30435,21.73913,21.30435,21.73913,0,21.73913,21.73913,21.73913,21.73913,21.73913,21.30435,21.30435,21.30435,21.73913,21.73913,21.73913,21.73913,21.73913,0.1449275,21.73913,21.30435,21.30435,21.73913,21.73913,0,21.73913,21.73913,21.73913,21.73913,21.73913,21.73913,21.73913,0.1449275,21.30435,21.30435,21.73913,21.73913,0,21.73913,21.73913
1.304348,21.73913,0,0,1.15942,21.73913,21.73913,21.73913,21.73913,21.73913,0,21.73913,0,21.73913,21.73913,21.73913,21.73913,21.73913,21.73913,21.73913,21.73913,21.73913,21.73913,0,0,21.73913,21.73913,21.73913,21.73913,0,0,21.73913,21.73913,21.73913,21.73913,0,0,21.73913,21.73913,21.73913,21.73913,0,0,21.73913,21.73913,21.73913,21.73913,0,0,21.73913
0,21.73913,0,0,3.188406,21.73913,21.73913,21.73913,21.73913,21.73913,21.73913,21.73913,21.73913,21.73913,21.73913,21.73913,21.73913,21.73913,0,0,21.73913,21.73913,21.73913,0,0,21.73913,21.73913,21.73913,21.73913,21.73913,0,0,21.73913,21.73913,21.73913,0,0,21.73913,21.73913,21.73913,21.73913,21.73913,0,0,21.73913,21.73913,21.73913,0,0,21.73913
0,21.73913,0,0.1449275,0,21.73913,21.73913,21.73913,21.73913,21.73913,21.73913,21.73913,21.73913,21.73913,21.73913,21.73913,21.73913,21.73913,21.73913,21.73913,0,0,21.73913,0,0,21.73913,21.73913,21.73913,21.73913,21.73913,21.73913,21.73913,0,0,21.73913,0,0,21.73913,21.73913,21.73913,21.73913,21.73913,21.73913,21.73913,0,0,21.73913,0,0,21.73913
22.17391,21.73913,0.1449275,1.304348,0.8695652,21.73913,21.73913,21.73913,21.73913,21.73913,21.73913,21.73913,21.73913,21.73913,21.73913,21.73913,21.73913,21.73913,21.73913,21.73913,0,0,21.73913,0,0,21.73913,21.73913,21.73913,21.73913,21.73913,21.73913,21.73913,0,0,21.73913,0,0,21.73913,21.73913,21.73913,21.73913,21.73913,21.73913,21.73913,0,0,21.73913,0,0,21.73913
22.17391,21.73913,1.15942,3.188406,0,21.73913,21.73913,21.73913,21.73913,21.73913,21.73913,21.73913,21.73913,21.73913,21.73913,0,21.73913,21.73913,21.73913,21.73913,21.73913,0,0,0,21.5942,0,21.73913,21.73913,21.73913,21.73913,21.73913,21.73913,21.73913,0,0,0,21.5942,0,21.73913,21.73913,21.73913,21.73913,21.73913,21.73913,21.73913,0,0,0,21.5942,0
22.17391,21.73913,21.5942,21.88406,0,21.73913,21.73913,21.73913,21.73913,21.73913,21.73913,21.73913,21.73913,21.73913,21.73913,1.15942,21.73913,21.73913,21.73913,21.73913,21.73913,0,0,0,21.5942,0,21.73913,21.73913,21.73913,21.73913,21.73913,21.73913,21.73913,0,0,0,21.5942,0,21.73913,21.73913,21.73913,21.73913,21.73913,21.73913,21.73913,0,0,0,21.5942,0
22.17391,0.1449275,0.8695652,21.88406,1.15942,21.73913,21.73913,21.73913,21.73913,21.73913,21.73913,21.73913,21.73913,21.73913,21.73913,0,21.73913,21.73913,21.73913,21.73913,21.73913,0,0,0,0.1449275,21.15942,21.73913,21.73913,21.73913,21.73913,21.73913,21.73913,21.73913,0,0,0,0.1449275,21.15942,21.73913,21.73913,21.73913,21.73913,21.73913,21.73913,21.73913,0,0,0,0.1449275,21.15942
22.17391,0,21.15942,21.88406,21.5942,21.73913,21.73913,21.73913,21.73913,21.73913,21.73913,21.73913,21.73913,21.73913,21.73913,0,21.73913,21.73913,21.73913,21.73913,21.73913,0,0,0,0.1449275,21.15942,21.73913,21.73913,21.73913,21.73913,21.73913,21.73913,21.73913,0,0,0,0.1449275,21.15942,21.73913,21.73913,21.73913,21.73913,21.73913,21.73913,21.73913,0,0,0,0.1449275,21.15942
22.17391,0,0,21.88406,3.043478,21.73913,21.73913,21.73913,21.73913,21.73913,21.73913,21.73913,21.73913,21.73913,21.73913,21.5942,21.73913,21.73913,21.73913,21.73913,21.73913,0,0,0,0.1449275,21.15942,21.73913,21.73913,21.73913,21.73913,21.73913,21.73913,21.73913,0,0,0,0.1449275,21.15942,21.73913,21.73913,21.73913,21.73913,21.73913,21.73913,21.73913,0,0,0,0.1449275,21.15942
22.17391,1.304348,3.478261,21.88406,0,21.73913,21.73913,21.73913,21.73913,21.73913,21.73913,21.73913,21.73913,21.73913,21.73913,0.1449275,21.73913,21.73913,21.73913,21.73913,21.73913,0,0,0,0.1449275,21.15942,21.73913,21.73913,21.73913,21.73913,21.73913,21.73913,21.73913,0,0,0,0.1449275,21.15942,21.73913,21.73913,21.73913,21.73913,21.73913,21.73913,21.73913,0,0,0,0.1449275,21.15942
22.17391,21.88406,0,21.88406,0,21.73913,21.73913,21.73913,21.73913,21.73913,21.73913,21.73913,21.73913,21.73913,21.73913,1.304348,21.73913,21.73913,21.73913,21.73913,21.73913,0,0,0,0.1449275,21.15942,21.73913,21.73913,21.73913,21.73913,21.73913,21.73913,21.73913,0,0,0,0.1449275,21.15942,21.73913,21.73913,21.73913,21.73913,21.73913,21.73913,21.73913,0,0,0,0.1449275,21.15942
22.17391,21.88406,0.8695652,21.88406,3.188406,21.73913,21.73913,21.73913,21.73913,21.73913,21.73913,21.73913,21.73913,21.73913,0.1449275,22.17391,21.73913,21.73913,21.73913,21.73913,21.73913,21.73913,0,22.31884,3.478261,0.1449275,21.15942,21.73913,21.73913,21.73913,21.73913,21.73913,21.73913,21.73913,0,22.31884,3.478261,0.1449275,21.15942,21.73913,21.73913,21.73913,21.73913,21.73913,21.73913,21.73913,0,22.31884,3.478261,0.1449275
0.1449275,0.1449275,21.44928,0,21.73913,21.73913,21.73913,21.73913,21.73913,21.73913,21.73913,21.73913,21.73913,21.73913,21.73913,21.73913,21.73913,21.73913,21.73913,0,22.31884,22.31884,22.31884,22.31884,0,21.73913,21.73913,21.73913,21.73913,21.73913,21.73913,21.73913,0,22.31884,22.31884,22.31884,22.31884,0,21.73913,21.73913,21.73913,21.73913,21.73913,21.73913,21.73913,0,22.31884,22.31884,22.31884,22.31884
21.44928,0,0.1449275,3.188406,22.31884,22.31884,22.31884,22.31884,22.31884,22.31884,22.31884,22.31884,22.31884,22.31884,22.31884,22.31884,22.31884,22.31884,22.31884,22.31884,22.31884,22.31884,22.31884,22.31884,22.31884,22.31884,22.31884,22.31884,22.31884,22.31884,22.31884,22.31884,22.31884,22.31884,22.31884,22.31884,22.31884,22.31884,22.31884,22.31884,22.31884,22.31884,22.31884,22.31884,22.31884,22.31884,22.31884,22.31884,22.31884,22.31884
0,0,0.1449275,3.188406,22.31884,22.31884,22.31884,22.31884,22.31884,22.31884,22.31884,22.31884,22.31884,22.31884,22.31884,22.31884,22.31884,22.31884,22.31884,22.31884,22.31884,22.31884,22.31884,22.31884,22.31884,22.31884,22.31884,22.31884,22.31884,22.31884,22.31884,22.31884,22.31884,22.31884,22.31884,22.31884,22.31884,22.31884,22.31884,22.31884,22.31884,22.31884,22.31884,22.31884,22.31884,22.31884,22.31884,22.31884,22.31884,22.31884
22.46377,3.043478,0.1449275,0.1449275,22.31884,22.31884,22.31884,22.31884,22.31884,22.31884,22.31884,22.31884,22.31884,22.31884,22.31884,22.31884,22.31884,22.31884,22.31884,22.31884,22.31884,22.31884,22.31884,22.31884,22.31884,22.31884,22.31884,22.31884,22.31884,22.31884,22.31884,22.31884,22.31884,22.31884,22.31884,22.31884,22.31884,22.31884,22.31884,22.31884,22.31884,22.31884,22.31884,22.31884,22.31884,22.31884,22.31884,22.31884,22.31884,22.31884
22.46377,21.73913,0,2.898551,22.31884,22.31884,22.31884,22.31884,22.31884,22.31884,22.31884,22.31884,22.31884,22.31884,22.31884,0,22.31884,22.31884,22.31884,22.31884,22.31884,22.31884,22.31884,22.46377,22.46377,22.31884,22.31884,22.31884,22.31884,22.31884,22.31884,22.31884,22.31884,22.31884,22.31884,22.46377,22.46377,22.31884,22.31884,22.31884,22.31884,22.31884,22.31884,22.31884,22.31884,22.31884,22.31884,22.46377,22.46377,22.31884
22.46377,24.92754,0.1449275,2.898551,0.1449275,22.46377,22.31884,22.46377,22.31884,22.31884,22.31884,22.31884,22.31884,22.31884,22.31884,22.31884,22.31884,22.46377,22.46377,22.31884,22.46377,22.31884,22.46377,22.46377,22.46377,22.31884,22.46377,22.31884,22.31884,22.31884,22.31884,22.46377,22.46377,22.31884,22.46377,22.46377,22.46377,22.31884,22.46377,22.31884,22.46377,22.31884,22.31884,22.31884,22.31884,22.46377,22.46377,22.46377,22.46377,22.31884
23.04348,24.92754,2.898551,0,0,22.46377,22.46377,22.46377,22.46377,22.46377,22.31884,22.46377,22.46377,22.46377,1.304348,21.5942,22.46377,22.46377,22.46377,22.46377,22.46377,22.46377,22.46377,22.46377,22.46377,22.46377,22.46377,22.46377,22.46377,22.31884,22.46377,22.46377,22.46377,22.46377,22.46377,1.304348,21.5942,22.46377,22.46377,22.46377,22.46377,22.46377,22.46377,22.31884,22.46377,22.46377,22.46377,1.304348,21.5942,22.46377
0,24.92754,0,2.898551,0,22.46377,22.46377,22.46377,22.46377,22.46377,22.46377,22.46377,22.46377,22.46377,22.46377,22.46377,22.46377,22.46377,22.46377,22.46377,22.31884,22.46377,22.46377,1.304348,21.5942,22.46377,22.46377,22.46377,22.46377,22.46377,22.46377,22.46377,22.31884,22.46377,22.46377,1.304348,21.5942,22.46377,22.46377,22.46377,22.46377,22.46377,22.46377,22.46377,22.31884,22.46377,22.46377,1.304348,21.5942,22.46377
24.92754,24.92754,0,21.88406,21.5942,22.46377,22.46377,22.46377,22.46377,22.46377,22.46377,22.46377,22.46377,22.46377,22.46377,22.46377,22.46377,22.46377,22.46377,22.46377,22.46377,22.31884,22.46377,1.304348,21.5942,22.46377,22.46377,22.46377,22.46377,22.46377,22.46377,22.46377,22.46377,22.31884,22.46377,1.304348,21.5942,22.46377,22.46377,22.46377,22.46377,22.46377,22.46377,22.46377,22.46377,22.31884,22.46377,1.304348,21.5942,22.46377
24.92754,24.92754,0,0.1449275,22.31884,22.46377,22.46377,22.46377,22.46377,22.46377,22.46377,22.46377,22.46377,22.46377,22.46377,0,22.46377,22.46377,22.46377,22.46377,22.46377,22.46377,22.31884,25.07246,25.21739,21.5942,22.46377,22.46377,22.46377,22.46377,22.46377,22.46377,22.46377,22.46377,22.31884,25.07246,25.21739,21.5942,22.46377,22.46377,22.46377,22.46377,22.46377,22.46377,22.46377,22.46377,22.31884,25.07246,25.21739,21.5942
0.8695652,25.07246,24.92754,21.44928,22.46377,22.46377,22.46377,22.46377,22.46377,22.46377,22.46377,22.46377,22.46377,22.46377,22.46377,22.46377,22.46377,22.46377,22.46377,22.31884,1.304348,25.21739,25.21739,0.1449275,25.21739,22.46377,22.46377,22.46377,22.46377,22.46377,22.46377,22.46377,22.31884,1.304348,25.21739,25.21739,25.21739,0.1449275,22.46377,22.46377,22.46377,22.46377,22.46377,22.46377,22.46377,22.31884,1.304348,25.21739,25.21739,25.21739
25.07246,0,0.1449275,74.49275,25.21739,25.21739,25.21739,25.21739,0,22.46377,22.46377,22.46377,22.46377,22.46377,1.15942,25.21739,25.21739,25.21739,25.21739,25.21739,25.21739,25.21739,25.21739,25.21739,25.21739,25.21739,0,22.46377,22.46377,1.15942,25.21739,25.21739,25.21739,25.21739,25.21739,25.21739,25.21739,25.21739,25.21739,25.21739,25.21739,0,22.46377,22.46377,1.15942,25.21739,25.21739,25.21739,25.21739,25.21739
0,21.73913,0,74.49275,25.21739,25.21739,25.21739,25.21739,0.1449275,25.21739,25.21739,25.21739,25.21739,25.21739,25.21739,25.21739,25.21739,25.21739,25.21739,25.21739,25.21739,25.21739,25.21739,0.1449275,99.85507,25.21739,25.21739,25.21739,25.21739,25.21739,25.21739,25.21739,25.21739,25.21739,25.21739,0.1449275,99.85507,25.21739,25.21739,25.21739,25.21739,25.21739,25.21739,25.21739,25.21739,25.21739,25.21739,0.1449275,99.85507,25.21739
55.07246,2.898551,99.85507,0,25.21739,25.21739,25.21739,25.21739,25.21739,25.21739,25.21739,25.21739,25.21739,25.21739,25.21739,25.21739,25.21739,25.21739,25.21739,25.21739,25.21739,99.85507,99.85507,99.85507,99.85507,25.21739,25.21739,25.21739,25.21739,25.21739,25.21739,25.21739,25.21739,25.21739,99.85507,99.85507,99.85507,99.85507,25.21739,25.21739,25.21739,25.21739,25.21739,25.21739,25.21739,25.21739,25.21739,99.85507,99.85507,99.85507
22.02899,1.304348,99.85507,99.85507,0,99.85507,99.85507,99.85507,99.85507,99.85507,99.85507,99.85507,55.50725,74.34782,99.85507,99.85507,99.85507,99.85507,99.85507,99.85507,99.85507,99.85507,99.85507,99.85507,99.85507,99.85507,99.85507,99.85507,55.50725,74.34782,99.85507,99.85507,99.85507,99.85507,99.85507,99.85507,99.85507,99.85507,99.85507,99.85507,99.85507,99.85507,99.85507,99.85507,55.50725,74.34782,99.85507,99.85507,99.85507,99.85507
0.1449275,0.1449275,99.85507,99.85507,0.1449275,99.85507,99.85507,99.85507,99.85507,99.85507,99.85507,99.85507,0,99.85507,99.85507,99.85507,99.85507,99.85507,99.85507,99.85507,99.85507,99.85507,99.85507,99.85507,99.85507,55.07246,99.85507,99.85507,99.85507,99.85507,99.85507,99.85507,99.85507,99.85507,99.85507,99.85507,99.85507,99.85507,99.85507,99.85507,99.85507,99.85507,99.85507,99.85507,99.85507,99.85507,99.85507,99.85507,99.85507,99.85507
0,0.1449275,99.85507,99.85507,0,99.85507,99.85507,99.85507,99.85507,99.85507,99.85507,99.85507,0.1449275,99.85507,99.85507,99.85507,99.85507,99.85507,99.85507,99.85507,99.85507,99.85507,99.85507,55.50725,99.85507,55.07246,99.85507,99.85507,99.85507,99.85507,99.85507,99.85507,99.85507,99.85507,99.85507,55.50725,99.85507,55.07246,99.85507,99.85507,99.85507,99.85507,99.85507,99.85507,99.85507,99.85507,99.85507,55.50725,99.85507,55.07246
74.34782,54.92754,99.85507,99.85507,48.69565,99.85507,99.85507,99.85507,99.85507,99.85507,99.85507,99.85507,0.1449275,99.85507,99.85507,99.85507,99.85507,99.85507,99.85507,99.85507,99.85507,99.85507,99.85507,55.50725,99.85507,55.07246,99.85507,99.85507,99.85507,99.85507,99.85507,99.85507,99.85507,99.85507,99.85507,55.50725,99.85507,55.07246,99.85507,99.85507,99.85507,99.85507,99.85507,99.85507,99.85507,99.85507,99.85507,55.50725,99.85507,55.07246
74.05797,26.23188,99.85507,99.85507,21.44928,99.85507,99.85507,99.85507,99.85507,99.85507,99.85507,99.85507,1.014493,99.85507,99.85507,99.85507,99.85507,99.85507,99.85507,99.85507,99.85507,99.85507,99.85507,55.50725,99.85507,55.07246,99.85507,99.85507,99.85507,99.85507,99.85507,99.85507,99.85507,99.85507,99.85507,55.50725,99.85507,55.07246,99.85507,99.85507,99.85507,99.85507,99.85507,99.85507,99.85507,99.85507,99.85507,55.50725,99.85507,55.07246
0,25.07246,99.85507,99.85507,55.07246,99.85507,99.85507,99.85507,99.85507,99.85507,99.85507,99.85507,0.1449275,99.85507,99.85507,99.85507,99.85507,99.85507,99.85507,99.85507,99.85507,99.85507,99.85507,55.50725,99.85507,55.07246,99.85507,99.85507,99.85507,99.85507,99.85507,99.85507,99.85507,99.85507,99.85507,55.50725,99.85507,55.07246,99.85507,99.85507,99.85507,99.85507,99.85507,99.85507,99.85507,99.85507,99.85507,55.50725,99.85507,55.07246
55.21739,54.92754,99.85507,99.85507,0.8695652,99.85507,99.85507,99.85507,99.85507,99.85507,99.85507,99.85507,10.86957,99.85507,99.85507,99.85507,99.85507,99.85507,99.85507,99.85507,99.85507,99.85507,99.85507,55.50725,99.85507,55.07246,99.85507,99.85507,99.85507,99.85507,99.85507,99.85507,99.85507,99.85507,99.85507,55.50725,99.85507,55.07246,99.85507,99.85507,99.85507,99.85507,99.85507,99.85507,99.85507,99.85507,99.85507,55.50725,99.85507,55.07246
25.21739,21.88406,99.85507,99.85507,25.50725,99.85507,99.85507,99.85507,99.85507,99.85507,99.85507,99.85507,54.63768,99.85507,99.85507,99.85507,99.85507,99.85507,99.85507,99.85507,99.85507,99.85507,99.85507,55.50725,99.85507,55.07246,99.85507,99.85507,99.85507,99.85507,99.85507,99.85507,99.85507,99.85507,99.85507,55.50725,99.85507,55.07246,99.85507,99.85507,99.85507,99.85507,99.85507,99.85507,99.85507,99.85507,99.85507,55.50725,99.85507,55.07246
99.85507,55.07246,99.85507,99.85507,0,99.85507,99.85507,99.85507,99.85507,99.85507,99.85507,99.85507,1.304348,99.85507,99.85507,99.85507,99.85507,99.85507,99.85507,99.85507,99.85507,99.85507,99.85507,55.50725,99.85507,55.07246,99.85507,99.85507,99.85507,99.85507,99.85507,99.85507,99.85507,99.85507,99.85507,55.50725,99.85507,55.07246,99.85507,99.85507,99.85507,99.85507,99.85507,99.85507,99.85507,99.85507,99.85507,55.50725,99.85507,55.07246
99.85507,0,99.85507,99.85507,54.78261,99.85507,99.85507,99.85507,99.85507,99.85507,99.85507,99.85507,74.05797,99.85507,99.85507,55.21739,99.85507,99.85507,99.85507,99.85507,99.85507,99.85507,99.85507,55.36232,99.85507,99.85507,55.07246,99.85507,99.85507,99.85507,99.85507,99.85507,99.85507,99.85507,99.85507,55.36232,99.85507,99.85507,55.07246,99.85507,99.85507,99.85507,99.85507,99.85507,99.85507,99.85507,99.85507,55.36232,99.85507,99.85507
99.85507,21.73913,99.85507,99.85507,0,99.85507,99.85507,99.85507,99.85507,99.85507,99.85507,99.85507,99.85507,99.85507,99.85507,0,99.85507,99.85507,99.85507,99.85507,99.85507,99.85507,99.85507,55.36232,99.85507,99.85507,55.07246,99.85507,99.85507,99.85507,99.85507,99.85507,99.85507,99.85507,99.85507,55.36232,99.85507,99.85507,55.07246,99.85507,99.85507,99.85507,99.85507,99.85507,99.85507,99.85507,99.85507,55.36232,99.85507,99.85507
99.85507,25.7971,99.85507,99.85507,0,99.85507,99.85507,99.85507,99.85507,99.85507,99.85507,99.85507,99.85507,99.85507,0,1.15942,99.85507,99.85507,99.85507,99.85507,99.85507,99.85507,55.36232,55.36232,99.85507,99.85507,55.07246,99.85507,99.85507,99.85507,99.85507,99.85507,99.85507,99.85507,55.36232,55.36232,99.85507,99.85507,55.07246,99.85507,99.85507,99.85507,99.85507,99.85507,99.85507,99.85507,55.36232,55.36232,99.85507,99.85507
99.85507,21.88406,99.85507,99.85507,0,99.85507,99.85507,99.85507,99.85507,99.85507,99.85507,99.85507,99.85507,99.85507,0.7246377,0,99.85507,99.85507,99.85507,99.85507,99.85507,99.85507,55.36232,55.36232,99.85507,99.85507,55.07246,99.85507,99.85507,99.85507,99.85507,99.85507,99.85507,99.85507,55.36232,55.36232,99.85507,99.85507,55.07246,99.85507,99.85507,99.85507,99.85507,99.85507,99.85507,99.85507,55.36232,55.36232,99.85507,99.85507
99.85507,99.85507,99.85507,99.85507,99.85507,99.85507,99.85507,99.85507,99.85507,99.85507,99.85507,99.85507,99.85507,99.85507,99.85507,48.98551,99.85507,99.85507,99.85507,99.85507,99.85507,99.85507,55.36232,55.36232,99.85507,99.85507,55.07246,99.85507,99.85507,99.85507,99.85507,99.85507,99.85507,99.85507,55.36232,55.36232,99.85507,99.85507,55.07246,99.85507,99.85507,99.85507,99.85507,99.85507,99.85507,99.85507,55.36232,55.36232,99.85507,99.85507
99.85507,99.85507,99.85507,99.85507,99.85507,99.85507,99.85507,99.85507,99.85507,99.85507,99.85507,99.85507,0,25.50725,0.1449275,0,99.85507,99.85507,99.85507,99.85507,99.85507,99.85507,99.85507,55.36232,99.85507,99.85507,99.85507,54.78261,99.85507,99.85507,99.85507,99.85507,99.85507,99.85507,99.85507,55.36232,99.85507,99.85507,99.85507,54.78261,99.85507,99.85507,99.85507,99.85507,99.85507,99.85507,99.85507,55.36232,99.85507,99.85507
99.85507,99.85507,99.85507,99.85507,99.85507,99.85507,99.85507,99.85507,99.85507,99.85507,99.85507,99.85507,1.304348,25.07246,1.304348,99.85507,99.85507,99.85507,99.85507,99.85507,99.85507,99.85507,99.85507,55.36232,99.85507,99.85507,99.85507,54.78261,99.85507,99.85507,99.85507,99.85507,99.85507,99.85507,99.85507,55.36232,99.85507,99.85507,99.85507,54.78261,99.85507,99.85507,99.85507,99.85507,99.85507,99.85507,99.85507,55.36232,99.85507,99.85507
99.85507,99.85507,99.85507,99.85507,99.85507,99.85507,99.85507,99.85507,99.85507,99.85507,99.85507,99.85507,0.8695652,55.50725,22.46377,25.36232,99.85507,99.85507,99.85507,99.85507,99.85507,99.85507,99.85507,55.36232,99.85507,99.85507,99.85507,54.78261,99.85507,99.85507,99.85507,99.85507,99.85507,99.85507,99.85507,55.36232,99.85507,99.85507,99.85507,54.78261,99.85507,99.85507,99.85507,99.85507,99.85507,99.85507,99.85507,55.36232,99.85507,99.85507
99.85507,99.85507,99.85507,99.85507,99.85507,99.85507,99.85507,99.85507,99.85507,99.85507,99.85507,99.85507,0,0,54.63768,48.69565,99.85507,99.85507,99.85507,99.85507,99.85507,99.85507,99.85507,55.36232,99.85507,99.85507,99.85507,54.78261,99.85507,99.85507,99.85507,99.85507,99.85507,99.85507,99.85507,55.36232,99.85507,99.85507,99.85507,54.78261,99.85507,99.85507,99.85507,99.85507,99.85507,99.85507,99.85507,55.36232,99.85507,99.85507
99.85507,99.85507,99.85507,99.85507,99.85507,99.85507,99.85507,99.85507,99.85507,99.85507,99.85507,99.85507,25.21739,0.1449275,0,55.50725,99.85507,99.85507,99.85507,99.85507,99.85507,99.85507,99.85507,55.36232,99.85507,99.85507,99.85507,54.78261,99.85507,99.85507,99.85507,99.85507,99.85507,99.85507,99.85507,55.36232,99.85507,99.85507,99.85507,54.78261,99.85507,99.85507,99.85507,99.85507,99.85507,99.85507,99.85507,55.36232,99.85507,99.85507
99.85507,99.85507,99.85507,99.85507,99.85507,99.85507,99.85507,99.85507,99.85507,99.85507,99.85507,99.85507,22.02899,0,73.76811,0.8695652,99.85507,99.85507,99.85507,99.85507,99.85507,99.85507,99.85507,55.36232,99.85507,99.85507,99.85507,54.78261,99.85507,99.85507,99.85507,99.85507,99.85507,99.85507,99.85507,55.36232,99.85507,99.85507,99.85507,54.78261,99.85507,99.85507,99.85507,99.85507,99.85507,99.85507,99.85507,55.36232,99.85507,99.85507
99.85507,99.85507,99.85507,99.85507,99.85507,99.85507,99.85507,99.85507,99.85507,99.85507,99.85507,99.85507,3.043478,55.21739,99.85507,25.94203,99.85507,99.85507,99.85507,99.85507,99.85507,99.85507,99.85507,55.36232,99.85507,99.85507,99.85507,54.78261,99.85507,99.85507,99.85507,99.85507,99.85507,99.85507,99.85507,55.36232,99.85507,99.85507,99.85507,54.78261,99.85507,99.85507,99.85507,99.85507,99.85507,99.85507,99.85507,55.36232,99.85507,99.85507
99.85507,99.85507,99.85507,99.85507,99.85507,99.85507,99.85507,99.85507,99.85507,99.85507,99.85507,99.85507,0,3.043478,0,0,99.85507,99.85507,99.85507,99.85507,99.85507,99.85507,99.85507,55.36232,99.85507,99.85507,99.85507,54.78261,99.85507,99.85507,99.85507,99.85507,99.85507,99.85507,99.85507,55.36232,99.85507,99.85507,99.85507,54.78261,99.85507,99.85507,99.85507,99.85507,99.85507,99.85507,99.85507,55.36232,99.85507,99.85507
99.85507,99.85507,99.85507,99.85507,99.85507,99.85507,99.85507,99.85507,99.85507,99.85507,99.85507,99.85507,25.50725,1.15942,55.36232,0,99.85507,99.85507,99.85507,99.85507,99.85507,99.85507,99.85507,55.36232,99.85507,99.85507,99.85507,54.78261,99.85507,99.85507,99.85507,99.85507,99.85507,99.85507,99.85507,55.36232,99.85507,99.85507,99.85507,54.78261,99.85507,99.85507,99.85507,99.85507,99.85507,99.85507,99.85507,55.36232,99.85507,99.85507
99.85507,99.85507,99.85507,99.85507,99.85507,99.85507,99.85507,99.85507,99.85507,99.85507,99.85507,99.85507,55.36232,54.92754,0,99.85507,99.85507,99.85507,99.85507,99.85507,99.85507,99.85507,99.85507,55.36232,99.85507,99.85507,99.85507,54.78261,99.85507,99.85507,99.85507,99.85507,99.85507,99.85507,99.85507,55.36232,99.85507,99.85507,99.85507,54.78261,99.85507,99.85507,99.85507,99.85507,99.85507,99.85507,99.85507,55.36232,99.85507,99.85507
99.85507,99.85507,99.85507,99.85507,99.85507,99.85507,99.85507,99.85507,99.85507,99.85507,99.85507,99.85507,1.15942,99.85507,0,0,99.85507,99.85507,99.85507,99.85507,99.85507,99.85507,99.85507,55.36232,99.85507,99.85507,99.85507,54.78261,99.85507,99.85507,99.85507,99.85507,99.85507,99.85507,99.85507,55.36232,99.85507,99.85507,99.85507,54.78261,99.85507,99.85507,99.85507,99.85507,99.85507,99.85507,99.85507,55.36232,99.85507,99.85507
99.85507,99.85507,99.85507,99.85507,99.85507,99.85507,99.85507,99.85507,99.85507,99.85507,99.85507,99.85507,25.7971,24.92754,1.304348,24.92754,99.85507,99.85507,99.85507,99.85507,99.85507,99.85507,99.85507,55.36232,99.85507,99.85507,99.85507,54.78261,99.85507,99.85507,99.85507,99.85507,99.85507,99.85507,99.85507,55.36232,99.85507,99.85507,99.85507,54.78261,99.85507,99.85507,99.85507,99.85507,99.85507,99.85507,99.85507,55.36232,99.85507,99.85507
99.85507,99.85507,99.85507,99.85507,99.85507,99.85507,99.85507,99.85507,99.85507,99.85507,99.85507,99.85507,22.31884,0,25.36232,21.88406,99.85507,99.85507,99.85507,99.85507,99.85507,99.85507,99.85507,55.36232,99.85507,99.85507,99.85507,54.78261,99.85507,99.85507,99.85507,99.85507,99.85507,99.85507,99.85507,55.36232,99.85507,99.85507,99.85507,54.78261,99.85507,99.85507,99.85507,99.85507,99.85507,99.85507,99.85507,55.36232,99.85507,99.85507
99.85507,99.85507,99.85507,99.85507,99.85507,99.85507,99.85507,99.85507,99.85507,99.85507,99.85507,99.85507,0.1449275,99.85507,0.1449275,0,99.85507,99.85507,99.85507,99.85507,99.85507,99.85507,99.85507,55.36232,99.85507,99.85507,99.85507,54.78261,99.85507,99.85507,99.85507,99.85507,99.85507,99.85507,99.85507,55.36232,99.85507,99.85507,99.85507,54.78261,99.85507,99.85507,99.85507,99.85507,99.85507,99.85507,99.85507,55.36232,99.85507,99.85507
99.85507,99.85507,99.85507,99.85507,99.85507,99.85507,99.85507,99.85507,99.85507,99.85507,99.85507,99.85507,48.84058,0,0,99.85507,99.85507,99.85507,99.85507,99.85507,99.85507,99.85507,99.85507,55.36232,99.85507,99.85507,99.85507,54.78261,99.85507,99.85507,99.85507,99.85507,99.85507,99.85507,99.85507,55.36232,99.85507,99.85507,99.85507,54.78261,99.85507,99.85507,99.85507,99.85507,99.85507,99.85507,99.85507,55.36232,99.85507,99.85507
99.85507,99.85507,99.85507,99.85507,99.85507,99.85507,99.85507,99.85507,99.85507,99.85507,99.85507,99.85507,74.05797,25.21739,55.07246,24.92754,99.85507,99.85507,99.85507,99.85507,99.85507,99.85507,99.85507,55.36232,99.85507,99.85507,99.85507,54.78261,99.85507,99.85507,99.85507,99.85507,99.85507,99.85507,99.85507,55.36232,99.85507,99.85507,99.85507,54.78261,99.85507,99.85507,99.85507,99.85507,99.85507,99.85507,99.85507,55.36232,99.85507,99.85507
99.85507,99.85507,99.85507,99.85507,99.85507,99.85507,99.85507,99.85507,99.85507,99.85507,99.85507,99.85507,1.014493,21.5942,0,0.1449275,99.85507,99.85507,99.85507,99.85507,99.85507,99.85507,99.85507,55.36232,99.85507,99.85507,99.85507,54.78261,99.85507,99.85507,99.85507,99.85507,99.85507,99.85507,99.85507,55.36232,99.85507,99.85507,99.85507,54.78261,99.85507,99.85507,99.85507,99.85507,99.85507,99.85507,99.85507,55.36232,99.85507,99.85507
99.85507,99.85507,99.85507,99.85507,99.85507,99.85507,99.85507,99.85507,99.85507,99.85507,99.85507,99.85507,74.05797,99.85507,55.21739,25.65217,99.85507,99.85507,99.85507,99.85507,99.85507,99.85507,99.85507,55.36232,99.85507,99.85507,99.85507,54.78261,99.85507,99.85507,99.85507,99.85507,99.85507,99.85507,99.85507,55.36232,99.85507,99.85507,99.85507,54.78261,99.85507,99.85507,99.85507,99.85507,99.85507,99.85507,99.85507,55.36232,99.85507,99.85507
99.85507,99.85507,99.85507,99.85507,99.85507,99.85507,99.85507,99.85507,99.85507,99.85507,99.85507,99.85507,99.85507,0,25.36232,0.1449275,99.85507,99.85507,99.85507,99.85507,99.85507,99.85507,99.85507,55.36232,99.85507,99.85507,99.85507,54.78261,99.85507,99.85507,99.85507,99.85507,99.85507,99.85507,99.85507,55.36232,99.85507,99.85507,99.85507,54.78261,99.85507,99.85507,99.85507,99.85507,99.85507,99.85507,99.85507,55.36232,99.85507,99.85507
99.85507,99.85507,99.85507,99.85507,99.85507,99.85507,99.85507,99.85507,99.85507,99.85507,99.85507,99.85507,0.1449275,74.05797,0,48.98551,99.85507,99.85507,99.85507,99.85507,99.85507,99.85507,99.85507,55.36232,99.85507,99.85507,99.85507,54.78261,99.85507,99.85507,99.85507,99.85507,99.85507,99.85507,99.85507,55.36232,99.85507,99.85507,99.85507,54.78261,99.85507,99.85507,99.85507,99.85507,99.85507,99.85507,99.85507,55.36232,99.85507,99.85507
99.85507,99.85507,99.85507,99.85507,99.85507,99.85507,99.85507,99.85507,99.85507,99.85507,99.85507,99.85507,1.15942,25.07246,25.36232,25.21739,99.85507,99.85507,99.85507,99.85507,99.85507,99.85507,99.85507,55.36232,99.85507,99.85507,99.85507,54.78261,99.85507,99.85507,99.85507,99.85507,99.85507,99.85507,99.85507,55.36232,99.85507,99.85507,99.85507,54.78261,99.85507,99.85507,99.85507,99.85507,99.85507,99.85507,99.85507,55.36232,99.85507,99.85507
99.85507,99.85507,99.85507,99.85507,99.85507,99.85507,99.85507,99.85507,99.85507,99.85507,99.85507,99.85507,99.85507,1.15942,0,0.1449275,99.85507,99.85507,99.85507,99.85507,99.85507,99.85507,99.85507,55.36232,99.85507,99.85507,99.85507,54.78261,99.85507,99.85507,99.85507,99.85507,99.85507,99.85507,99.85507,55.36232,99.85507,99.85507,99.85507,54.78261,99.85507,99.85507,99.85507,99.85507,99.85507,99.85507,99.85507,55.36232,99.85507,99.85507
99.85507,99.85507,99.85507,99.85507,99.85507,99.85507,99.85507,99.85507,99.85507,99.85507,99.85507,99.85507,99.85507,54.92754,55.36232,55.07246,99.85507,99.85507,99.85507,99.85507,99.85507,99.85507,99.85507,55.36232,99.85507,99.85507,99.85507,54.78261,99.85507,99.85507,99.85507,99.85507,99.85507,99.85507,99.85507,55.36232,99.85507,99.85507,99.85507,54.78261,99.85507,99.85507,99.85507,99.85507,99.85507,99.85507,99.85507,55.36232,99.85507,99.85507
