0.6908463,0,0.1727116,0.1727116,0,0.1727116,0,0,0,0.1727116,0,0,0,0.1727116,0,23.66149,0,0.1727116,0,0,0,0.1727116,0,0,0.1727116,0,0,1.036269,0,0,0,0,0,0,0,0,0,0,0,0,0,0,0,0,0.1727116,0,0,0.1727116,0,0.3454231
0.6908463,11.57168,0.1727116,0.1727116,0,0.1727116,0,0.1727116,0,0.1727116,0,0.1727116,4.145078,0.1727116,0,23.66149,0.1727116,0.1727116,0,0,0.1727116,0.1727116,1.554404,0,0.1727116,0,0,1.036269,0,0.1727116,4.145078,0,0.1727116,0,0,0.1727116,1.554404,0,0,0,0,0.1727116,4.145078,0,0.1727116,0,0,0.1727116,1.554404,0.3454231
0.6908463,11.57168,0.1727116,2.936097,0,0,16.75302,0,1.554404,1.554404,1.036269,1.554404,4.145078,0,0,23.66149,0,23.66149,5.181347,4.145078,4.145078,0,1.554404,1.554404,1.554404,1.036269,1.554404,1.036269,0,0,4.145078,0,23.66149,5.181347,4.145078,4.145078,1.554404,0,1.554404,1.554404,1.036269,1.554404,4.145078,0,0,0,23.66149,5.181347,1.554404,0.3454231
24.00691,11.57168,0,0,0.1727116,0,16.75302,5.181347,5.181347,5.181347,5.181347,4.145078,4.145078,4.145078,0,23.66149,23.66149,23.66149,5.181347,4.145078,4.145078,23.66149,23.66149,0.3454231,0,5.181347,5.181347,5.181347,5.181347,4.145078,4.145078,0,23.66149,5.181347,23.66149,23.66149,23.66149,0.3454231,0,5.181347,5.181347,5.181347,5.181347,4.145078,4.145078,0,23.66149,5.181347,23.66149,23.66149
24.00691,7.081174,0,8.117444,3.28152,23.66149,23.66149,23.66149,23.66149,23.66149,23.66149,23.66149,23.8342,23.48877,23.66149,23.66149,23.66149,23.66149,23.66149,23.66149,23.66149,23.66149,23.66149,23.66149,23.66149,23.66149,23.66149,23.66149,23.66149,23.8342,23.48877,23.66149,23.66149,23.66149,23.66149,23.66149,23.66149,23.66149,23.66149,23.66149,23.66149,23.66149,23.66149,23.66149,23.66149,23.8342,23.66149,23.48877,23.66149,23.66149
24.00691,0,0,0.3454231,0,23.66149,23.66149,23.66149,23.66149,23.66149,23.66149,23.66149,23.8342,23.66149,23.66149,23.66149,23.66149,23.66149,23.66149,23.66149,23.66149,23.8342,24.00691,23.8342,23.8342,23.66149,23.66149,23.66149,23.66149,23.8342,23.66149,23.66149,23.66149,23.66149,23.8342,24.00691,23.8342,23.8342,23.66149,23.66149,23.66149,23.66149,23.66149,23.66149,23.66149,23.8342,23.66149,23.8342,24.00691,23.8342
24.00691,0,1.036269,23.48877,0,23.8342,23.8342,23.8342,23.8342,23.8342,23.8342,23.8342,23.8342,23.8342,24.00691,24.00691,24.00691,24.00691,23.8342,23.8342,23.8342,23.8342,24.00691,23.8342,23.8342,23.8342,23.8342,23.8342,23.8342,23.8342,23.8342,24.00691,24.00691,24.00691,23.8342,24.00691,23.8342,23.8342,24.00691,23.8342,23.8342,23.8342,23.8342,23.8342,23.8342,23.8342,23.8342,24.00691,24.00691,24.00691
24.00691,23.8342,1.899827,1.899827,0.1727116,24.00691,24.00691,24.00691,24.00691,24.00691,24.00691,24.00691,24.00691,24.00691,24.00691,24.00691,24.00691,24.00691,24.00691,24.00691,24.00691,24.00691,24.00691,24.00691,24.00691,24.00691,24.00691,24.00691,24.00691,24.00691,24.00691,24.00691,24.00691,24.00691,24.00691,24.00691,24.00691,24.00691,24.00691,24.00691,24.00691,24.00691,24.00691,24.00691,24.00691,24.00691,24.00691,24.00691,24.00691,24.00691
24.00691,0,16.58031,24.00691,0,24.00691,24.00691,24.00691,24.00691,24.00691,24.00691,24.00691,24.00691,24.00691,24.00691,24.00691,24.00691,24.00691,24.00691,24.00691,24.00691,24.00691,24.00691,24.00691,24.00691,24.00691,24.00691,24.00691,24.00691,24.00691,24.00691,24.00691,24.00691,24.00691,24.00691,24.00691,24.00691,24.00691,24.00691,24.00691,24.00691,24.00691,24.00691,24.00691,24.00691,24.00691,24.00691,24.00691,24.00691,24.00691
24.00691,0,0,24.00691,24.00691,24.00691,24.00691,24.00691,24.00691,24.00691,24.00691,24.00691,24.00691,24.00691,24.00691,0,24.00691,24.00691,24.00691,24.00691,24.00691,24.00691,24.00691,24.00691,0.3454231,23.66149,24.00691,24.00691,24.00691,24.00691,24.00691,24.00691,24.00691,24.00691,24.00691,24.00691,0.3454231,23.66149,24.00691,24.00691,24.00691,24.00691,24.00691,24.00691,24.00691,24.00691,24.00691,24.00691,0.3454231,23.66149
24.00691,7.426598,0.1727116,24.00691,24.00691,24.00691,24.00691,24.00691,24.00691,24.00691,24.00691,24.00691,24.00691,24.00691,0.1727116,0.1727116,24.00691,24.00691,24.00691,24.00691,24.00691,24.00691,24.00691,24.00691,0.3454231,23.66149,24.17962,24.00691,24.00691,24.00691,24.00691,24.00691,24.00691,24.00691,24.00691,24.00691,0.3454231,23.66149,24.17962,24.00691,24.00691,24.00691,24.00691,24.00691,24.00691,24.00691,24.00691,24.00691,0.3454231,23.66149
24.00691,0,0.1727116,24.00691,24.00691,24.00691,24.00691,24.00691,24.00691,24.00691,24.00691,24.00691,0.1727116,3.108808,24.17962,24.00691,24.00691,24.00691,24.00691,24.00691,24.00691,24.00691,24.17962,24.17962,0.3454231,23.66149,24.17962,24.17962,24.00691,24.00691,24.00691,24.00691,24.00691,24.00691,24.00691,24.17962,24.17962,0.3454231,24.17962,23.66149,24.17962,24.00691,24.00691,24.00691,24.00691,24.00691,24.00691,24.00691,24.17962,24.17962
24.00691,23.48877,24.17962,0,23.66149,24.17962,24.17962,24.17962,24.17962,24.17962,24.17962,24.17962,24.00691,24.17962,24.17962,24.17962,24.17962,24.17962,24.17962,24.17962,24.17962,24.17962,24.17962,24.17962,24.17962,24.17962,24.17962,24.17962,24.17962,24.00691,24.17962,24.17962,24.17962,24.17962,24.17962,24.17962,24.17962,24.17962,24.17962,24.17962,24.17962,24.17962,24.17962,24.17962,24.17962,24.00691,24.17962,24.17962,24.17962,24.17962
0.1727116,0.1727116,24.17962,0,24.00691,24.17962,24.17962,24.17962,24.17962,24.17962,24.17962,24.17962,24.17962,24.17962,24.17962,24.17962,24.17962,24.17962,24.17962,24.17962,24.17962,24.17962,24.17962,24.00691,24.00691,24.17962,24.17962,24.17962,24.17962,24.17962,24.17962,24.17962,24.17962,24.17962,24.17962,24.00691,24.00691,24.17962,24.17962,24.17962,24.17962,24.17962,24.17962,24.17962,24.17962,24.17962,24.17962,24.00691,24.00691,24.17962
0.3454231,0.1727116,24.17962,0,0,24.17962,24.17962,24.17962,24.17962,24.17962,24.17962,24.17962,24.17962,24.17962,24.17962,24.17962,24.17962,24.17962,24.17962,24.17962,24.17962,24.17962,24.17962,24.00691,24.00691,24.17962,24.17962,24.17962,24.17962,24.17962,24.17962,24.17962,24.17962,24.17962,24.17962,24.00691,24.00691,24.17962,24.17962,24.17962,24.17962,24.17962,24.17962,24.17962,24.17962,24.17962,24.17962,24.00691,24.00691,24.17962
0,0.1727116,24.17962,23.66149,24.17962,24.17962,24.17962,24.17962,24.17962,24.17962,24.17962,24.17962,24.17962,24.17962,24.17962,24.17962,24.17962,24.17962,24.17962,24.17962,24.17962,24.17962,24.17962,24.00691,24.00691,24.17962,24.17962,24.17962,24.17962,24.17962,24.17962,24.17962,24.17962,24.17962,24.17962,24.00691,24.00691,24.17962,24.17962,24.17962,24.17962,24.17962,24.17962,24.17962,24.17962,24.17962,24.17962,24.00691,24.00691,24.17962
2.763385,0,24.17962,24.00691,24.17962,24.17962,24.17962,24.17962,24.17962,24.17962,24.17962,24.17962,24.17962,24.17962,24.17962,24.00691,24.17962,24.17962,24.17962,24.17962,24.17962,24.17962,24.17962,24.00691,0.3454231,23.8342,24.17962,24.17962,24.17962,24.17962,24.17962,24.17962,24.17962,24.17962,24.17962,24.00691,0.3454231,23.8342,24.17962,24.17962,24.17962,24.17962,24.17962,24.17962,24.17962,24.17962,24.17962,24.00691,0.3454231,23.8342
0,0,24.17962,23.66149,24.17962,24.17962,24.17962,24.17962,24.17962,24.17962,24.17962,24.17962,24.17962,24.17962,24.17962,24.35233,24.17962,24.17962,24.17962,24.17962,24.17962,24.17962,24.17962,24.00691,0.3454231,23.8342,24.17962,24.17962,24.17962,24.17962,24.17962,24.17962,24.17962,24.17962,24.17962,24.00691,0.3454231,23.8342,24.17962,24.17962,24.17962,24.17962,24.17962,24.17962,24.17962,24.17962,24.17962,24.00691,0.3454231,23.8342
0.1727116,0,24.17962,0,24.17962,24.17962,24.17962,24.17962,24.17962,24.17962,24.17962,24.17962,24.17962,24.17962,0,24.35233,24.17962,24.17962,24.17962,24.17962,24.17962,24.17962,24.17962,24.00691,24.35233,0.3454231,23.8342,24.17962,24.17962,24.17962,24.17962,24.17962,24.17962,24.17962,24.17962,24.00691,24.35233,0.3454231,23.8342,24.17962,24.17962,24.17962,24.17962,24.17962,24.17962,24.17962,24.17962,24.00691,24.35233,0.3454231
0.1727116,0.1727116,24.17962,23.48877,24.17962,24.17962,24.17962,24.17962,24.17962,24.17962,24.17962,24.17962,0.3454231,23.8342,24.17962,24.35233,24.17962,24.17962,24.17962,24.17962,24.00691,24.35233,24.35233,24.35233,24.35233,24.35233,0.3454231,23.8342,24.17962,24.17962,24.17962,24.17962,24.17962,24.00691,24.35233,24.35233,24.35233,24.35233,24.35233,0.3454231,23.8342,24.17962,24.17962,24.17962,24.17962,24.17962,24.00691,24.35233,24.35233,24.35233
3.626943,24.17962,0.1727116,23.66149,24.35233,24.35233,24.35233,24.35233,24.35233,24.35233,24.35233,24.35233,24.35233,24.35233,24.35233,24.35233,24.35233,24.35233,24.35233,24.35233,24.35233,24.35233,24.35233,24.35233,24.35233,24.35233,24.35233,24.35233,24.35233,24.35233,24.35233,24.35233,24.35233,24.35233,24.35233,24.35233,24.35233,24.35233,24.35233,24.35233,24.35233,24.35233,24.35233,24.35233,24.35233,24.35233,24.35233,24.35233,24.35233,24.35233
23.48877,0.1727116,0,0,24.35233,24.35233,24.35233,24.35233,24.35233,24.35233,24.35233,24.35233,24.35233,24.35233,24.35233,24.35233,24.35233,24.35233,24.35233,24.35233,24.35233,24.35233,24.35233,24.35233,24.35233,24.35233,24.35233,24.35233,24.35233,24.35233,24.35233,24.35233,24.35233,24.35233,24.35233,24.35233,24.35233,24.35233,24.35233,24.35233,24.35233,24.35233,24.35233,24.35233,24.35233,24.35233,24.35233,24.35233,24.35233,24.35233
24.17962,0,0.1727116,0.1727116,24.35233,24.35233,24.35233,24.35233,24.35233,24.35233,24.35233,24.35233,24.35233,24.35233,24.35233,24.35233,24.35233,24.35233,24.35233,24.35233,24.35233,24.35233,24.35233,24.35233,24.35233,24.35233,24.35233,24.35233,24.35233,24.35233,24.35233,24.35233,24.35233,24.35233,24.35233,24.35233,24.35233,24.35233,24.35233,24.35233,24.35233,24.35233,24.35233,24.35233,24.35233,24.35233,24.35233,24.35233,24.35233,24.35233
23.66149,23.66149,0.1727116,0,24.35233,24.35233,24.35233,24.35233,24.35233,24.35233,24.35233,24.35233,24.35233,24.35233,24.35233,24.35233,24.35233,24.35233,24.35233,24.35233,24.35233,24.35233,24.35233,24.35233,24.35233,24.35233,24.35233,24.35233,24.35233,24.35233,24.35233,24.35233,24.35233,24.35233,24.35233,24.35233,24.35233,24.35233,24.35233,24.35233,24.35233,24.35233,24.35233,24.35233,24.35233,24.35233,24.35233,24.35233,24.35233,24.35233
0,0,0.1727116,0.1727116,24.35233,24.35233,24.35233,24.35233,24.35233,24.35233,24.35233,24.35233,24.35233,24.35233,24.35233,24.35233,24.35233,24.35233,24.35233,24.35233,24.35233,24.35233,24.35233,24.35233,24.35233,24.35233,24.35233,24.35233,24.35233,24.35233,24.35233,24.35233,24.35233,24.35233,24.35233,24.35233,24.35233,24.35233,24.35233,24.35233,24.35233,24.35233,24.35233,24.35233,24.35233,24.35233,24.35233,24.35233,24.35233,24.35233
0,0,0.1727116,0,24.35233,24.35233,24.35233,24.35233,24.35233,24.35233,24.35233,24.35233,24.35233,24.35233,24.35233,24.35233,24.35233,24.35233,24.35233,24.35233,24.35233,24.35233,24.35233,24.35233,24.35233,24.35233,24.35233,24.35233,24.35233,24.35233,24.35233,24.35233,24.35233,24.35233,24.35233,24.35233,24.35233,24.35233,24.35233,24.35233,24.35233,24.35233,24.35233,24.35233,24.35233,24.35233,24.35233,24.35233,24.35233,24.35233
4.490501,0,23.48877,0.1727116,24.35233,24.35233,24.35233,24.35233,24.35233,24.35233,24.35233,24.35233,24.35233,24.35233,24.35233,24.35233,24.35233,24.35233,24.35233,24.35233,24.35233,24.35233,24.35233,24.35233,24.35233,24.35233,24.35233,24.35233,24.35233,24.35233,24.35233,24.35233,24.35233,24.35233,24.35233,24.35233,24.35233,24.35233,24.35233,24.35233,24.35233,24.35233,24.35233,24.35233,24.35233,24.35233,24.35233,24.35233,24.35233,24.35233
24.00691,0.1727116,0,0,24.35233,24.35233,24.35233,24.35233,24.35233,24.35233,24.35233,24.35233,24.35233,24.35233,24.35233,24.35233,24.35233,24.35233,24.35233,24.35233,24.35233,24.35233,24.35233,24.35233,24.35233,24.35233,24.35233,24.35233,24.35233,24.35233,24.35233,24.35233,24.35233,24.35233,24.35233,24.35233,24.35233,24.35233,24.35233,24.35233,24.35233,24.35233,24.35233,24.35233,24.35233,24.35233,24.35233,24.35233,24.35233,24.35233
8.635578,23.66149,23.66149,24.35233,24.35233,24.35233,24.35233,24.35233,24.35233,24.35233,24.35233,24.35233,24.35233,24.35233,24.35233,24.35233,24.35233,24.35233,24.35233,24.35233,24.35233,24.35233,24.35233,24.35233,24.35233,24.35233,24.35233,24.35233,24.35233,24.35233,24.35233,24.35233,24.35233,24.35233,24.35233,24.35233,24.35233,24.35233,24.35233,24.35233,24.35233,24.35233,24.35233,24.35233,24.35233,24.35233,24.35233,24.35233,24.35233,24.35233
0,23.48877,0,24.35233,24.35233,24.35233,24.35233,24.35233,24.35233,24.35233,24.35233,24.35233,24.35233,24.35233,24.35233,0,24.35233,24.35233,24.35233,24.35233,24.35233,24.35233,24.35233,0,24.17962,24.35233,24.35233,24.35233,24.35233,24.35233,24.35233,24.35233,24.35233,24.35233,24.35233,0,24.17962,24.35233,24.35233,24.35233,24.35233,24.35233,24.35233,24.35233,24.35233,24.35233,24.35233,0,24.17962,24.35233
23.8342,24.00691,0,24.35233,24.35233,24.35233,24.35233,24.35233,24.35233,24.35233,24.35233,24.35233,24.35233,24.35233,24.35233,24.35233,24.35233,24.35233,24.35233,24.35233,24.35233,24.35233,24.35233,0,24.17962,24.35233,24.35233,24.35233,24.35233,24.35233,24.35233,24.35233,24.35233,24.35233,24.35233,0,24.17962,24.35233,24.35233,24.35233,24.35233,24.35233,24.35233,24.35233,24.35233,24.35233,24.35233,0,24.17962,24.35233
0,24.00691,24.35233,24.35233,24.35233,24.35233,24.35233,24.35233,24.35233,24.35233,24.35233,24.35233,24.35233,24.35233,24.35233,23.66149,24.35233,24.35233,24.35233,24.35233,24.35233,24.35233,24.35233,0,24.17962,24.35233,24.35233,24.35233,24.35233,24.35233,24.35233,24.35233,24.35233,24.35233,24.35233,0,24.17962,24.35233,24.35233,24.35233,24.35233,24.35233,24.35233,24.35233,24.35233,24.35233,24.35233,0,24.17962,24.35233
0,0,24.35233,24.35233,24.35233,24.35233,24.35233,24.35233,24.35233,24.35233,24.35233,24.35233,24.35233,24.35233,3.108808,24.00691,24.35233,24.35233,24.35233,24.35233,24.35233,24.35233,24.35233,24.17962,0.1727116,24.17962,24.35233,24.35233,24.35233,24.35233,24.35233,24.35233,24.35233,24.35233,24.35233,24.17962,0.1727116,24.17962,24.35233,24.35233,24.35233,24.35233,24.35233,24.35233,24.35233,24.35233,24.35233,24.17962,0.1727116,24.17962
24.00691,0,24.35233,24.35233,24.35233,24.35233,24.35233,24.35233,24.35233,24.35233,24.35233,24.35233,24.35233,24.35233,24.00691,24.17962,24.35233,24.35233,24.35233,24.35233,24.35233,24.35233,24.35233,24.17962,0.1727116,24.17962,24.35233,24.35233,24.35233,24.35233,24.35233,24.35233,24.35233,24.35233,24.35233,24.17962,0.1727116,24.17962,24.35233,24.35233,24.35233,24.35233,24.35233,24.35233,24.35233,24.35233,24.35233,24.17962,0.1727116,24.17962
0.3454231,0,24.35233,24.35233,24.35233,24.35233,24.35233,24.35233,24.35233,24.35233,24.35233,24.35233,24.35233,24.35233,0,0,24.35233,24.35233,24.35233,24.35233,24.35233,24.35233,24.35233,24.17962,0.1727116,24.17962,24.35233,24.35233,24.35233,24.35233,24.35233,24.35233,24.35233,24.35233,24.35233,24.17962,0.1727116,24.17962,24.35233,24.35233,24.35233,24.35233,24.35233,24.35233,24.35233,24.35233,24.35233,24.17962,0.1727116,24.17962
23.8342,24.69775,24.35233,24.35233,24.35233,24.35233,24.35233,24.35233,24.35233,24.35233,24.35233,24.35233,24.35233,24.35233,3.28152,0,24.35233,24.35233,24.35233,24.35233,24.35233,24.35233,24.35233,24.17962,0.1727116,24.17962,24.35233,24.35233,24.35233,24.35233,24.35233,24.35233,24.35233,24.35233,24.35233,24.17962,0.1727116,24.17962,24.35233,24.35233,24.35233,24.35233,24.35233,24.35233,24.35233,24.35233,24.35233,24.17962,0.1727116,24.17962
16.75302,24.69775,24.35233,24.35233,24.35233,24.35233,24.35233,24.35233,24.35233,24.35233,24.35233,24.35233,24.35233,0,0,0.1727116,24.35233,24.35233,24.35233,24.35233,24.35233,24.35233,24.35233,24.35233,23.48877,0.1727116,24.17962,24.35233,24.35233,24.35233,24.35233,24.35233,24.35233,24.35233,24.35233,24.35233,23.48877,0.1727116,24.17962,24.35233,24.35233,24.35233,24.35233,24.35233,24.35233,24.35233,24.35233,24.35233,23.48877,0.1727116
24.52504,24.69775,24.35233,24.35233,24.35233,24.35233,24.35233,24.35233,24.35233,24.35233,24.35233,24.35233,24.35233,23.8342,0,23.66149,24.35233,24.35233,24.35233,24.35233,24.35233,24.35233,24.35233,24.35233,23.48877,0.1727116,24.17962,24.35233,24.35233,24.35233,24.35233,24.35233,24.35233,24.35233,24.35233,24.35233,23.48877,0.1727116,24.17962,24.35233,24.35233,24.35233,24.35233,24.35233,24.35233,24.35233,24.35233,24.35233,23.48877,0.1727116
24.52504,24.69775,24.35233,24.35233,24.35233,24.35233,24.35233,24.35233,24.35233,24.35233,24.35233,24.35233,23.8342,24.17962,23.8342,0,24.35233,24.35233,24.35233,24.35233,24.35233,24.35233,24.35233,24.35233,99.82729,23.66149,0.1727116,24.17962,24.35233,24.35233,24.35233,24.35233,24.35233,24.35233,24.35233,24.35233,99.82729,23.66149,0.1727116,24.17962,24.35233,24.35233,24.35233,24.35233,24.35233,24.35233,24.35233,24.35233,99.82729,23.66149
24.52504,24.69775,24.35233,24.35233,24.35233,24.35233,24.35233,24.35233,24.35233,24.17962,24.00691,8.462867,0.1727116,23.66149,0.1727116,24.17962,24.35233,24.35233,24.35233,24.35233,99.82729,99.82729,99.82729,24.69775,99.82729,99.82729,23.66149,0.1727116,24.17962,24.35233,24.35233,24.35233,24.35233,99.82729,99.82729,99.82729,99.82729,24.69775,99.82729,23.66149,0.1727116,24.17962,24.35233,24.35233,24.35233,24.35233,99.82729,99.82729,99.82729,99.82729
24.52504,0.1727116,23.66149,0,99.82729,99.82729,99.82729,99.82729,99.82729,99.82729,99.82729,99.82729,99.82729,99.82729,99.82729,99.82729,99.82729,99.82729,99.82729,99.82729,99.82729,99.82729,99.82729,99.82729,99.82729,99.82729,99.82729,99.82729,99.82729,99.82729,99.82729,99.82729,99.82729,99.82729,99.82729,99.82729,99.82729,99.82729,99.82729,99.82729,99.82729,99.82729,99.82729,99.82729,99.82729,99.82729,99.82729,99.82729,99.82729,99.82729
23.8342,99.65458,8.290155,0,99.82729,99.82729,99.82729,99.82729,99.82729,99.82729,99.82729,99.82729,99.82729,99.82729,99.82729,99.82729,99.82729,99.82729,99.82729,99.82729,99.82729,99.82729,99.82729,99.82729,99.82729,99.82729,99.82729,99.82729,99.82729,99.82729,99.82729,99.82729,99.82729,99.82729,99.82729,99.82729,99.82729,99.82729,99.82729,99.82729,99.82729,99.82729,99.82729,99.82729,99.82729,99.82729,99.82729,99.82729,99.82729,99.82729
0,23.66149,24.35233,99.82729,99.82729,99.82729,99.82729,99.82729,99.82729,99.82729,99.82729,99.82729,99.82729,99.82729,99.82729,99.82729,99.82729,99.82729,99.82729,99.82729,99.82729,99.82729,99.82729,99.82729,99.82729,99.82729,99.82729,99.82729,99.82729,99.82729,99.82729,99.82729,99.82729,99.82729,99.82729,99.82729,99.82729,99.82729,99.82729,99.82729,99.82729,99.82729,99.82729,99.82729,99.82729,99.82729,99.82729,99.82729,99.82729,99.82729
8.462867,23.48877,24.00691,99.82729,99.82729,99.82729,99.82729,99.82729,99.82729,99.82729,99.82729,99.82729,99.82729,99.82729,99.82729,99.82729,99.82729,99.82729,99.82729,99.82729,99.82729,99.82729,99.82729,24.35233,99.65458,99.82729,99.82729,99.82729,99.82729,99.82729,99.82729,99.82729,99.82729,99.82729,99.82729,24.35233,99.65458,99.82729,99.82729,99.82729,99.82729,99.82729,99.82729,99.82729,99.82729,99.82729,99.82729,24.35233,99.65458,99.82729
0,99.82729,0,99.82729,99.82729,99.82729,99.82729,99.82729,99.82729,99.82729,99.82729,99.82729,99.82729,99.82729,99.82729,23.8342,99.82729,99.82729,99.82729,99.82729,99.82729,99.82729,99.82729,24.35233,99.65458,99.82729,99.82729,99.82729,99.82729,99.82729,99.82729,99.82729,99.82729,99.82729,99.82729,24.35233,99.65458,99.82729,99.82729,99.82729,99.82729,99.82729,99.82729,99.82729,99.82729,99.82729,99.82729,24.35233,99.65458,99.82729
0,99.82729,24.35233,99.82729,99.82729,99.82729,99.82729,99.82729,99.82729,99.82729,99.82729,99.82729,99.82729,99.82729,99.82729,0,99.82729,99.82729,99.82729,99.82729,99.82729,99.82729,99.82729,99.65458,99.82729,99.65458,99.82729,99.82729,99.82729,99.82729,99.82729,99.82729,99.82729,99.82729,99.82729,99.65458,99.82729,99.65458,99.82729,99.82729,99.82729,99.82729,99.82729,99.82729,99.82729,99.82729,99.82729,99.65458,99.82729,99.65458
99.65458,99.82729,0.1727116,99.82729,99.82729,99.82729,99.82729,99.82729,99.82729,99.82729,99.82729,99.82729,99.82729,99.82729,0.1727116,99.65458,99.82729,99.82729,99.82729,99.82729,99.82729,99.82729,99.82729,99.65458,99.82729,99.65458,99.82729,99.82729,99.82729,99.82729,99.82729,99.82729,99.82729,99.82729,99.82729,99.65458,99.82729,99.65458,99.82729,99.82729,99.82729,99.82729,99.82729,99.82729,99.82729,99.82729,99.82729,99.65458,99.82729,99.65458
0,99.82729,2.936097,99.82729,99.82729,99.82729,99.82729,99.82729,99.82729,99.82729,99.82729,99.82729,99.82729,99.82729,0,24.87047,99.82729,99.82729,99.82729,99.82729,99.82729,99.82729,99.82729,99.65458,99.82729,99.65458,99.82729,99.82729,99.82729,99.82729,99.82729,99.82729,99.82729,99.82729,99.82729,99.65458,99.82729,99.65458,99.82729,99.82729,99.82729,99.82729,99.82729,99.82729,99.82729,99.82729,99.82729,99.65458,99.82729,99.65458
24.00691,99.82729,23.8342,99.82729,99.82729,99.82729,99.82729,99.82729,99.82729,99.82729,99.82729,99.82729,99.82729,99.82729,16.4076,0,99.82729,99.82729,99.82729,99.82729,99.82729,99.82729,99.82729,99.65458,99.82729,99.65458,99.82729,99.82729,99.82729,99.82729,99.82729,99.82729,99.82729,99.82729,99.82729,99.65458,99.82729,99.65458,99.82729,99.82729,99.82729,99.82729,99.82729,99.82729,99.82729,99.82729,99.82729,99.65458,99.82729,99.65458
8.462867,99.82729,0.1727116,99.82729,99.82729,99.82729,99.82729,99.82729,99.82729,99.82729,99.82729,99.82729,99.82729,99.82729,24.00691,0,99.82729,99.82729,99.82729,99.82729,99.82729,99.82729,99.82729,99.65458,99.82729,99.65458,99.82729,99.82729,99.82729,99.82729,99.82729,99.82729,99.82729,99.82729,99.82729,99.65458,99.82729,99.65458,99.82729,99.82729,99.82729,99.82729,99.82729,99.82729,99.82729,99.82729,99.82729,99.65458,99.82729,99.65458
99.82729,99.82729,24.17962,99.82729,99.82729,99.82729,99.82729,99.82729,99.82729,99.82729,99.82729,99.82729,99.82729,99.82729,0.1727116,23.48877,99.82729,99.82729,99.82729,99.82729,99.82729,99.82729,99.82729,99.65458,99.82729,99.65458,99.82729,99.82729,99.82729,99.82729,99.82729,99.82729,99.82729,99.82729,99.82729,99.65458,99.82729,99.65458,99.82729,99.82729,99.82729,99.82729,99.82729,99.82729,99.82729,99.82729,99.82729,99.65458,99.82729,99.65458
99.82729,99.82729,23.48877,99.82729,99.82729,99.82729,99.82729,99.82729,99.82729,99.82729,99.82729,99.82729,99.82729,0,0.1727116,0,99.82729,99.82729,99.82729,99.82729,99.82729,99.82729,99.82729,24.52504,99.82729,99.82729,99.65458,99.82729,99.82729,99.82729,99.82729,99.82729,99.82729,99.82729,99.82729,24.52504,99.82729,99.82729,99.65458,99.82729,99.82729,99.82729,99.82729,99.82729,99.82729,99.82729,99.82729,24.52504,99.82729,99.82729
99.82729,99.82729,24.00691,99.82729,99.82729,99.82729,99.82729,99.82729,99.82729,99.82729,99.82729,99.82729,99.82729,2.936097,23.66149,1.208981,99.82729,99.82729,99.82729,99.82729,99.82729,99.82729,99.82729,24.52504,99.82729,99.82729,99.65458,99.82729,99.82729,99.82729,99.82729,99.82729,99.82729,99.82729,99.82729,24.52504,99.82729,99.82729,99.65458,99.82729,99.82729,99.82729,99.82729,99.82729,99.82729,99.82729,99.82729,24.52504,99.82729,99.82729
99.82729,99.82729,0,99.82729,99.82729,99.82729,99.82729,99.82729,99.82729,99.82729,99.82729,99.82729,99.82729,8.462867,24.52504,0.1727116,99.82729,99.82729,99.82729,99.82729,99.82729,99.82729,99.82729,24.52504,99.82729,99.82729,99.65458,99.82729,99.82729,99.82729,99.82729,99.82729,99.82729,99.82729,99.82729,24.52504,99.82729,99.82729,99.65458,99.82729,99.82729,99.82729,99.82729,99.82729,99.82729,99.82729,99.82729,24.52504,99.82729,99.82729
99.82729,99.82729,24.17962,99.82729,99.82729,99.82729,99.82729,99.82729,99.82729,99.82729,99.82729,99.82729,99.82729,35.57858,23.8342,24.35233,99.82729,99.82729,99.82729,99.82729,99.82729,99.82729,99.82729,24.52504,99.82729,99.82729,99.65458,99.82729,99.82729,99.82729,99.82729,99.82729,99.82729,99.82729,99.82729,24.52504,99.82729,99.82729,99.65458,99.82729,99.82729,99.82729,99.82729,99.82729,99.82729,99.82729,99.82729,24.52504,99.82729,99.82729
99.82729,99.82729,0.1727116,99.82729,99.82729,99.82729,99.82729,99.82729,99.82729,99.82729,99.82729,99.82729,99.82729,0,8.290155,24.17962,99.82729,99.82729,99.82729,99.82729,99.82729,99.82729,99.82729,24.52504,99.82729,99.82729,99.65458,99.82729,99.82729,99.82729,99.82729,99.82729,99.82729,99.82729,99.82729,24.52504,99.82729,99.82729,99.65458,99.82729,99.82729,99.82729,99.82729,99.82729,99.82729,99.82729,99.82729,24.52504,99.82729,99.82729
99.82729,99.82729,0,99.82729,99.82729,99.82729,99.82729,99.82729,99.82729,99.82729,99.82729,99.82729,99.82729,99.82729,0.1727116,24.17962,99.82729,99.82729,99.82729,99.82729,99.82729,99.82729,99.82729,24.52504,99.82729,99.82729,99.65458,99.82729,99.82729,99.82729,99.82729,99.82729,99.82729,99.82729,99.82729,24.52504,99.82729,99.82729,99.65458,99.82729,99.82729,99.82729,99.82729,99.82729,99.82729,99.82729,99.82729,24.52504,99.82729,99.82729
99.82729,99.82729,24.52504,99.82729,99.82729,99.82729,99.82729,99.82729,99.82729,99.82729,99.82729,99.82729,99.82729,35.7513,24.17962,24.69775,99.82729,99.82729,99.82729,99.82729,99.82729,99.82729,99.82729,24.52504,99.82729,99.82729,99.65458,99.82729,99.82729,99.82729,99.82729,99.82729,99.82729,99.82729,99.82729,24.52504,99.82729,99.82729,99.65458,99.82729,99.82729,99.82729,99.82729,99.82729,99.82729,99.82729,99.82729,24.52504,99.82729,99.82729
99.82729,99.82729,24.00691,99.82729,99.82729,99.82729,99.82729,99.82729,99.82729,99.82729,99.82729,99.82729,99.82729,24.52504,0,24.52504,99.82729,99.82729,99.82729,99.82729,99.82729,99.82729,99.82729,24.52504,99.82729,99.82729,99.65458,99.82729,99.82729,99.82729,99.82729,99.82729,99.82729,99.82729,99.82729,24.52504,99.82729,99.82729,99.65458,99.82729,99.82729,99.82729,99.82729,99.82729,99.82729,99.82729,99.82729,24.52504,99.82729,99.82729
99.82729,99.82729,35.57858,99.82729,99.82729,99.82729,99.82729,99.82729,99.82729,99.82729,99.82729,99.82729,99.82729,99.82729,24.35233,0,99.82729,99.82729,99.82729,99.82729,99.82729,99.82729,99.82729,24.52504,99.82729,99.82729,99.65458,99.82729,99.82729,99.82729,99.82729,99.82729,99.82729,99.82729,99.82729,24.52504,99.82729,99.82729,99.65458,99.82729,99.82729,99.82729,99.82729,99.82729,99.82729,99.82729,99.82729,24.52504,99.82729,99.82729
99.82729,99.82729,99.82729,99.82729,99.82729,99.82729,99.82729,99.82729,99.82729,99.82729,99.82729,99.82729,99.82729,23.8342,23.8342,24.17962,99.82729,99.82729,99.82729,99.82729,99.82729,99.82729,99.82729,24.52504,99.82729,99.82729,99.65458,99.82729,99.82729,99.82729,99.82729,99.82729,99.82729,99.82729,99.82729,24.52504,99.82729,99.82729,99.65458,99.82729,99.82729,99.82729,99.82729,99.82729,99.82729,99.82729,99.82729,24.52504,99.82729,99.82729
99.82729,99.82729,99.82729,99.82729,99.82729,99.82729,99.82729,99.82729,99.82729,99.82729,99.82729,99.82729,24.35233,36.09672,99.82729,24.69775,99.82729,99.82729,99.82729,99.82729,99.82729,99.82729,99.82729,99.65458,99.82729,99.65458,99.82729,99.65458,99.82729,99.82729,99.82729,99.82729,99.82729,99.82729,99.82729,99.65458,99.82729,99.65458,99.82729,99.65458,99.82729,99.82729,99.82729,99.82729,99.82729,99.82729,99.82729,99.65458,99.82729,99.65458
99.82729,99.82729,99.82729,99.82729,99.82729,99.82729,99.82729,99.82729,99.82729,99.82729,99.82729,99.82729,0,23.8342,99.82729,0,99.82729,99.82729,99.82729,99.82729,99.82729,99.82729,99.82729,99.65458,99.82729,99.65458,99.82729,99.65458,99.82729,99.82729,99.82729,99.82729,99.82729,99.82729,99.82729,99.65458,99.82729,99.65458,99.82729,99.65458,99.82729,99.82729,99.82729,99.82729,99.82729,99.82729,99.82729,99.65458,99.82729,99.65458
99.82729,99.82729,99.82729,99.82729,99.82729,99.82729,99.82729,99.82729,99.82729,99.82729,99.82729,99.82729,99.82729,0,0.1727116,24.35233,99.82729,99.82729,99.82729,99.82729,99.82729,99.82729,99.82729,99.65458,99.82729,99.65458,99.82729,99.65458,99.82729,99.82729,99.82729,99.82729,99.82729,99.82729,99.82729,99.65458,99.82729,99.65458,99.82729,99.65458,99.82729,99.82729,99.82729,99.82729,99.82729,99.82729,99.82729,99.65458,99.82729,99.65458
99.82729,99.82729,99.82729,99.82729,99.82729,99.82729,99.82729,99.82729,99.82729,99.82729,99.82729,99.82729,8.462867,0.1727116,0,0.1727116,99.82729,99.82729,99.82729,99.82729,99.82729,99.82729,99.82729,99.65458,99.82729,99.65458,99.82729,99.65458,99.82729,99.82729,99.82729,99.82729,99.82729,99.82729,99.82729,99.65458,99.82729,99.65458,99.82729,99.65458,99.82729,99.82729,99.82729,99.82729,99.82729,99.82729,99.82729,99.65458,99.82729,99.65458
99.82729,99.82729,99.82729,99.82729,99.82729,99.82729,99.82729,99.82729,99.82729,99.82729,99.82729,99.82729,0.1727116,0,8.290155,0,99.82729,99.82729,99.82729,99.82729,99.82729,99.82729,99.82729,99.65458,99.82729,99.65458,99.82729,99.65458,99.82729,99.82729,99.82729,99.82729,99.82729,99.82729,99.82729,99.65458,99.82729,99.65458,99.82729,99.65458,99.82729,99.82729,99.82729,99.82729,99.82729,99.82729,99.82729,99.65458,99.82729,99.65458
99.82729,99.82729,99.82729,99.82729,99.82729,99.82729,99.82729,99.82729,99.82729,99.82729,99.82729,99.82729,0,23.66149,99.65458,0,99.82729,99.82729,99.82729,99.82729,99.82729,99.82729,99.82729,99.65458,99.82729,99.65458,99.82729,99.65458,99.82729,99.82729,99.82729,99.82729,99.82729,99.82729,99.82729,99.65458,99.82729,99.65458,99.82729,99.65458,99.82729,99.82729,99.82729,99.82729,99.82729,99.82729,99.82729,99.65458,99.82729,99.65458
99.82729,99.82729,99.82729,99.82729,99.82729,99.82729,99.82729,99.82729,99.82729,99.82729,99.82729,99.82729,23.8342,0,0,99.82729,99.82729,99.82729,99.82729,99.82729,99.82729,99.82729,99.82729,99.65458,99.82729,99.65458,99.82729,99.65458,99.82729,99.82729,99.82729,99.82729,99.82729,99.82729,99.82729,99.65458,99.82729,99.65458,99.82729,99.65458,99.82729,99.82729,99.82729,99.82729,99.82729,99.82729,99.82729,99.65458,99.82729,99.65458
99.82729,99.82729,99.82729,99.82729,99.82729,99.82729,99.82729,99.82729,99.82729,99.82729,99.82729,99.82729,23.8342,99.65458,0.1727116,24.00691,99.82729,99.82729,99.82729,99.82729,99.82729,99.82729,99.82729,99.65458,99.82729,99.65458,99.82729,99.65458,99.82729,99.82729,99.82729,99.82729,99.82729,99.82729,99.82729,99.65458,99.82729,99.65458,99.82729,99.65458,99.82729,99.82729,99.82729,99.82729,99.82729,99.82729,99.82729,99.65458,99.82729,99.65458
99.82729,99.82729,99.82729,99.82729,99.82729,99.82729,99.82729,99.82729,99.82729,99.82729,99.82729,99.82729,23.8342,8.290155,35.57858,0.1727116,99.82729,99.82729,99.82729,99.82729,99.82729,99.82729,99.82729,99.65458,99.82729,99.65458,99.82729,99.65458,99.82729,99.82729,99.82729,99.82729,99.82729,99.82729,99.82729,99.65458,99.82729,99.65458,99.82729,99.65458,99.82729,99.82729,99.82729,99.82729,99.82729,99.82729,99.82729,99.65458,99.82729,99.65458
99.82729,99.82729,99.82729,99.82729,99.82729,99.82729,99.82729,99.82729,99.82729,99.82729,99.82729,99.82729,0.1727116,23.48877,8.981002,0.1727116,99.82729,99.82729,99.82729,99.82729,99.82729,99.82729,99.82729,99.65458,99.82729,99.65458,99.82729,99.65458,99.82729,99.82729,99.82729,99.82729,99.82729,99.82729,99.82729,99.65458,99.82729,99.65458,99.82729,99.65458,99.82729,99.82729,99.82729,99.82729,99.82729,99.82729,99.82729,99.65458,99.82729,99.65458
