2.016901
2.4
3.504225
4.011268
4.585916
4.907042
5.166197
5.898592
5.859155
7.577465
13.52676
35.6169
77.87042
78.18028
77.91549
78.41127
79.79718
77.80282
77.96056
78.35493
78.27605
78.26479
79.48733
80.85071
78.26479
78.00563
78.27042
80.45634
78.4845
77.92676
77.81972
81.11549
74.73803
72.54648
74.97465
77.31831
77.43098
79.49859
81.45915
85.21127
83.84225
83.13239
84.92394
86.61972
84.4169
82.67043
86.42817
87.17183
84.94084
84.28169
84.65916
84.50141
85.43662
84.56902
80.20845
84.39436
90.66479
97.12676
96.50704
92.70986
96.3662
94.67606
96.8338
93.70141
95.39719
93.69578
95.48733
93.73521
89.95493
96.00563
89.9324
