0.4732394
1.273239
2.670423
8.507042
24.06197
24.07887
24.00563
24.58591
24.03944
24.04507
23.84225
24.02254
23.99437
24.87887
24.84507
21.87606
21.40282
21.23944
22.33239
19.19437
18.72676
19.57747
22.60845
22.64789
24.19155
24.4338
24.24225
24.19718
24.60282
24.82817
24.24789
24.77183
24.18591
24.10141
24.33239
24.10141
24.10704
24.76056
24.10141
24.23099
24.27042
24.18028
24.27042
25.41972
24.17465
24.24789
24.62535
24.24225
24.60282
24.38873
24.17465
24.10141
24.42253
24.10704
24.68169
24.61972
24.80563
23.00845
24.28732
23.77465
24.36056
24.24225
23.6169
24.14648
25.46479
28.4338
41.6
71.06479
74.96902
