5.267703
39.76648
16.99297
15.93897
7.886474
8.981002
76.32784
29.49297
32.44131
22.56039
15.84629
82.21154
29.14157
40.70422
30.43478
99.82729
99.72527
99.69879
77.46479
54.78261
99.82729
99.72527
99.69879
77.46479
54.78261
99.82729
99.67949
99.69879
78.77934
54.87923
99.82729
99.67949
99.69879
78.77934
54.87923
99.82729
99.67949
99.69879
78.77934
54.87923
99.82729
99.67949
99.69879
78.77934
54.87923
99.82729
99.67949
99.69879
78.77934
54.87923
99.82729
99.67949
99.69879
80.6338
54.90338
99.82729
99.67949
99.69879
80.6338
54.90338
99.82729
99.67949
99.69879
80.6338
54.90338
99.82729
99.67949
99.69879
80.6338
54.90338
