0,0,0,0,0,0,0,0,0,0,0,0,8.80829,0.1727116,8.290155,0.1727116,0.1727116,0,0,0,0.1727116,0.1727116,0.1727116,0,0.1727116,0.1727116,0,8.290155,0,0,0.3454231,8.80829,0.1727116,8.290155,0.1727116,0,3.454232,0,0,0,2.417962,0,0,0,8.290155,0.3454231,2.24525,8.80829,0.1727116,8.290155
76.37363,75.82417,75.82417,75.82417,51.92308,51.92308,51.92308,11.53846,2.472528,1.373626,0.8241758,1.373626
28.91566,28.91566,28.91566,28.91566,28.61446,28.61446,28.61446,2.409639,0,0,0,0
28.4507,26.19718,26.19718,26.19718,27.32394,27.32394,27.32394,2.253521,0,0,0,0
22.31884,22.31884,22.31884,22.31884,1.304348,1.304348,1.304348,0.8695652,0.1449275,0.1449275,0.1449275,0.1449275
0,0,0,0,0,0,0,0,0,0,0,0,8.981002,8.981002,8.981002,8.981002,8.981002,8.981002,8.981002,8.981002,8.981002,8.981002,8.981002,7.599309,8.981002,8.981002,8.981002,8.981002,8.981002,8.981002,8.981002,8.981002,8.981002,8.981002,8.981002,7.599309,8.981002,8.981002,8.981002,8.981002,8.981002,8.981002,8.981002,8.981002,8.981002,8.981002,8.981002,7.599309,8.981002,8.981002
75.82417,76.37363,76.37363,76.37363,76.37363,76.37363,76.37363,76.37363,76.37363,76.37363,76.37363,76.37363
35.84337,28.91566,28.91566,28.91566,28.91566,28.91566,28.91566,28.91566,28.91566,28.91566,28.91566,28.91566
76.33803,28.4507,28.4507,28.4507,28.4507,28.4507,28.4507,28.4507,28.4507,28.4507,28.4507,28.4507
25.21739,22.31884,22.31884,22.31884,22.31884,22.31884,22.31884,22.31884,22.31884,22.31884,22.31884,22.31884
0,0,0,0,0,0,0,0,0,0,0,0,8.981002,8.981002,8.981002,8.290155,8.981002,8.981002,8.981002,8.981002,8.981002,8.981002,8.981002,7.944732,36.44214,8.981002,8.981002,8.981002,8.981002,8.981002,8.981002,8.981002,8.981002,8.981002,8.981002,7.944732,36.44214,8.981002,8.981002,8.981002,8.981002,8.981002,8.981002,8.981002,8.981002,8.981002,8.981002,7.944732,36.44214,8.981002
99.72527,99.72527,99.72527,76.37363,76.37363,76.37363,76.37363,76.37363,76.37363,76.37363,76.37363,76.37363
29.81928,29.81928,29.81928,28.91566,28.91566,28.91566,28.91566,28.91566,28.91566,28.91566,28.91566,28.91566
77.46479,77.46479,77.46479,28.4507,28.4507,28.4507,28.4507,28.4507,28.4507,28.4507,28.4507,28.4507
54.78261,54.78261,54.78261,22.31884,22.31884,22.31884,22.31884,22.31884,22.31884,22.31884,22.31884,22.31884
0,0,0,0,0,0,0,0,0,0,0,0,99.82729,99.82729,99.82729,99.82729,99.82729,99.82729,99.82729,99.82729,99.82729,99.82729,99.82729,99.82729,99.82729,99.82729,99.82729,99.82729,99.82729,99.82729,99.82729,99.82729,99.82729,99.82729,99.82729,99.82729,99.82729,99.82729,99.82729,99.82729,99.82729,99.82729,99.82729,99.82729,99.82729,99.82729,99.82729,99.82729,99.82729,99.82729
99.72527,99.72527,99.72527,99.72527,99.72527,99.72527,99.72527,99.72527,99.72527,99.72527,99.72527,99.72527
99.69879,99.69879,99.69879,99.69879,99.69879,99.69879,99.69879,99.69879,99.69879,99.69879,99.69879,99.69879
77.46479,77.46479,77.46479,77.46479,77.46479,77.46479,77.46479,77.46479,77.46479,77.46479,77.46479,77.46479
54.78261,54.78261,54.78261,54.78261,54.78261,54.78261,54.78261,54.78261,54.78261,54.78261,54.78261,54.78261
0,0,0,0,0,0,0,0,0,0,0,0,99.82729,99.82729,99.82729,99.82729,99.82729,99.82729,99.82729,99.82729,99.82729,99.82729,99.82729,99.82729,99.82729,99.82729,99.82729,99.82729,99.82729,99.82729,99.82729,99.82729,99.82729,99.82729,99.82729,99.82729,99.82729,99.82729,99.82729,99.82729,99.82729,99.82729,99.82729,99.82729,99.82729,99.82729,99.82729,99.82729,99.82729,99.82729
99.72527,99.72527,99.72527,99.72527,99.72527,99.72527,99.72527,99.72527,99.72527,99.72527,99.72527,99.72527
99.69879,99.69879,99.69879,99.69879,99.69879,99.69879,99.69879,99.69879,99.69879,99.69879,99.69879,99.69879
77.46479,77.46479,77.46479,77.46479,77.46479,77.46479,77.46479,77.46479,77.46479,77.46479,77.46479,77.46479
54.78261,54.78261,54.78261,54.78261,54.78261,54.78261,54.78261,54.78261,54.78261,54.78261,54.78261,54.78261
0,0,0,0,0,0,0,0,0,0,0,0,99.82729,99.82729,99.82729,7.426598,99.82729,99.82729,99.82729,99.82729,99.82729,99.82729,99.82729,99.82729,24.69775,99.82729,99.82729,99.82729,99.82729,99.82729,99.82729,99.82729,99.82729,99.82729,99.82729,99.82729,24.69775,99.82729,99.82729,99.82729,99.82729,99.82729,99.82729,99.82729,99.82729,99.82729,99.82729,99.82729,24.69775,99.82729
99.45055,99.45055,99.72527,99.72527,99.72527,99.72527,99.72527,99.72527,99.72527,99.72527,99.72527,99.72527
99.69879,99.69879,99.69879,99.69879,99.69879,99.69879,99.69879,99.69879,99.69879,99.69879,99.69879,99.69879
85.35211,85.35211,77.46479,77.46479,77.46479,77.46479,77.46479,77.46479,77.46479,77.46479,77.46479,77.46479
55.7971,54.92754,54.78261,54.78261,54.78261,54.78261,54.78261,54.78261,54.78261,54.78261,54.78261,54.78261
0,0,0,0,0,0,0,0,0,0,0,0,99.82729,99.82729,0,0.1727116,99.82729,99.82729,99.82729,99.82729,99.82729,99.82729,99.82729,99.82729,99.82729,99.82729,99.82729,99.82729,99.82729,99.82729,99.82729,99.82729,99.82729,99.82729,99.82729,99.82729,99.82729,99.82729,99.82729,99.82729,99.82729,99.82729,99.82729,99.82729,99.82729,99.82729,99.82729,99.82729,99.82729,99.82729
99.45055,99.45055,99.72527,99.72527,99.72527,99.72527,99.72527,99.72527,99.72527,99.72527,99.72527,99.72527
99.69879,99.69879,99.69879,99.69879,99.69879,99.69879,99.69879,99.69879,99.69879,99.69879,99.69879,99.69879
85.35211,85.35211,77.46479,77.46479,77.46479,77.46479,77.46479,77.46479,77.46479,77.46479,77.46479,77.46479
55.7971,54.92754,54.78261,54.78261,54.78261,54.78261,54.78261,54.78261,54.78261,54.78261,54.78261,54.78261
0,0,0,0,0,0,0,0,0,0,0,0,99.82729,99.82729,0,0,99.82729,99.82729,99.82729,99.82729,99.82729,99.82729,99.82729,99.82729,99.82729,99.82729,99.82729,99.82729,99.82729,99.82729,99.82729,99.82729,99.82729,99.82729,99.82729,99.82729,99.82729,99.82729,99.82729,99.82729,99.82729,99.82729,99.82729,99.82729,99.82729,99.82729,99.82729,99.82729,99.82729,99.82729
99.45055,99.45055,99.72527,99.72527,99.72527,99.72527,99.72527,99.72527,99.72527,99.72527,99.72527,99.72527
99.69879,99.69879,99.69879,99.69879,99.69879,99.69879,99.69879,99.69879,99.69879,99.69879,99.69879,99.69879
85.35211,85.35211,77.46479,77.46479,77.46479,77.46479,77.46479,77.46479,77.46479,77.46479,77.46479,77.46479
55.7971,54.92754,54.78261,54.78261,54.78261,54.78261,54.78261,54.78261,54.78261,54.78261,54.78261,54.78261
0,0,0,0,0,0,0,0,0,0,0,0,99.82729,99.82729,0,8.80829,99.82729,99.82729,99.82729,99.82729,99.82729,99.82729,99.82729,99.82729,99.82729,99.82729,99.82729,99.82729,99.82729,99.82729,99.82729,99.82729,99.82729,99.82729,99.82729,99.82729,99.82729,99.82729,99.82729,99.82729,99.82729,99.82729,99.82729,99.82729,99.82729,99.82729,99.82729,99.82729,99.82729,99.82729
99.45055,99.45055,99.72527,99.72527,99.72527,99.72527,99.72527,99.72527,99.72527,99.72527,99.72527,99.72527
99.69879,99.69879,99.69879,99.69879,99.69879,99.69879,99.69879,99.69879,99.69879,99.69879,99.69879,99.69879
85.35211,85.35211,77.46479,77.46479,77.46479,77.46479,77.46479,77.46479,77.46479,77.46479,77.46479,77.46479
55.7971,54.92754,54.78261,54.78261,54.78261,54.78261,54.78261,54.78261,54.78261,54.78261,54.78261,54.78261
0,0,0,0,0,0,0,0,0,0,0,0,99.82729,99.82729,0,3.108808,99.82729,99.82729,99.82729,99.82729,99.82729,99.82729,99.82729,99.82729,99.82729,99.82729,99.82729,99.82729,99.82729,99.82729,99.82729,99.82729,99.82729,99.82729,99.82729,99.82729,99.82729,99.82729,99.82729,99.82729,99.82729,99.82729,99.82729,99.82729,99.82729,99.82729,99.82729,99.82729,99.82729,99.82729
99.45055,99.45055,99.72527,99.72527,99.72527,99.72527,99.72527,99.72527,99.72527,99.72527,99.72527,99.72527
99.69879,99.69879,99.69879,99.69879,99.69879,99.69879,99.69879,99.69879,99.69879,99.69879,99.69879,99.69879
85.35211,85.35211,77.46479,77.46479,77.46479,77.46479,77.46479,77.46479,77.46479,77.46479,77.46479,77.46479
55.7971,54.92754,54.78261,54.78261,54.78261,54.78261,54.78261,54.78261,54.78261,54.78261,54.78261,54.78261
0,0,0,0,0,0,0,0,0,0,0,0,99.82729,35.7513,8.290155,3.454232,99.82729,99.82729,99.82729,99.82729,99.82729,99.82729,99.82729,99.82729,99.65458,99.82729,99.82729,99.82729,99.82729,99.82729,99.82729,99.82729,99.82729,99.82729,99.82729,99.82729,99.65458,99.82729,99.82729,99.82729,99.82729,99.82729,99.82729,99.82729,99.82729,99.82729,99.82729,99.82729,99.65458,99.82729
99.45055,99.72527,99.45055,99.72527,99.72527,99.72527,99.72527,99.72527,99.72527,99.72527,99.72527,99.72527
99.69879,99.69879,99.69879,99.69879,99.69879,99.69879,99.69879,99.69879,99.69879,99.69879,99.69879,99.69879
85.35211,99.71831,85.35211,77.46479,77.46479,77.46479,77.46479,77.46479,77.46479,77.46479,77.46479,77.46479
55.7971,55.07246,54.92754,54.78261,54.78261,54.78261,54.78261,54.78261,54.78261,54.78261,54.78261,54.78261
0,0,0,0,0,0,0,0,0,0,0,0,99.82729,0.1727116,8.117444,17.27116,99.82729,99.82729,99.82729,99.82729,99.82729,99.82729,99.82729,99.82729,99.65458,99.82729,99.82729,99.82729,99.82729,99.82729,99.82729,99.82729,99.82729,99.82729,99.82729,99.82729,99.65458,99.82729,99.82729,99.82729,99.82729,99.82729,99.82729,99.82729,99.82729,99.82729,99.82729,99.82729,99.65458,99.82729
99.45055,99.72527,99.45055,99.72527,99.72527,99.72527,99.72527,99.72527,99.72527,99.72527,99.72527,99.72527
99.69879,99.69879,99.69879,99.69879,99.69879,99.69879,99.69879,99.69879,99.69879,99.69879,99.69879,99.69879
85.35211,99.71831,85.35211,77.46479,77.46479,77.46479,77.46479,77.46479,77.46479,77.46479,77.46479,77.46479
55.7971,55.07246,54.92754,54.78261,54.78261,54.78261,54.78261,54.78261,54.78261,54.78261,54.78261,54.78261
0,0,0,0,0,0,0,0,0,0,0,0,99.82729,8.117444,0.1727116,0.1727116,99.82729,99.82729,99.82729,99.82729,99.82729,99.82729,99.82729,99.82729,99.65458,99.82729,99.82729,99.82729,99.82729,99.82729,99.82729,99.82729,99.82729,99.82729,99.82729,99.82729,99.65458,99.82729,99.82729,99.82729,99.82729,99.82729,99.82729,99.82729,99.82729,99.82729,99.82729,99.82729,99.65458,99.82729
99.45055,99.72527,99.45055,99.72527,99.72527,99.72527,99.72527,99.72527,99.72527,99.72527,99.72527,99.72527
99.69879,99.69879,99.69879,99.69879,99.69879,99.69879,99.69879,99.69879,99.69879,99.69879,99.69879,99.69879
85.35211,99.71831,85.35211,77.46479,77.46479,77.46479,77.46479,77.46479,77.46479,77.46479,77.46479,77.46479
55.7971,55.07246,54.92754,54.78261,54.78261,54.78261,54.78261,54.78261,54.78261,54.78261,54.78261,54.78261
0,0,0,0,0,0,0,0,0,0,0,0,99.82729,2.590674,24.35233,7.426598,99.82729,99.82729,99.82729,99.82729,99.82729,99.82729,99.82729,99.82729,99.65458,99.82729,99.82729,99.82729,99.82729,99.82729,99.82729,99.82729,99.82729,99.82729,99.82729,99.82729,99.65458,99.82729,99.82729,99.82729,99.82729,99.82729,99.82729,99.82729,99.82729,99.82729,99.82729,99.82729,99.65458,99.82729
99.45055,99.72527,99.45055,99.72527,99.72527,99.72527,99.72527,99.72527,99.72527,99.72527,99.72527,99.72527
99.69879,99.69879,99.69879,99.69879,99.69879,99.69879,99.69879,99.69879,99.69879,99.69879,99.69879,99.69879
85.35211,99.71831,85.35211,77.46479,77.46479,77.46479,77.46479,77.46479,77.46479,77.46479,77.46479,77.46479
55.7971,55.07246,54.92754,54.78261,54.78261,54.78261,54.78261,54.78261,54.78261,54.78261,54.78261,54.78261
