2.763385
5.837912
9.011045
8.42723
0.821256
23.66149
99.72527
46.68675
85.07042
25.36232
99.82729
99.72527
99.69879
85.6338
99.85507
99.82729
99.70238
99.69879
86.80751
99.85507
99.82729
99.70238
99.69879
87.95775
99.85507
99.82729
99.70238
99.69879
87.95775
96.15942
99.82729
99.70238
99.69879
87.95775
96.15942
99.82729
99.70238
99.69879
89.13145
96.15942
99.82729
99.70238
99.69879
89.13145
96.15942
99.82729
99.70238
99.69879
89.13145
96.15942
99.82729
99.70238
99.69879
89.13145
96.15942
99.82729
99.70238
99.69879
89.13145
96.15942
99.82729
99.70238
99.69879
89.13145
96.15942
99.82729
99.70238
99.69879
89.13145
96.15942
