4.175824
5.59739
9.342723
4.263285
2.288428
13.52747
6.701807
10.37559
12.62077
3.727691
19.25275
35.24096
76.05634
25.36232
23.8342
19.25275
35.24096
76.05634
25.36232
23.8342
19.26923
35.24096
76.83099
25.33816
23.81981
23.93407
94.37751
86.94836
31.57005
30.19574
23.93407
94.37751
89.2723
43.98551
36.57167
23.93407
94.37751
89.2723
43.98551
36.57167
23.93407
94.37751
89.2723
43.98551
36.57167
23.93407
94.37751
89.2723
43.98551
36.57167
23.93407
94.37751
89.2723
43.98551
36.57167
23.93407
94.37751
89.2723
43.98551
36.57167
23.93407
94.37751
89.2723
43.98551
36.57167
23.93407
94.37751
89.2723
43.98551
36.57167
