0.3211268
1.504225
3.701408
6.811267
11.32394
19.51549
19.37465
19.60563
19.32958
19.93803
18.4338
16.78873
16.25916
16.70986
16.27606
16.21972
19.69577
21.32958
19.02535
20.65352
20.62535
38.15775
60.7831
58.21408
53.57747
57.09296
62.03944
59.38028
59.13239
39.99437
40.27042
37.46479
34.17465
57.76901
80.85634
60.51268
91.04225
87.64507
87.99437
90.87888
89.29578
85.9493
84.03381
85.96619
87.1831
89.24507
88.37746
86.67043
86.87888
88.50141
86.59155
86.55775
86.78873
88.12395
84.73239
84.68169
86.7831
88.67606
84.73239
86.52394
86.52958
86.4
86.68732
85.83099
86.41127
85.21127
86.54085
85.83662
89.00845
86.86197
85.2507
