0,0,0,0,0,0.1449275,0,0.1449275,0,0,0,0,48.69565,8.695652,0,0,0.1449275,0.1449275,0.1449275,0.1449275,1.014493,0,0,0,1.884058,0,0,0,0.1449275,0,0,0.1449275,10.72464,0.1449275,0.7246377,0,0,0,0,0,0,0,0.1449275,0,0,0,0,0,0.1449275,6.231884
0.1449275,0,0.1449275,0,0.7246377,0.1449275,0.1449275,0.1449275,0,0,0.1449275,0,48.69565,8.695652,0.1449275,0,0.1449275,0.1449275,0.1449275,0.1449275,1.014493,0,0,0,1.884058,0.7246377,0.1449275,0,0,0.1449275,0,0.1449275,10.72464,0,0.7246377,0.1449275,0,0,0,0.7246377,0.1449275,0,0,0.1449275,0,0.1449275,0,0.1449275,0,6.231884
0.1449275,0,0.1449275,0,0.7246377,0,0.1449275,0.7246377,1.014493,0.7246377,0,99.85507,48.69565,8.695652,0.2898551,0,0,0.1449275,0,0,1.014493,0,0.7246377,1.014493,1.884058,0.7246377,0.7246377,0,99.85507,0.2898551,0,0,10.72464,0.1449275,0.7246377,0,0,0,0.7246377,0.7246377,1.014493,0.7246377,0,99.85507,0.2898551,0,0,0.1449275,0,6.231884
1.014493,54.78261,25.07246,0,0,0,0,0.7246377,1.014493,1.014493,1.014493,99.85507,48.69565,8.695652,1.014493,1.014493,99.85507,99.85507,0,0.1449275,1.014493,0,0,1.014493,1.884058,0,0.7246377,1.014493,99.85507,1.014493,1.014493,1.014493,10.72464,99.85507,99.85507,0,0.1449275,0,0,0,1.014493,0.7246377,1.014493,99.85507,1.014493,1.014493,1.014493,99.85507,99.85507,6.231884
49.27536,54.78261,25.07246,1.15942,0.1449275,1.304348,99.85507,99.85507,99.85507,99.85507,54.92754,99.85507,48.69565,0,0,1.304348,99.85507,99.85507,99.85507,99.85507,99.85507,99.85507,99.85507,99.85507,99.85507,99.85507,54.92754,0,99.85507,0,1.304348,99.85507,99.85507,99.85507,99.85507,99.85507,99.85507,99.85507,99.85507,99.85507,99.85507,54.92754,0,99.85507,0,1.304348,99.85507,99.85507,99.85507,99.85507
0,25.21739,0.1449275,0.1449275,99.85507,99.85507,99.85507,99.85507,99.85507,99.85507,99.85507,99.85507,99.85507,99.85507,99.85507,99.85507,99.85507,99.85507,99.85507,99.85507,99.85507,99.85507,99.85507,99.85507,99.85507,99.85507,99.85507,99.85507,99.85507,99.85507,99.85507,99.85507,99.85507,99.85507,99.85507,99.85507,99.85507,99.85507,99.85507,99.85507,99.85507,99.85507,99.85507,99.85507,99.85507,99.85507,99.85507,99.85507,99.85507,99.85507
0,21.88406,1.304348,1.014493,99.85507,99.85507,99.85507,99.85507,99.85507,99.85507,99.85507,99.85507,99.85507,99.85507,99.85507,99.85507,99.85507,99.85507,99.85507,99.85507,99.85507,99.85507,99.85507,99.85507,99.85507,99.85507,99.85507,99.85507,99.85507,99.85507,99.85507,99.85507,99.85507,99.85507,99.85507,99.85507,99.85507,99.85507,99.85507,99.85507,99.85507,99.85507,99.85507,99.85507,99.85507,99.85507,99.85507,99.85507,99.85507,99.85507
0,0,0.1449275,1.304348,99.85507,99.85507,99.85507,99.85507,99.85507,99.85507,99.85507,99.85507,99.85507,99.85507,99.85507,99.85507,99.85507,99.85507,99.85507,99.85507,99.85507,99.85507,99.85507,99.85507,99.85507,99.85507,99.85507,99.85507,99.85507,99.85507,99.85507,99.85507,99.85507,99.85507,99.85507,99.85507,99.85507,99.85507,99.85507,99.85507,99.85507,99.85507,99.85507,99.85507,99.85507,99.85507,99.85507,99.85507,99.85507,99.85507
0.1449275,55.36232,22.02899,0.1449275,99.85507,99.85507,99.85507,99.85507,99.85507,99.85507,99.85507,99.85507,99.85507,99.85507,99.85507,99.85507,99.85507,99.85507,99.85507,99.85507,99.85507,99.85507,99.85507,99.85507,99.85507,99.85507,99.85507,99.85507,99.85507,99.85507,99.85507,99.85507,99.85507,99.85507,99.85507,99.85507,99.85507,99.85507,99.85507,99.85507,99.85507,99.85507,99.85507,99.85507,99.85507,99.85507,99.85507,99.85507,99.85507,99.85507
0.1449275,3.478261,0,54.63768,99.85507,99.85507,99.85507,99.85507,99.85507,99.85507,99.85507,99.85507,99.85507,99.85507,99.85507,99.85507,99.85507,99.85507,99.85507,99.85507,99.85507,99.85507,99.85507,99.85507,99.85507,99.85507,99.85507,99.85507,99.85507,99.85507,99.85507,99.85507,99.85507,99.85507,99.85507,99.85507,99.85507,99.85507,99.85507,99.85507,99.85507,99.85507,99.85507,99.85507,99.85507,99.85507,99.85507,99.85507,99.85507,99.85507
25.50725,99.85507,0.1449275,25.07246,99.85507,99.85507,99.85507,99.85507,99.85507,99.85507,99.85507,99.85507,99.85507,99.85507,99.85507,99.85507,99.85507,99.85507,99.85507,99.85507,99.85507,99.85507,99.85507,99.85507,99.85507,99.85507,99.85507,99.85507,99.85507,99.85507,99.85507,99.85507,99.85507,99.85507,99.85507,99.85507,99.85507,99.85507,99.85507,99.85507,99.85507,99.85507,99.85507,99.85507,99.85507,99.85507,99.85507,99.85507,99.85507,99.85507
0.8695652,99.85507,0,54.78261,99.85507,99.85507,99.85507,99.85507,99.85507,99.85507,99.85507,99.85507,99.85507,99.85507,99.85507,0,99.85507,99.85507,99.85507,99.85507,99.85507,99.85507,99.85507,49.56522,99.85507,99.85507,99.85507,99.85507,99.85507,99.85507,99.85507,99.85507,99.85507,99.85507,99.85507,49.56522,99.85507,99.85507,99.85507,99.85507,99.85507,99.85507,99.85507,99.85507,99.85507,99.85507,99.85507,49.56522,99.85507,99.85507
54.78261,99.85507,0,99.85507,99.85507,99.85507,99.85507,99.85507,99.85507,99.85507,99.85507,99.85507,99.85507,99.85507,99.85507,1.014493,99.85507,99.85507,99.85507,99.85507,99.85507,99.85507,99.85507,49.56522,99.85507,99.85507,99.85507,99.85507,99.85507,99.85507,99.85507,99.85507,99.85507,99.85507,99.85507,49.56522,99.85507,99.85507,99.85507,99.85507,99.85507,99.85507,99.85507,99.85507,99.85507,99.85507,99.85507,49.56522,99.85507,99.85507
25.07246,99.85507,54.92754,99.85507,99.85507,99.85507,99.85507,99.85507,99.85507,99.85507,99.85507,99.85507,99.85507,99.85507,99.85507,0.1449275,99.85507,99.85507,99.85507,99.85507,99.85507,99.85507,99.85507,49.56522,25.36232,55.36232,99.85507,99.85507,99.85507,99.85507,99.85507,99.85507,99.85507,99.85507,99.85507,49.56522,25.36232,55.36232,99.85507,99.85507,99.85507,99.85507,99.85507,99.85507,99.85507,99.85507,99.85507,49.56522,25.36232,55.36232
0,99.85507,25.21739,99.85507,99.85507,99.85507,99.85507,99.85507,99.85507,99.85507,99.85507,99.85507,99.85507,99.85507,0.1449275,0,99.85507,99.85507,99.85507,99.85507,99.85507,99.85507,99.85507,49.56522,25.36232,55.36232,99.85507,99.85507,99.85507,99.85507,99.85507,99.85507,99.85507,99.85507,99.85507,49.56522,25.36232,55.36232,99.85507,99.85507,99.85507,99.85507,99.85507,99.85507,99.85507,99.85507,99.85507,49.56522,25.36232,55.36232
0,99.85507,1.304348,99.85507,99.85507,99.85507,99.85507,99.85507,99.85507,99.85507,99.85507,99.85507,99.85507,99.85507,1.014493,99.85507,99.85507,99.85507,99.85507,99.85507,99.85507,99.85507,99.85507,49.56522,25.36232,55.36232,99.85507,99.85507,99.85507,99.85507,99.85507,99.85507,99.85507,99.85507,99.85507,49.56522,25.36232,55.36232,99.85507,99.85507,99.85507,99.85507,99.85507,99.85507,99.85507,99.85507,99.85507,49.56522,25.36232,55.36232
49.13044,99.85507,25.94203,99.85507,99.85507,99.85507,99.85507,99.85507,99.85507,99.85507,99.85507,99.85507,99.85507,99.85507,0.1449275,0,99.85507,99.85507,99.85507,99.85507,99.85507,99.85507,99.85507,49.56522,25.36232,55.36232,99.85507,99.85507,99.85507,99.85507,99.85507,99.85507,99.85507,99.85507,99.85507,49.56522,25.36232,55.36232,99.85507,99.85507,99.85507,99.85507,99.85507,99.85507,99.85507,99.85507,99.85507,49.56522,25.36232,55.36232
99.85507,99.85507,0.1449275,99.85507,99.85507,99.85507,99.85507,99.85507,99.85507,99.85507,99.85507,99.85507,99.85507,99.85507,0,22.46377,99.85507,99.85507,99.85507,99.85507,99.85507,99.85507,99.85507,49.56522,25.36232,55.36232,99.85507,99.85507,99.85507,99.85507,99.85507,99.85507,99.85507,99.85507,99.85507,49.56522,25.36232,55.36232,99.85507,99.85507,99.85507,99.85507,99.85507,99.85507,99.85507,99.85507,99.85507,49.56522,25.36232,55.36232
99.85507,99.85507,0.1449275,99.85507,99.85507,99.85507,99.85507,99.85507,99.85507,99.85507,99.85507,99.85507,99.85507,0,55.36232,0,99.85507,99.85507,99.85507,99.85507,99.85507,99.85507,99.85507,0.1449275,99.85507,25.36232,55.36232,99.85507,99.85507,99.85507,99.85507,99.85507,99.85507,99.85507,99.85507,0.1449275,99.85507,25.36232,55.36232,99.85507,99.85507,99.85507,99.85507,99.85507,99.85507,99.85507,99.85507,0.1449275,99.85507,25.36232
99.85507,99.85507,24.63768,99.85507,99.85507,99.85507,99.85507,99.85507,99.85507,99.85507,99.85507,99.85507,99.85507,99.85507,99.85507,25.50725,99.85507,99.85507,99.85507,99.85507,99.85507,99.85507,99.85507,0.1449275,99.85507,25.36232,55.36232,99.85507,99.85507,99.85507,99.85507,99.85507,99.85507,99.85507,99.85507,0.1449275,99.85507,25.36232,55.36232,99.85507,99.85507,99.85507,99.85507,99.85507,99.85507,99.85507,99.85507,0.1449275,99.85507,25.36232
99.85507,99.85507,21.44928,99.85507,99.85507,99.85507,99.85507,99.85507,99.85507,99.85507,99.85507,99.85507,99.85507,0.1449275,0,55.65217,99.85507,99.85507,99.85507,99.85507,99.85507,99.85507,99.85507,0.1449275,99.85507,25.36232,55.36232,99.85507,99.85507,99.85507,99.85507,99.85507,99.85507,99.85507,99.85507,0.1449275,99.85507,25.36232,55.36232,99.85507,99.85507,99.85507,99.85507,99.85507,99.85507,99.85507,99.85507,0.1449275,99.85507,25.36232
99.85507,99.85507,24.05797,99.85507,99.85507,99.85507,99.85507,99.85507,99.85507,99.85507,99.85507,99.85507,99.85507,0.1449275,0,54.92754,99.85507,99.85507,99.85507,99.85507,99.85507,99.85507,99.85507,0.1449275,99.85507,25.36232,55.36232,99.85507,99.85507,99.85507,99.85507,99.85507,99.85507,99.85507,99.85507,0.1449275,99.85507,25.36232,55.36232,99.85507,99.85507,99.85507,99.85507,99.85507,99.85507,99.85507,99.85507,0.1449275,99.85507,25.36232
99.85507,99.85507,54.78261,99.85507,99.85507,99.85507,99.85507,99.85507,99.85507,99.85507,99.85507,99.85507,99.85507,0,0,3.043478,99.85507,99.85507,99.85507,99.85507,99.85507,99.85507,99.85507,0.1449275,99.85507,25.36232,55.36232,99.85507,99.85507,99.85507,99.85507,99.85507,99.85507,99.85507,99.85507,0.1449275,99.85507,25.36232,55.36232,99.85507,99.85507,99.85507,99.85507,99.85507,99.85507,99.85507,99.85507,0.1449275,99.85507,25.36232
99.85507,99.85507,55.50725,99.85507,99.85507,99.85507,99.85507,99.85507,99.85507,99.85507,99.85507,99.85507,99.85507,99.85507,0.1449275,25.65217,99.85507,99.85507,99.85507,99.85507,99.85507,99.85507,99.85507,0.1449275,99.85507,25.36232,55.36232,99.85507,99.85507,99.85507,99.85507,99.85507,99.85507,99.85507,99.85507,0.1449275,99.85507,25.36232,55.36232,99.85507,99.85507,99.85507,99.85507,99.85507,99.85507,99.85507,99.85507,0.1449275,99.85507,25.36232
99.85507,99.85507,0,99.85507,99.85507,99.85507,99.85507,99.85507,99.85507,99.85507,99.85507,99.85507,99.85507,1.014493,0.1449275,0.1449275,99.85507,99.85507,99.85507,99.85507,99.85507,99.85507,99.85507,0.1449275,99.85507,25.36232,55.36232,99.85507,99.85507,99.85507,99.85507,99.85507,99.85507,99.85507,99.85507,0.1449275,99.85507,25.36232,55.36232,99.85507,99.85507,99.85507,99.85507,99.85507,99.85507,99.85507,99.85507,0.1449275,99.85507,25.36232
99.85507,99.85507,1.014493,99.85507,99.85507,99.85507,99.85507,99.85507,99.85507,99.85507,99.85507,99.85507,99.85507,0.2898551,99.85507,0,99.85507,99.85507,99.85507,99.85507,99.85507,99.85507,99.85507,0.1449275,99.85507,25.36232,55.36232,99.85507,99.85507,99.85507,99.85507,99.85507,99.85507,99.85507,99.85507,0.1449275,99.85507,25.36232,55.36232,99.85507,99.85507,99.85507,99.85507,99.85507,99.85507,99.85507,99.85507,0.1449275,99.85507,25.36232
99.85507,99.85507,55.07246,99.85507,99.85507,99.85507,99.85507,99.85507,99.85507,99.85507,99.85507,99.85507,99.85507,1.15942,0,22.02899,99.85507,99.85507,99.85507,99.85507,99.85507,99.85507,99.85507,0.1449275,99.85507,25.36232,55.36232,99.85507,99.85507,99.85507,99.85507,99.85507,99.85507,99.85507,99.85507,0.1449275,99.85507,25.36232,55.36232,99.85507,99.85507,99.85507,99.85507,99.85507,99.85507,99.85507,99.85507,0.1449275,99.85507,25.36232
99.85507,99.85507,99.85507,99.85507,99.85507,99.85507,99.85507,99.85507,99.85507,99.85507,99.85507,99.85507,99.85507,22.75362,1.304348,0.1449275,99.85507,99.85507,99.85507,99.85507,99.85507,99.85507,99.85507,0.1449275,99.85507,25.36232,55.36232,99.85507,99.85507,99.85507,99.85507,99.85507,99.85507,99.85507,99.85507,0.1449275,99.85507,25.36232,55.36232,99.85507,99.85507,99.85507,99.85507,99.85507,99.85507,99.85507,99.85507,0.1449275,99.85507,25.36232
99.85507,99.85507,99.85507,99.85507,99.85507,99.85507,99.85507,99.85507,99.85507,99.85507,99.85507,99.85507,0.4347826,0.1449275,0,0,99.85507,99.85507,99.85507,99.85507,99.85507,99.85507,99.85507,0.1449275,99.85507,24.78261,99.85507,55.36232,99.85507,99.85507,99.85507,99.85507,99.85507,99.85507,99.85507,0.1449275,99.85507,24.78261,99.85507,55.36232,99.85507,99.85507,99.85507,99.85507,99.85507,99.85507,99.85507,0.1449275,99.85507,24.78261
99.85507,99.85507,99.85507,99.85507,99.85507,99.85507,99.85507,99.85507,99.85507,99.85507,99.85507,99.85507,1.014493,25.65217,99.85507,1.15942,99.85507,99.85507,99.85507,99.85507,99.85507,99.85507,99.85507,0.1449275,99.85507,24.78261,99.85507,55.36232,99.85507,99.85507,99.85507,99.85507,99.85507,99.85507,99.85507,0.1449275,99.85507,24.78261,99.85507,55.36232,99.85507,99.85507,99.85507,99.85507,99.85507,99.85507,99.85507,0.1449275,99.85507,24.78261
99.85507,99.85507,99.85507,99.85507,99.85507,99.85507,99.85507,99.85507,99.85507,99.85507,99.85507,99.85507,1.014493,0,99.85507,0.1449275,99.85507,99.85507,99.85507,99.85507,99.85507,99.85507,99.85507,0.1449275,99.85507,24.78261,99.85507,55.36232,99.85507,99.85507,99.85507,99.85507,99.85507,99.85507,99.85507,0.1449275,99.85507,24.78261,99.85507,55.36232,99.85507,99.85507,99.85507,99.85507,99.85507,99.85507,99.85507,0.1449275,99.85507,24.78261
99.85507,99.85507,99.85507,99.85507,99.85507,99.85507,99.85507,99.85507,99.85507,99.85507,99.85507,99.85507,0.1449275,1.304348,0.1449275,0,99.85507,99.85507,99.85507,99.85507,99.85507,99.85507,99.85507,0.1449275,99.85507,24.78261,99.85507,55.36232,99.85507,99.85507,99.85507,99.85507,99.85507,99.85507,99.85507,0.1449275,99.85507,24.78261,99.85507,55.36232,99.85507,99.85507,99.85507,99.85507,99.85507,99.85507,99.85507,0.1449275,99.85507,24.78261
99.85507,99.85507,99.85507,99.85507,99.85507,99.85507,99.85507,99.85507,99.85507,99.85507,99.85507,99.85507,99.85507,99.85507,0.1449275,99.85507,99.85507,99.85507,99.85507,99.85507,99.85507,99.85507,99.85507,0.1449275,99.85507,24.78261,99.85507,55.36232,99.85507,99.85507,99.85507,99.85507,99.85507,99.85507,99.85507,0.1449275,99.85507,24.78261,99.85507,55.36232,99.85507,99.85507,99.85507,99.85507,99.85507,99.85507,99.85507,0.1449275,99.85507,24.78261
99.85507,99.85507,99.85507,99.85507,99.85507,99.85507,99.85507,99.85507,99.85507,99.85507,99.85507,99.85507,0,24.63768,99.85507,25.21739,99.85507,99.85507,99.85507,99.85507,99.85507,99.85507,99.85507,0.1449275,99.85507,24.78261,99.85507,55.36232,99.85507,99.85507,99.85507,99.85507,99.85507,99.85507,99.85507,0.1449275,99.85507,24.78261,99.85507,55.36232,99.85507,99.85507,99.85507,99.85507,99.85507,99.85507,99.85507,0.1449275,99.85507,24.78261
99.85507,99.85507,99.85507,99.85507,99.85507,99.85507,99.85507,99.85507,99.85507,99.85507,99.85507,99.85507,26.23188,25.65217,23.33333,1.014493,99.85507,99.85507,99.85507,99.85507,99.85507,99.85507,99.85507,0.1449275,99.85507,24.78261,99.85507,55.36232,99.85507,99.85507,99.85507,99.85507,99.85507,99.85507,99.85507,0.1449275,99.85507,24.78261,99.85507,55.36232,99.85507,99.85507,99.85507,99.85507,99.85507,99.85507,99.85507,0.1449275,99.85507,24.78261
99.85507,99.85507,99.85507,99.85507,99.85507,99.85507,99.85507,99.85507,99.85507,99.85507,99.85507,99.85507,99.85507,0.1449275,3.478261,0.1449275,99.85507,99.85507,99.85507,99.85507,99.85507,99.85507,99.85507,0.1449275,99.85507,24.78261,99.85507,55.36232,99.85507,99.85507,99.85507,99.85507,99.85507,99.85507,99.85507,0.1449275,99.85507,24.78261,99.85507,55.36232,99.85507,99.85507,99.85507,99.85507,99.85507,99.85507,99.85507,0.1449275,99.85507,24.78261
99.85507,99.85507,99.85507,99.85507,99.85507,99.85507,99.85507,99.85507,99.85507,99.85507,99.85507,99.85507,0.1449275,99.85507,99.85507,1.15942,99.85507,99.85507,99.85507,99.85507,99.85507,99.85507,99.85507,0.1449275,99.85507,24.78261,99.85507,55.36232,99.85507,99.85507,99.85507,99.85507,99.85507,99.85507,99.85507,0.1449275,99.85507,24.78261,99.85507,55.36232,99.85507,99.85507,99.85507,99.85507,99.85507,99.85507,99.85507,0.1449275,99.85507,24.78261
99.85507,99.85507,99.85507,99.85507,99.85507,99.85507,99.85507,99.85507,99.85507,99.85507,99.85507,99.85507,0.1449275,0.1449275,54.78261,0,99.85507,99.85507,99.85507,99.85507,99.85507,99.85507,99.85507,0.1449275,99.85507,24.78261,99.85507,55.36232,99.85507,99.85507,99.85507,99.85507,99.85507,99.85507,99.85507,0.1449275,99.85507,24.78261,99.85507,55.36232,99.85507,99.85507,99.85507,99.85507,99.85507,99.85507,99.85507,0.1449275,99.85507,24.78261
99.85507,99.85507,99.85507,99.85507,99.85507,99.85507,99.85507,99.85507,99.85507,99.85507,99.85507,99.85507,99.85507,99.85507,74.34782,25.50725,99.85507,99.85507,99.85507,99.85507,99.85507,99.85507,99.85507,0.1449275,99.85507,24.78261,99.85507,55.36232,99.85507,99.85507,99.85507,99.85507,99.85507,99.85507,99.85507,0.1449275,99.85507,24.78261,99.85507,55.36232,99.85507,99.85507,99.85507,99.85507,99.85507,99.85507,99.85507,0.1449275,99.85507,24.78261
99.85507,99.85507,99.85507,99.85507,99.85507,99.85507,99.85507,99.85507,99.85507,99.85507,99.85507,99.85507,26.23188,0,55.21739,0.1449275,99.85507,99.85507,99.85507,99.85507,99.85507,99.85507,99.85507,0.1449275,99.85507,24.78261,99.85507,55.36232,99.85507,99.85507,99.85507,99.85507,99.85507,99.85507,99.85507,0.1449275,99.85507,24.78261,99.85507,55.36232,99.85507,99.85507,99.85507,99.85507,99.85507,99.85507,99.85507,0.1449275,99.85507,24.78261
99.85507,99.85507,99.85507,99.85507,99.85507,99.85507,99.85507,99.85507,99.85507,99.85507,99.85507,99.85507,0.1449275,55.07246,25.21739,25.7971,99.85507,99.85507,99.85507,99.85507,99.85507,99.85507,99.85507,0.1449275,99.85507,24.78261,99.85507,55.36232,99.85507,99.85507,99.85507,99.85507,99.85507,99.85507,99.85507,0.1449275,99.85507,24.78261,99.85507,55.36232,99.85507,99.85507,99.85507,99.85507,99.85507,99.85507,99.85507,0.1449275,99.85507,24.78261
99.85507,99.85507,99.85507,99.85507,99.85507,99.85507,99.85507,99.85507,99.85507,99.85507,99.85507,99.85507,55.50725,55.36232,99.85507,0,99.85507,99.85507,99.85507,99.85507,99.85507,99.85507,99.85507,0.1449275,99.85507,24.78261,99.85507,55.36232,99.85507,99.85507,99.85507,99.85507,99.85507,99.85507,99.85507,0.1449275,99.85507,24.78261,99.85507,55.36232,99.85507,99.85507,99.85507,99.85507,99.85507,99.85507,99.85507,0.1449275,99.85507,24.78261
99.85507,99.85507,99.85507,99.85507,99.85507,99.85507,99.85507,99.85507,99.85507,99.85507,99.85507,99.85507,0,21.5942,99.85507,0,99.85507,99.85507,99.85507,99.85507,99.85507,99.85507,99.85507,0.1449275,99.85507,24.78261,99.85507,55.36232,99.85507,99.85507,99.85507,99.85507,99.85507,99.85507,99.85507,0.1449275,99.85507,24.78261,99.85507,55.36232,99.85507,99.85507,99.85507,99.85507,99.85507,99.85507,99.85507,0.1449275,99.85507,24.78261
99.85507,99.85507,99.85507,99.85507,99.85507,99.85507,99.85507,99.85507,99.85507,99.85507,99.85507,99.85507,74.49275,26.08696,74.2029,2.753623,99.85507,99.85507,99.85507,99.85507,99.85507,99.85507,99.85507,0.1449275,99.85507,24.78261,99.85507,55.36232,99.85507,99.85507,99.85507,99.85507,99.85507,99.85507,99.85507,0.1449275,99.85507,24.78261,99.85507,55.36232,99.85507,99.85507,99.85507,99.85507,99.85507,99.85507,99.85507,0.1449275,99.85507,24.78261
99.85507,99.85507,99.85507,99.85507,99.85507,99.85507,99.85507,99.85507,99.85507,99.85507,99.85507,99.85507,0.1449275,0,3.478261,25.65217,99.85507,99.85507,99.85507,99.85507,99.85507,99.85507,99.85507,0.1449275,99.85507,24.78261,99.85507,55.36232,99.85507,99.85507,99.85507,99.85507,99.85507,99.85507,99.85507,0.1449275,99.85507,24.78261,99.85507,55.36232,99.85507,99.85507,99.85507,99.85507,99.85507,99.85507,99.85507,0.1449275,99.85507,24.78261
99.85507,99.85507,99.85507,99.85507,99.85507,99.85507,99.85507,99.85507,99.85507,99.85507,99.85507,99.85507,49.42029,0,99.85507,22.02899,99.85507,99.85507,99.85507,99.85507,99.85507,99.85507,99.85507,0.1449275,99.85507,24.78261,99.85507,55.36232,99.85507,99.85507,99.85507,99.85507,99.85507,99.85507,99.85507,0.1449275,99.85507,24.78261,99.85507,55.36232,99.85507,99.85507,99.85507,99.85507,99.85507,99.85507,99.85507,0.1449275,99.85507,24.78261
99.85507,99.85507,99.85507,99.85507,99.85507,99.85507,99.85507,99.85507,99.85507,99.85507,99.85507,99.85507,0.1449275,99.85507,0,3.478261,99.85507,99.85507,99.85507,99.85507,99.85507,99.85507,99.85507,0.1449275,99.85507,24.78261,99.85507,55.36232,99.85507,99.85507,99.85507,99.85507,99.85507,99.85507,99.85507,0.1449275,99.85507,24.78261,99.85507,55.36232,99.85507,99.85507,99.85507,99.85507,99.85507,99.85507,99.85507,0.1449275,99.85507,24.78261
99.85507,99.85507,99.85507,99.85507,99.85507,99.85507,99.85507,99.85507,99.85507,99.85507,99.85507,99.85507,0.1449275,0,99.85507,0.1449275,99.85507,99.85507,99.85507,99.85507,99.85507,99.85507,99.85507,0.1449275,99.85507,24.78261,99.85507,55.36232,99.85507,99.85507,99.85507,99.85507,99.85507,99.85507,99.85507,0.1449275,99.85507,24.78261,99.85507,55.36232,99.85507,99.85507,99.85507,99.85507,99.85507,99.85507,99.85507,0.1449275,99.85507,24.78261
99.85507,99.85507,99.85507,99.85507,99.85507,99.85507,99.85507,99.85507,99.85507,99.85507,99.85507,99.85507,0,24.2029,0.1449275,0,99.85507,99.85507,99.85507,99.85507,99.85507,99.85507,99.85507,0.1449275,99.85507,24.78261,99.85507,55.36232,99.85507,99.85507,99.85507,99.85507,99.85507,99.85507,99.85507,0.1449275,99.85507,24.78261,99.85507,55.36232,99.85507,99.85507,99.85507,99.85507,99.85507,99.85507,99.85507,0.1449275,99.85507,24.78261
99.85507,99.85507,99.85507,99.85507,99.85507,99.85507,99.85507,99.85507,99.85507,99.85507,99.85507,99.85507,0.1449275,74.34782,0.1449275,99.85507,99.85507,99.85507,99.85507,99.85507,99.85507,99.85507,99.85507,0.1449275,99.85507,24.78261,99.85507,55.36232,99.85507,99.85507,99.85507,99.85507,99.85507,99.85507,99.85507,0.1449275,99.85507,24.78261,99.85507,55.36232,99.85507,99.85507,99.85507,99.85507,99.85507,99.85507,99.85507,0.1449275,99.85507,24.78261
99.85507,99.85507,99.85507,99.85507,99.85507,99.85507,99.85507,99.85507,99.85507,99.85507,99.85507,99.85507,0.1449275,54.78261,0,0,99.85507,99.85507,99.85507,99.85507,99.85507,99.85507,99.85507,0.1449275,99.85507,24.78261,99.85507,55.36232,99.85507,99.85507,99.85507,99.85507,99.85507,99.85507,99.85507,0.1449275,99.85507,24.78261,99.85507,55.36232,99.85507,99.85507,99.85507,99.85507,99.85507,99.85507,99.85507,0.1449275,99.85507,24.78261
99.85507,99.85507,99.85507,99.85507,99.85507,99.85507,99.85507,99.85507,99.85507,99.85507,99.85507,99.85507,0,25.21739,99.85507,0.1449275,99.85507,99.85507,99.85507,99.85507,99.85507,99.85507,99.85507,0.1449275,99.85507,24.78261,99.85507,55.36232,99.85507,99.85507,99.85507,99.85507,99.85507,99.85507,99.85507,0.1449275,99.85507,24.78261,99.85507,55.36232,99.85507,99.85507,99.85507,99.85507,99.85507,99.85507,99.85507,0.1449275,99.85507,24.78261
99.85507,99.85507,99.85507,99.85507,99.85507,99.85507,99.85507,99.85507,99.85507,99.85507,99.85507,99.85507,55.36232,55.07246,0.2898551,99.85507,99.85507,99.85507,99.85507,99.85507,99.85507,99.85507,99.85507,0.1449275,99.85507,24.78261,99.85507,55.36232,99.85507,99.85507,99.85507,99.85507,99.85507,99.85507,99.85507,0.1449275,99.85507,24.78261,99.85507,55.36232,99.85507,99.85507,99.85507,99.85507,99.85507,99.85507,99.85507,0.1449275,99.85507,24.78261
99.85507,99.85507,99.85507,99.85507,99.85507,99.85507,99.85507,99.85507,99.85507,99.85507,99.85507,99.85507,99.85507,25.94203,24.05797,25.7971,99.85507,99.85507,99.85507,99.85507,99.85507,99.85507,99.85507,0.1449275,99.85507,24.78261,99.85507,55.36232,99.85507,99.85507,99.85507,99.85507,99.85507,99.85507,99.85507,0.1449275,99.85507,24.78261,99.85507,55.36232,99.85507,99.85507,99.85507,99.85507,99.85507,99.85507,99.85507,0.1449275,99.85507,24.78261
99.85507,99.85507,99.85507,99.85507,99.85507,99.85507,99.85507,99.85507,99.85507,99.85507,99.85507,99.85507,1.304348,0.4347826,1.014493,0,99.85507,99.85507,99.85507,99.85507,99.85507,99.85507,99.85507,0.1449275,99.85507,24.78261,99.85507,55.36232,99.85507,99.85507,99.85507,99.85507,99.85507,99.85507,99.85507,0.1449275,99.85507,24.78261,99.85507,55.36232,99.85507,99.85507,99.85507,99.85507,99.85507,99.85507,99.85507,0.1449275,99.85507,24.78261
99.85507,99.85507,99.85507,99.85507,99.85507,99.85507,99.85507,99.85507,99.85507,99.85507,99.85507,99.85507,0,54.92754,99.85507,1.014493,99.85507,99.85507,99.85507,99.85507,99.85507,99.85507,99.85507,0.1449275,99.85507,24.78261,99.85507,55.36232,99.85507,99.85507,99.85507,99.85507,99.85507,99.85507,99.85507,0.1449275,99.85507,24.78261,99.85507,55.36232,99.85507,99.85507,99.85507,99.85507,99.85507,99.85507,99.85507,0.1449275,99.85507,24.78261
99.85507,99.85507,99.85507,99.85507,99.85507,99.85507,99.85507,99.85507,99.85507,99.85507,99.85507,99.85507,25.50725,99.85507,1.15942,1.15942,99.85507,99.85507,99.85507,99.85507,99.85507,99.85507,99.85507,0.1449275,99.85507,24.78261,99.85507,55.36232,99.85507,99.85507,99.85507,99.85507,99.85507,99.85507,99.85507,0.1449275,99.85507,24.78261,99.85507,55.36232,99.85507,99.85507,99.85507,99.85507,99.85507,99.85507,99.85507,0.1449275,99.85507,24.78261
99.85507,99.85507,99.85507,99.85507,99.85507,99.85507,99.85507,99.85507,99.85507,99.85507,99.85507,99.85507,1.15942,26.37681,0.1449275,0,99.85507,99.85507,99.85507,99.85507,99.85507,99.85507,99.85507,0.1449275,99.85507,24.78261,99.85507,55.36232,99.85507,99.85507,99.85507,99.85507,99.85507,99.85507,99.85507,0.1449275,99.85507,24.78261,99.85507,55.36232,99.85507,99.85507,99.85507,99.85507,99.85507,99.85507,99.85507,0.1449275,99.85507,24.78261
99.85507,99.85507,99.85507,99.85507,99.85507,99.85507,99.85507,99.85507,99.85507,99.85507,99.85507,99.85507,0,0,23.91304,0,99.85507,99.85507,99.85507,99.85507,99.85507,99.85507,99.85507,0.1449275,99.85507,24.78261,99.85507,55.36232,99.85507,99.85507,99.85507,99.85507,99.85507,99.85507,99.85507,0.1449275,99.85507,24.78261,99.85507,55.36232,99.85507,99.85507,99.85507,99.85507,99.85507,99.85507,99.85507,0.1449275,99.85507,24.78261
99.85507,99.85507,99.85507,99.85507,99.85507,99.85507,99.85507,99.85507,99.85507,99.85507,99.85507,99.85507,0.1449275,73.76811,0.1449275,0,99.85507,99.85507,99.85507,99.85507,99.85507,99.85507,99.85507,0.1449275,99.85507,24.78261,99.85507,55.36232,99.85507,99.85507,99.85507,99.85507,99.85507,99.85507,99.85507,0.1449275,99.85507,24.78261,99.85507,55.36232,99.85507,99.85507,99.85507,99.85507,99.85507,99.85507,99.85507,0.1449275,99.85507,24.78261
99.85507,99.85507,99.85507,99.85507,99.85507,99.85507,99.85507,99.85507,99.85507,99.85507,99.85507,99.85507,0.4347826,99.85507,0.8695652,0,99.85507,99.85507,99.85507,99.85507,99.85507,99.85507,99.85507,0.1449275,99.85507,24.78261,99.85507,55.36232,99.85507,99.85507,99.85507,99.85507,99.85507,99.85507,99.85507,0.1449275,99.85507,24.78261,99.85507,55.36232,99.85507,99.85507,99.85507,99.85507,99.85507,99.85507,99.85507,0.1449275,99.85507,24.78261
99.85507,99.85507,99.85507,99.85507,99.85507,99.85507,99.85507,99.85507,99.85507,99.85507,99.85507,99.85507,0.1449275,0,99.85507,0,99.85507,99.85507,99.85507,99.85507,99.85507,99.85507,99.85507,0.1449275,99.85507,24.78261,99.85507,55.36232,99.85507,99.85507,99.85507,99.85507,99.85507,99.85507,99.85507,0.1449275,99.85507,24.78261,99.85507,55.36232,99.85507,99.85507,99.85507,99.85507,99.85507,99.85507,99.85507,0.1449275,99.85507,24.78261
99.85507,99.85507,99.85507,99.85507,99.85507,99.85507,99.85507,99.85507,99.85507,99.85507,99.85507,99.85507,1.014493,99.85507,21.88406,25.07246,99.85507,99.85507,99.85507,99.85507,99.85507,99.85507,99.85507,0.1449275,99.85507,24.78261,99.85507,55.36232,99.85507,99.85507,99.85507,99.85507,99.85507,99.85507,99.85507,0.1449275,99.85507,24.78261,99.85507,55.36232,99.85507,99.85507,99.85507,99.85507,99.85507,99.85507,99.85507,0.1449275,99.85507,24.78261
99.85507,99.85507,99.85507,99.85507,99.85507,99.85507,99.85507,99.85507,99.85507,99.85507,99.85507,99.85507,0,25.94203,73.62319,0.1449275,99.85507,99.85507,99.85507,99.85507,99.85507,99.85507,99.85507,0.1449275,99.85507,24.78261,99.85507,55.36232,99.85507,99.85507,99.85507,99.85507,99.85507,99.85507,99.85507,0.1449275,99.85507,24.78261,99.85507,55.36232,99.85507,99.85507,99.85507,99.85507,99.85507,99.85507,99.85507,0.1449275,99.85507,24.78261
99.85507,99.85507,99.85507,99.85507,99.85507,99.85507,99.85507,99.85507,99.85507,99.85507,99.85507,99.85507,55.65217,1.304348,99.85507,55.07246,99.85507,99.85507,99.85507,99.85507,99.85507,99.85507,99.85507,0.1449275,99.85507,24.78261,99.85507,55.36232,99.85507,99.85507,99.85507,99.85507,99.85507,99.85507,99.85507,0.1449275,99.85507,24.78261,99.85507,55.36232,99.85507,99.85507,99.85507,99.85507,99.85507,99.85507,99.85507,0.1449275,99.85507,24.78261
99.85507,99.85507,99.85507,99.85507,99.85507,99.85507,99.85507,99.85507,99.85507,99.85507,99.85507,99.85507,0,0.1449275,1.014493,55.07246,99.85507,99.85507,99.85507,99.85507,99.85507,99.85507,99.85507,0.1449275,99.85507,24.78261,99.85507,55.36232,99.85507,99.85507,99.85507,99.85507,99.85507,99.85507,99.85507,0.1449275,99.85507,24.78261,99.85507,55.36232,99.85507,99.85507,99.85507,99.85507,99.85507,99.85507,99.85507,0.1449275,99.85507,24.78261
99.85507,99.85507,99.85507,99.85507,99.85507,99.85507,99.85507,99.85507,99.85507,99.85507,99.85507,99.85507,0,99.85507,0,48.84058,99.85507,99.85507,99.85507,99.85507,99.85507,99.85507,99.85507,0.1449275,99.85507,24.78261,99.85507,55.36232,99.85507,99.85507,99.85507,99.85507,99.85507,99.85507,99.85507,0.1449275,99.85507,24.78261,99.85507,55.36232,99.85507,99.85507,99.85507,99.85507,99.85507,99.85507,99.85507,0.1449275,99.85507,24.78261
99.85507,99.85507,99.85507,99.85507,99.85507,99.85507,99.85507,99.85507,99.85507,99.85507,99.85507,99.85507,0,0,25.7971,1.014493,99.85507,99.85507,99.85507,99.85507,99.85507,99.85507,99.85507,0.1449275,99.85507,24.78261,99.85507,55.36232,99.85507,99.85507,99.85507,99.85507,99.85507,99.85507,99.85507,0.1449275,99.85507,24.78261,99.85507,55.36232,99.85507,99.85507,99.85507,99.85507,99.85507,99.85507,99.85507,0.1449275,99.85507,24.78261
99.85507,99.85507,99.85507,99.85507,99.85507,99.85507,99.85507,99.85507,99.85507,99.85507,99.85507,99.85507,74.34782,99.85507,25.07246,0.1449275,99.85507,99.85507,99.85507,99.85507,99.85507,99.85507,99.85507,0.1449275,99.85507,24.78261,99.85507,55.36232,99.85507,99.85507,99.85507,99.85507,99.85507,99.85507,99.85507,0.1449275,99.85507,24.78261,99.85507,55.36232,99.85507,99.85507,99.85507,99.85507,99.85507,99.85507,99.85507,0.1449275,99.85507,24.78261
99.85507,99.85507,99.85507,99.85507,99.85507,99.85507,99.85507,99.85507,99.85507,99.85507,99.85507,99.85507,0,74.2029,0.1449275,1.014493,99.85507,99.85507,99.85507,99.85507,99.85507,99.85507,99.85507,0.1449275,99.85507,24.78261,99.85507,55.36232,99.85507,99.85507,99.85507,99.85507,99.85507,99.85507,99.85507,0.1449275,99.85507,24.78261,99.85507,55.36232,99.85507,99.85507,99.85507,99.85507,99.85507,99.85507,99.85507,0.1449275,99.85507,24.78261
99.85507,99.85507,99.85507,99.85507,99.85507,99.85507,99.85507,99.85507,99.85507,99.85507,99.85507,99.85507,0.1449275,0.1449275,0,0,99.85507,99.85507,99.85507,99.85507,99.85507,99.85507,99.85507,0.1449275,99.85507,24.78261,99.85507,55.36232,99.85507,99.85507,99.85507,99.85507,99.85507,99.85507,99.85507,0.1449275,99.85507,24.78261,99.85507,55.36232,99.85507,99.85507,99.85507,99.85507,99.85507,99.85507,99.85507,0.1449275,99.85507,24.78261
