0,0,0,0,0,0,0,0,0,0,0.2816902,0,0,0,0,0,0,0,0,0,0,0,0,0,0,0,0,0,0,0,0,0,0,0,0,0,0.2816902,0,0,0,0,0,0,0,0,0,0,0,0,0
0,0,0,0,0,0,0,0,0,0,0.2816902,0,0.2816902,0,0,0,0,0,0,0,0,0,0,2.816901,0.2816902,0.2816902,0,0,0,0,0,0,0,0,0,2.816901,0.2816902,0.2816902,0.2816902,0,0,0,0,0,0,0,0,0,2.816901,0.2816902
0,0,0,0,0,0.2816902,0,0,0.2816902,0,0.2816902,0,0.2816902,0.2816902,0,2.816901,2.816901,0.2816902,6.478873,0.2816902,0,0,0.2816902,2.816901,0.2816902,0.2816902,0,0,0.2816902,0,2.816901,2.816901,0.2816902,6.478873,0.2816902,2.816901,0.2816902,0.2816902,0.2816902,0,0,0.2816902,0,0,0.2816902,0,2.816901,2.816901,2.816901,0.2816902
2.816901,84.50704,2.816901,2.535211,2.816901,0.2816902,2.816901,2.816901,2.816901,2.816901,2.816901,0,0.2816902,6.478873,2.816901,2.816901,2.816901,2.816901,6.478873,2.816901,2.816901,2.816901,2.816901,2.816901,2.816901,2.816901,2.816901,0,0.2816902,6.478873,2.816901,2.816901,2.816901,6.478873,2.816901,2.816901,2.816901,2.816901,2.816901,2.816901,2.816901,2.816901,2.816901,0,0.2816902,6.478873,2.816901,2.816901,2.816901,2.816901
2.816901,84.50704,2.816901,85.07042,2.816901,6.478873,2.816901,2.816901,2.816901,0,0,6.478873,2.816901,6.478873,3.380282,2.535211,2.816901,2.816901,6.478873,2.816901,85.91549,84.22535,6.478873,6.478873,6.478873,6.478873,2.816901,3.380282,2.535211,6.478873,2.816901,2.816901,2.816901,6.478873,85.91549,84.22535,6.478873,6.478873,6.478873,6.478873,2.816901,3.380282,2.535211,2.816901,2.816901,6.478873,2.816901,85.91549,84.22535,6.478873
99.43662,84.50704,0,85.07042,2.253521,6.478873,2.253521,84.22535,84.22535,84.22535,2.253521,6.478873,5.915493,6.478873,6.478873,6.478873,85.91549,85.91549,6.478873,85.91549,85.91549,84.22535,0,84.50704,84.22535,84.22535,84.22535,2.253521,5.915493,6.478873,6.478873,85.91549,85.91549,85.91549,85.91549,84.22535,0,84.50704,84.22535,84.22535,84.22535,2.253521,5.915493,6.478873,6.478873,85.91549,85.91549,85.91549,84.22535,85.91549
99.43662,0,84.50704,0,0,85.91549,85.91549,85.91549,85.91549,85.91549,85.91549,85.91549,86.19718,85.6338,85.91549,85.91549,85.91549,85.91549,85.91549,85.91549,85.91549,85.91549,85.91549,85.91549,85.91549,85.91549,85.91549,85.91549,86.19718,85.6338,85.91549,85.91549,85.91549,85.91549,85.91549,85.91549,85.91549,85.91549,85.91549,85.91549,85.91549,85.91549,85.91549,85.91549,86.19718,85.91549,85.91549,85.91549,85.6338,85.91549
99.43662,0,6.197183,0,0,85.91549,85.91549,85.91549,85.91549,85.91549,85.91549,85.91549,86.19718,85.91549,85.91549,85.91549,85.91549,85.91549,85.91549,85.91549,85.91549,86.19718,99.43662,86.19718,86.19718,85.91549,85.91549,85.91549,86.19718,85.91549,85.91549,85.91549,85.91549,85.91549,86.19718,99.43662,86.19718,86.19718,85.91549,85.91549,85.91549,85.91549,85.91549,85.91549,86.19718,85.91549,85.91549,86.19718,99.43662,86.19718
99.43662,57.46479,0,2.535211,0,86.19718,86.19718,86.19718,86.19718,86.19718,86.19718,86.19718,86.19718,86.19718,99.43662,99.43662,99.43662,99.43662,86.19718,86.19718,86.19718,86.19718,99.43662,86.19718,86.19718,86.19718,86.19718,86.19718,86.19718,86.19718,86.19718,99.43662,99.43662,99.43662,86.19718,99.43662,86.19718,86.19718,99.43662,86.19718,86.19718,86.19718,86.19718,86.19718,86.19718,86.19718,86.19718,99.43662,99.43662,99.43662
99.43662,0.2816902,99.71831,56.90141,75.77465,99.43662,99.43662,99.43662,99.43662,99.43662,99.43662,99.43662,99.43662,99.43662,99.43662,99.43662,99.43662,99.43662,99.43662,99.43662,99.43662,99.43662,99.43662,99.43662,99.43662,99.43662,99.43662,99.43662,99.43662,99.43662,99.43662,99.43662,99.43662,99.43662,99.43662,99.43662,99.43662,99.43662,99.43662,99.43662,99.43662,99.43662,99.43662,99.43662,99.43662,99.43662,99.43662,99.43662,99.43662,99.43662
99.43662,99.71831,99.71831,75.49296,99.43662,99.43662,99.43662,99.43662,99.43662,99.43662,99.43662,99.43662,99.43662,99.43662,99.43662,99.43662,99.43662,99.43662,99.43662,99.43662,99.43662,99.43662,99.43662,80.84507,85.07042,99.43662,99.43662,99.43662,99.43662,99.43662,99.43662,99.43662,99.43662,99.43662,99.43662,99.43662,85.07042,99.43662,99.43662,99.43662,99.43662,99.43662,99.43662,99.43662,99.43662,99.43662,99.43662,99.43662,85.07042,99.43662
99.43662,99.71831,99.71831,84.50704,99.43662,99.43662,99.43662,99.43662,99.43662,99.43662,99.43662,99.43662,99.43662,0,99.43662,89.29578,99.43662,99.43662,99.43662,99.43662,99.43662,99.43662,99.43662,0,25.6338,85.07042,85.35211,99.43662,99.43662,99.43662,99.43662,99.43662,99.43662,99.43662,99.43662,0,25.6338,85.07042,85.35211,99.43662,99.43662,99.43662,99.43662,99.43662,99.43662,99.43662,99.43662,0,25.6338,85.07042
99.43662,99.71831,99.71831,5.352113,99.43662,99.43662,99.43662,99.43662,99.43662,99.43662,99.43662,99.43662,99.43662,0,0,84.22535,99.43662,99.43662,99.43662,99.43662,99.43662,99.43662,99.43662,0,25.6338,85.07042,85.35211,99.43662,99.43662,99.43662,99.43662,99.43662,99.43662,99.43662,99.43662,0,25.6338,85.07042,85.35211,99.43662,99.43662,99.43662,99.43662,99.43662,99.43662,99.43662,99.43662,0,25.6338,85.07042
99.43662,99.71831,99.71831,23.38028,99.43662,99.43662,99.43662,99.43662,99.43662,99.43662,99.43662,99.43662,99.43662,84.50704,0,75.49296,99.43662,99.43662,99.43662,99.43662,99.43662,99.43662,99.43662,0,25.6338,85.07042,85.35211,99.43662,99.43662,99.43662,99.43662,99.43662,99.43662,99.43662,99.43662,0,25.6338,85.07042,85.35211,99.43662,99.43662,99.43662,99.43662,99.43662,99.43662,99.43662,99.43662,0,25.6338,85.07042
99.43662,99.71831,99.71831,85.35211,99.43662,99.43662,99.43662,99.43662,99.43662,99.43662,99.43662,99.43662,99.43662,85.35211,85.07042,79.71831,99.43662,99.43662,99.43662,99.43662,99.43662,99.43662,99.43662,0,25.6338,85.07042,85.35211,99.43662,99.43662,99.43662,99.43662,99.43662,99.43662,99.43662,99.43662,0,25.6338,85.07042,85.35211,99.43662,99.43662,99.43662,99.43662,99.43662,99.43662,99.43662,99.43662,0,25.6338,85.07042
99.43662,99.71831,99.71831,32.67606,99.43662,99.43662,99.43662,99.43662,99.43662,99.43662,99.43662,99.43662,99.43662,85.35211,85.07042,89.29578,99.43662,99.43662,99.43662,99.43662,99.43662,99.43662,99.43662,0,25.6338,85.07042,85.35211,99.43662,99.43662,99.43662,99.43662,99.43662,99.43662,99.43662,99.43662,0,25.6338,85.07042,85.35211,99.43662,99.43662,99.43662,99.43662,99.43662,99.43662,99.43662,99.43662,0,25.6338,85.07042
99.43662,99.71831,99.71831,0,99.43662,99.43662,99.43662,99.43662,99.43662,99.43662,99.43662,99.43662,99.43662,0,25.6338,80.28169,99.43662,99.43662,99.43662,99.43662,99.43662,99.43662,99.43662,0,25.6338,85.07042,85.35211,99.43662,99.43662,99.43662,99.43662,99.43662,99.43662,99.43662,99.43662,0,25.6338,85.07042,85.35211,99.43662,99.43662,99.43662,99.43662,99.43662,99.43662,99.43662,99.43662,0,25.6338,85.07042
99.43662,99.71831,99.71831,25.91549,99.43662,99.43662,99.43662,99.43662,99.43662,99.43662,99.43662,99.43662,99.43662,86.19718,0,0,99.43662,99.43662,99.43662,99.43662,99.43662,99.43662,99.43662,0,25.6338,85.07042,85.35211,99.43662,99.43662,99.43662,99.43662,99.43662,99.43662,99.43662,99.43662,0,25.6338,85.07042,85.35211,99.43662,99.43662,99.43662,99.43662,99.43662,99.43662,99.43662,99.43662,0,25.6338,85.07042
99.43662,99.71831,99.71831,99.43662,99.43662,99.43662,99.43662,99.43662,99.43662,99.43662,99.43662,99.43662,99.43662,99.71831,0,84.78873,99.43662,99.43662,99.43662,99.43662,99.43662,99.43662,99.43662,0,25.6338,85.07042,85.35211,99.43662,99.43662,99.43662,99.43662,99.43662,99.43662,99.43662,99.43662,0,25.6338,85.07042,85.35211,99.43662,99.43662,99.43662,99.43662,99.43662,99.43662,99.43662,99.43662,0,25.6338,85.07042
99.43662,99.71831,99.71831,99.43662,99.43662,99.43662,99.43662,99.43662,99.43662,99.43662,99.43662,26.47887,0,99.71831,0,0,0,99.43662,99.43662,99.43662,99.43662,99.43662,99.43662,0,25.6338,3.661972,25.91549,0,0,99.43662,99.43662,99.43662,99.43662,99.43662,99.43662,0,25.6338,3.661972,25.91549,0,0,99.43662,99.43662,99.43662,99.43662,99.43662,99.43662,0,25.6338,3.661972
99.43662,99.71831,99.71831,99.43662,99.43662,99.43662,99.43662,99.43662,99.43662,99.43662,99.43662,0,25.6338,99.71831,85.07042,56.61972,0,99.43662,99.43662,99.43662,99.43662,99.43662,99.43662,0,25.6338,3.661972,25.91549,0,0,99.43662,99.43662,99.43662,99.43662,99.43662,99.43662,0,25.6338,3.661972,25.91549,0,0,99.43662,99.43662,99.43662,99.43662,99.43662,99.43662,0,25.6338,3.661972
99.43662,99.71831,99.71831,99.43662,99.43662,99.43662,99.43662,99.43662,99.43662,99.43662,99.43662,0,6.478873,99.71831,85.07042,83.94366,0,99.43662,99.43662,99.43662,99.43662,99.43662,99.43662,0,25.6338,3.661972,25.91549,0,0,99.43662,99.43662,99.43662,99.43662,99.43662,99.43662,0,25.6338,3.661972,25.91549,0,0,99.43662,99.43662,99.43662,99.43662,99.43662,99.43662,0,25.6338,3.661972
99.43662,99.71831,99.71831,99.43662,99.43662,99.43662,99.43662,99.43662,99.43662,99.43662,99.43662,0,0,99.71831,91.26761,80,0,99.43662,99.43662,99.43662,99.43662,99.43662,99.43662,0,25.6338,3.661972,25.91549,0,0,99.43662,99.43662,99.43662,99.43662,99.43662,99.43662,0,25.6338,3.661972,25.91549,0,0,99.43662,99.43662,99.43662,99.43662,99.43662,99.43662,0,25.6338,3.661972
99.43662,99.71831,99.71831,99.43662,99.43662,99.43662,99.43662,99.43662,99.43662,99.43662,99.43662,0,84.78873,99.71831,0,0,0,99.43662,99.43662,99.43662,99.43662,99.43662,99.43662,0,25.6338,3.661972,25.91549,0,0,99.43662,99.43662,99.43662,99.43662,99.43662,99.43662,0,25.6338,3.661972,25.91549,0,0,99.43662,99.43662,99.43662,99.43662,99.43662,99.43662,0,25.6338,3.661972
99.43662,99.71831,99.71831,99.43662,99.43662,99.43662,99.43662,99.43662,99.43662,99.43662,99.43662,85.6338,0,99.71831,0.2816902,26.47887,0,99.43662,99.43662,99.43662,99.43662,99.43662,99.43662,0,25.6338,3.661972,25.91549,0,0,99.43662,99.43662,99.43662,99.43662,99.43662,99.43662,0,25.6338,3.661972,25.91549,0,0,99.43662,99.43662,99.43662,99.43662,99.43662,99.43662,0,25.6338,3.661972
99.43662,99.71831,99.71831,99.43662,99.43662,99.43662,99.43662,99.43662,99.43662,99.43662,99.43662,56.90141,0,99.71831,0,85.07042,0,99.43662,99.43662,99.43662,99.43662,99.43662,99.43662,0,25.6338,3.661972,25.91549,0,0,99.43662,99.43662,99.43662,99.43662,99.43662,99.43662,0,25.6338,3.661972,25.91549,0,0,99.43662,99.43662,99.43662,99.43662,99.43662,99.43662,0,25.6338,3.661972
99.43662,99.71831,99.71831,99.43662,99.43662,99.43662,99.43662,99.43662,99.43662,99.43662,99.43662,3.380282,0,99.71831,0,85.6338,0,99.43662,99.43662,99.43662,99.43662,99.43662,99.43662,0,25.6338,3.661972,25.91549,0,0,99.43662,99.43662,99.43662,99.43662,99.43662,99.43662,0,25.6338,3.661972,25.91549,0,0,99.43662,99.43662,99.43662,99.43662,99.43662,99.43662,0,25.6338,3.661972
99.43662,99.71831,99.71831,99.43662,99.43662,99.43662,99.43662,99.43662,99.43662,99.43662,99.43662,0,0,99.71831,90.98592,80.28169,0,99.43662,99.43662,99.43662,99.43662,99.43662,99.43662,0,25.6338,3.661972,25.91549,0,0,99.43662,99.43662,99.43662,99.43662,99.43662,99.43662,0,25.6338,3.661972,25.91549,0,0,99.43662,99.43662,99.43662,99.43662,99.43662,99.43662,0,25.6338,3.661972
99.43662,99.71831,99.71831,99.43662,99.43662,99.43662,99.43662,99.43662,99.43662,99.43662,99.43662,0,0,99.71831,85.6338,0,0,99.43662,99.43662,99.43662,99.43662,99.43662,99.43662,0,25.6338,3.661972,25.91549,0,0,99.43662,99.43662,99.43662,99.43662,99.43662,99.43662,0,25.6338,3.661972,25.91549,0,0,99.43662,99.43662,99.43662,99.43662,99.43662,99.43662,0,25.6338,3.661972
99.43662,99.71831,99.71831,99.43662,99.43662,99.43662,99.43662,99.43662,99.43662,99.43662,99.43662,90.14085,0,99.71831,88.73239,2.816901,0,99.43662,99.43662,99.43662,99.43662,99.43662,99.43662,0,25.6338,3.661972,25.91549,0,0,99.43662,99.43662,99.43662,99.43662,99.43662,99.43662,0,25.6338,3.661972,25.91549,0,0,99.43662,99.43662,99.43662,99.43662,99.43662,99.43662,0,25.6338,3.661972
99.43662,99.71831,99.71831,99.43662,99.43662,99.43662,99.43662,99.43662,99.43662,99.43662,99.43662,0,85.6338,99.71831,0,4.225352,0,99.43662,99.43662,99.43662,99.43662,99.43662,99.43662,0,25.6338,3.661972,25.91549,0,0,99.43662,99.43662,99.43662,99.43662,99.43662,99.43662,0,25.6338,3.661972,25.91549,0,0,99.43662,99.43662,99.43662,99.43662,99.43662,99.43662,0,25.6338,3.661972
99.43662,99.71831,99.71831,99.43662,99.43662,99.43662,99.43662,99.43662,99.43662,99.43662,99.43662,0,0,99.71831,0,84.50704,0,99.43662,99.43662,99.43662,99.43662,99.43662,99.43662,0,25.6338,3.661972,25.91549,0,0,99.43662,99.43662,99.43662,99.43662,99.43662,99.43662,0,25.6338,3.661972,25.91549,0,0,99.43662,99.43662,99.43662,99.43662,99.43662,99.43662,0,25.6338,3.661972
99.43662,99.71831,99.71831,99.43662,99.43662,99.43662,99.43662,99.43662,99.43662,99.43662,99.43662,0,85.6338,99.71831,56.61972,88.73239,0,99.43662,99.43662,99.43662,99.43662,99.43662,99.43662,0,25.6338,3.661972,25.91549,0,0,99.43662,99.43662,99.43662,99.43662,99.43662,99.43662,0,25.6338,3.661972,25.91549,0,0,99.43662,99.43662,99.43662,99.43662,99.43662,99.43662,0,25.6338,3.661972
99.43662,99.71831,99.71831,99.43662,99.43662,99.43662,99.43662,99.43662,99.43662,99.43662,99.43662,0,26.19718,99.71831,58.02817,0.2816902,0,99.43662,99.43662,99.43662,99.43662,99.43662,99.43662,0,25.6338,3.661972,25.91549,0,0,99.43662,99.43662,99.43662,99.43662,99.43662,99.43662,0,25.6338,3.661972,25.91549,0,0,99.43662,99.43662,99.43662,99.43662,99.43662,99.43662,0,25.6338,3.661972
99.43662,99.71831,99.71831,99.43662,99.43662,99.43662,99.43662,99.43662,99.43662,99.43662,99.43662,85.35211,25.6338,99.71831,99.71831,0,0,99.43662,99.43662,99.43662,99.43662,99.43662,99.43662,0,25.6338,3.661972,25.91549,0,0,99.43662,99.43662,99.43662,99.43662,99.43662,99.43662,0,25.6338,3.661972,25.91549,0,0,99.43662,99.43662,99.43662,99.43662,99.43662,99.43662,0,25.6338,3.661972
99.43662,99.71831,99.71831,99.43662,99.43662,99.43662,99.43662,99.43662,99.43662,99.43662,0,6.197183,0,99.71831,99.71831,0,0,0,99.43662,99.43662,99.43662,99.43662,99.43662,0,25.6338,3.661972,99.43662,5.915493,0,0,99.43662,99.43662,99.43662,99.43662,99.43662,0,25.6338,3.661972,99.43662,5.915493,0,0,99.43662,99.43662,99.43662,99.43662,99.43662,0,25.6338,3.661972
99.43662,99.71831,99.71831,99.43662,99.43662,99.43662,99.43662,99.43662,99.43662,99.43662,0,0,0,99.71831,99.71831,0,0,0,99.43662,99.43662,99.43662,99.43662,99.43662,0,25.6338,3.661972,99.43662,5.915493,0,0,99.43662,99.43662,99.43662,99.43662,99.43662,0,25.6338,3.661972,99.43662,5.915493,0,0,99.43662,99.43662,99.43662,99.43662,99.43662,0,25.6338,3.661972
99.43662,99.71831,99.71831,99.43662,99.43662,99.43662,99.43662,99.43662,99.43662,99.43662,85.07042,0,99.71831,99.71831,99.71831,26.19718,0,0,99.43662,99.43662,99.43662,99.43662,99.43662,0,25.6338,3.661972,99.43662,5.915493,0,0,99.43662,99.43662,99.43662,99.43662,99.43662,0,25.6338,3.661972,99.43662,5.915493,0,0,99.43662,99.43662,99.43662,99.43662,99.43662,0,25.6338,3.661972
99.43662,99.71831,99.71831,99.43662,99.43662,99.43662,99.43662,99.43662,99.43662,0,89.01408,99.43662,99.71831,99.71831,99.71831,0,5.915493,0,0,99.43662,99.43662,99.43662,99.43662,0,25.6338,85.35211,89.57746,99.43662,5.915493,0,0,99.43662,99.43662,99.43662,99.43662,0,25.6338,85.35211,89.57746,99.43662,5.915493,0,0,99.43662,99.43662,99.43662,99.43662,0,25.6338,85.35211
99.43662,99.71831,99.71831,99.43662,99.43662,99.43662,99.43662,99.43662,99.43662,90.14085,0,85.35211,99.71831,99.71831,99.71831,0,5.915493,0,0,99.43662,99.43662,99.43662,99.43662,0,25.6338,85.35211,89.57746,99.43662,5.915493,0,0,99.43662,99.43662,99.43662,99.43662,0,25.6338,85.35211,89.57746,99.43662,5.915493,0,0,99.43662,99.43662,99.43662,99.43662,0,25.6338,85.35211
99.43662,99.71831,99.71831,99.43662,99.43662,99.43662,99.43662,99.43662,99.43662,26.47887,99.71831,6.478873,99.71831,99.71831,99.71831,99.71831,5.915493,0,0,99.43662,99.43662,99.43662,99.43662,0,25.6338,85.35211,89.57746,99.43662,5.915493,0,0,99.43662,99.43662,99.43662,99.43662,0,25.6338,85.35211,89.57746,99.43662,5.915493,0,0,99.43662,99.43662,99.43662,99.43662,0,25.6338,85.35211
99.43662,99.71831,99.71831,99.43662,99.43662,99.43662,99.43662,0,99.71831,0,99.71831,99.71831,99.71831,99.71831,99.71831,99.71831,99.43662,86.19718,84.78873,0,0,99.43662,99.43662,0,25.6338,99.43662,84.78873,89.57746,99.43662,86.19718,84.78873,0,0,99.43662,99.43662,0,25.6338,99.43662,84.78873,89.57746,99.43662,86.19718,84.78873,0,0,99.43662,99.43662,0,25.6338,99.43662
99.43662,99.71831,99.71831,99.43662,99.43662,0.2816902,85.07042,6.760563,99.71831,3.380282,99.71831,99.71831,99.71831,99.71831,99.71831,99.71831,99.71831,89.57746,99.43662,86.19718,84.78873,0,0,0,25.6338,85.6338,99.43662,85.35211,99.71831,89.57746,99.43662,86.19718,84.78873,0,0,0,25.6338,85.6338,99.43662,85.35211,99.71831,89.57746,99.43662,86.19718,84.78873,0,0,0,25.6338,85.6338
99.43662,99.71831,99.71831,0,0,0,99.71831,89.57746,99.71831,99.43662,99.71831,99.71831,99.71831,99.71831,99.71831,99.71831,99.71831,86.19718,85.35211,99.71831,99.71831,99.43662,25.6338,85.6338,99.43662,85.35211,99.71831,89.57746,99.71831,99.43662,86.19718,85.35211,99.71831,99.71831,99.43662,25.6338,85.6338,99.43662,85.35211,99.71831,99.71831,89.57746,99.43662,86.19718,85.35211,99.71831,99.71831,99.43662,25.6338,85.6338
0,99.71831,99.71831,0,99.43662,81.12676,99.71831,85.35211,99.71831,99.71831,99.71831,99.71831,99.71831,99.71831,99.71831,99.71831,99.71831,89.57746,99.43662,99.71831,86.19718,85.35211,99.71831,99.43662,25.6338,85.35211,99.71831,99.43662,85.35211,99.71831,89.57746,99.43662,86.19718,85.35211,99.71831,99.43662,25.6338,85.35211,99.71831,99.43662,85.35211,99.71831,89.57746,99.43662,86.19718,85.35211,99.71831,99.43662,25.6338,85.35211
0,99.71831,99.71831,5.915493,0,3.098592,99.71831,89.29578,99.71831,99.71831,99.71831,99.71831,99.71831,99.71831,99.71831,99.71831,99.71831,85.35211,99.71831,89.57746,99.43662,86.19718,85.35211,99.43662,25.6338,85.35211,99.71831,85.6338,89.29578,85.35211,99.71831,89.57746,99.43662,86.19718,85.35211,99.43662,25.6338,85.35211,99.71831,85.6338,89.29578,85.35211,99.71831,89.57746,99.43662,86.19718,85.35211,99.43662,25.6338,85.35211
26.19718,99.71831,99.71831,0,0,85.35211,99.71831,89.29578,99.71831,99.71831,99.71831,99.71831,99.71831,99.71831,99.71831,99.71831,99.71831,85.35211,99.71831,89.57746,99.43662,86.19718,85.35211,99.43662,25.6338,85.35211,99.71831,85.6338,89.29578,85.35211,99.71831,89.57746,99.43662,86.19718,85.35211,99.43662,25.6338,85.35211,99.71831,85.6338,89.29578,85.35211,99.71831,89.57746,99.43662,86.19718,85.35211,99.43662,25.6338,85.35211
85.6338,99.71831,99.71831,88.73239,0,85.07042,99.71831,89.29578,99.71831,99.71831,99.71831,99.71831,99.71831,99.71831,99.71831,99.71831,99.71831,85.35211,99.71831,89.57746,99.43662,86.19718,85.35211,99.43662,25.6338,85.35211,99.71831,85.6338,89.29578,85.35211,99.71831,89.57746,99.43662,86.19718,85.35211,99.43662,25.6338,85.35211,99.71831,85.6338,89.29578,85.35211,99.71831,89.57746,99.43662,86.19718,85.35211,99.43662,25.6338,85.35211
85.6338,99.71831,99.71831,26.47887,0,0,99.71831,89.29578,99.71831,99.71831,99.71831,99.71831,99.71831,99.71831,99.71831,99.71831,99.71831,85.35211,99.71831,89.57746,99.43662,86.19718,85.35211,99.43662,25.6338,85.35211,99.71831,85.6338,89.29578,85.35211,99.71831,89.57746,99.43662,86.19718,85.35211,99.43662,25.6338,85.35211,99.71831,85.6338,89.29578,85.35211,99.71831,89.57746,99.43662,86.19718,85.35211,99.43662,25.6338,85.35211
3.661972,99.71831,99.71831,0,0,0,99.71831,89.29578,99.71831,99.71831,99.71831,99.71831,99.71831,99.71831,99.71831,99.71831,99.71831,85.35211,99.71831,89.57746,99.43662,86.19718,85.35211,99.43662,25.6338,85.35211,99.71831,85.6338,89.29578,85.35211,99.71831,89.57746,99.43662,86.19718,85.35211,99.43662,25.6338,85.35211,99.71831,85.6338,89.29578,85.35211,99.71831,89.57746,99.43662,86.19718,85.35211,99.43662,25.6338,85.35211
0,99.71831,99.71831,89.57746,56.90141,84.22535,99.71831,89.29578,99.71831,99.71831,99.71831,99.71831,99.71831,99.71831,99.71831,99.71831,99.71831,85.35211,99.71831,89.57746,99.43662,86.19718,85.35211,99.43662,25.6338,85.35211,99.71831,85.6338,89.29578,85.35211,99.71831,89.57746,99.43662,86.19718,85.35211,99.43662,25.6338,85.35211,99.71831,85.6338,89.29578,85.35211,99.71831,89.57746,99.43662,86.19718,85.35211,99.43662,25.6338,85.35211
25.91549,99.71831,99.71831,99.43662,99.71831,2.816901,99.71831,89.29578,99.71831,99.71831,99.71831,99.71831,99.71831,99.71831,99.71831,99.71831,99.71831,85.35211,99.71831,89.57746,99.43662,86.19718,85.35211,99.43662,25.6338,85.35211,99.71831,85.6338,89.29578,85.35211,99.71831,89.57746,99.43662,86.19718,85.35211,99.43662,25.6338,85.35211,99.71831,85.6338,89.29578,85.35211,99.71831,89.57746,99.43662,86.19718,85.35211,99.43662,25.6338,85.35211
0,99.71831,99.71831,0,99.71831,84.78873,99.71831,99.43662,99.71831,99.71831,99.71831,99.71831,99.71831,99.71831,99.71831,99.71831,85.6338,89.29578,85.35211,99.71831,89.57746,99.43662,86.19718,99.71831,25.6338,26.19718,99.43662,99.71831,85.6338,89.29578,85.35211,99.71831,89.57746,99.43662,86.19718,99.71831,25.6338,26.19718,99.43662,99.71831,85.6338,89.29578,85.35211,99.71831,89.57746,99.43662,86.19718,99.71831,25.6338,26.19718
0,99.71831,99.71831,0,99.71831,85.07042,99.71831,99.71831,99.71831,99.71831,99.71831,99.71831,99.71831,99.71831,99.71831,99.71831,85.6338,89.29578,85.35211,99.71831,89.57746,99.43662,86.19718,99.71831,25.6338,26.19718,99.43662,99.71831,85.6338,89.29578,85.35211,99.71831,89.57746,99.43662,86.19718,99.71831,25.6338,26.19718,99.43662,99.71831,85.6338,89.29578,85.35211,99.71831,89.57746,99.43662,86.19718,99.71831,25.6338,26.19718
7.323944,99.71831,99.71831,57.1831,99.71831,85.6338,99.71831,99.71831,99.71831,99.71831,99.71831,99.71831,99.71831,99.71831,99.71831,85.6338,99.71831,85.6338,89.29578,85.35211,99.71831,89.57746,99.43662,99.43662,25.6338,26.19718,99.43662,99.71831,99.71831,85.6338,89.29578,85.35211,99.71831,89.57746,99.43662,99.43662,25.6338,26.19718,99.43662,99.71831,99.71831,85.6338,89.29578,85.35211,99.71831,89.57746,99.43662,99.43662,25.6338,26.19718
23.38028,99.71831,99.71831,89.57746,99.71831,84.78873,99.71831,99.71831,99.71831,99.71831,99.71831,99.71831,99.71831,99.71831,99.71831,99.71831,99.71831,85.6338,89.29578,85.35211,99.71831,89.57746,99.43662,99.43662,25.6338,26.19718,99.43662,99.71831,99.71831,85.6338,89.29578,85.35211,99.71831,89.57746,99.43662,99.43662,25.6338,26.19718,99.43662,99.71831,99.71831,85.6338,89.29578,85.35211,99.71831,89.57746,99.43662,99.43662,25.6338,26.19718
0.2816902,99.71831,99.71831,57.46479,99.71831,85.6338,99.71831,99.71831,99.71831,99.71831,99.71831,99.71831,99.71831,99.71831,99.71831,26.47887,99.71831,85.6338,89.29578,85.35211,99.71831,89.57746,99.43662,99.43662,25.6338,26.19718,99.43662,99.71831,99.71831,85.6338,89.29578,85.35211,99.71831,89.57746,99.43662,99.43662,25.6338,26.19718,99.43662,99.71831,99.71831,85.6338,89.29578,85.35211,99.71831,89.57746,99.43662,99.43662,25.6338,26.19718
5.915493,99.71831,99.71831,6.478873,99.71831,0,99.71831,99.71831,99.71831,99.71831,99.71831,99.71831,99.71831,99.71831,99.71831,0,99.71831,85.6338,89.29578,85.35211,99.71831,89.57746,99.43662,99.43662,25.6338,26.19718,99.43662,99.71831,99.71831,85.6338,89.29578,85.35211,99.71831,89.57746,99.43662,99.43662,25.6338,26.19718,99.43662,99.71831,99.71831,85.6338,89.29578,85.35211,99.71831,89.57746,99.43662,99.43662,25.6338,26.19718
0,99.71831,99.71831,0,99.71831,0,99.71831,99.71831,99.71831,99.71831,99.71831,99.71831,99.71831,99.71831,99.71831,89.29578,99.71831,85.6338,89.29578,85.35211,99.71831,89.57746,99.43662,99.43662,25.6338,26.19718,99.43662,99.71831,99.71831,85.6338,89.29578,85.35211,99.71831,89.57746,99.43662,99.43662,25.6338,26.19718,99.43662,99.71831,99.71831,85.6338,89.29578,85.35211,99.71831,89.57746,99.43662,99.43662,25.6338,26.19718
0,99.71831,99.71831,85.6338,99.71831,57.1831,99.71831,99.71831,99.71831,99.71831,99.71831,99.71831,99.71831,99.71831,99.71831,99.71831,99.71831,85.6338,89.29578,85.35211,99.71831,89.57746,99.43662,99.43662,25.6338,26.19718,99.43662,99.71831,99.71831,85.6338,89.29578,85.35211,99.71831,89.57746,99.43662,99.43662,25.6338,26.19718,99.43662,99.71831,99.71831,85.6338,89.29578,85.35211,99.71831,89.57746,99.43662,99.43662,25.6338,26.19718
99.71831,99.71831,99.71831,62.8169,99.71831,99.43662,99.71831,99.71831,99.71831,99.71831,99.71831,99.71831,99.71831,99.71831,99.71831,99.71831,99.71831,85.6338,89.29578,85.35211,99.71831,89.57746,99.43662,99.43662,25.6338,26.19718,99.43662,99.71831,99.71831,85.6338,89.29578,85.35211,99.71831,89.57746,99.43662,99.43662,25.6338,26.19718,99.43662,99.71831,99.71831,85.6338,89.29578,85.35211,99.71831,89.57746,99.43662,99.43662,25.6338,26.19718
99.71831,99.71831,99.71831,0,99.71831,0,99.71831,99.71831,99.71831,99.71831,99.71831,99.71831,99.71831,99.71831,25.91549,85.6338,99.71831,99.71831,85.6338,89.29578,85.35211,99.71831,89.57746,99.71831,63.09859,25.6338,26.19718,99.43662,99.71831,99.71831,85.6338,89.29578,85.35211,99.71831,89.57746,99.71831,63.09859,25.6338,26.19718,99.43662,99.71831,99.71831,85.6338,89.29578,85.35211,99.71831,89.57746,99.71831,63.09859,25.6338
99.71831,99.71831,99.71831,5.915493,99.71831,4.225352,99.71831,99.71831,99.71831,99.71831,99.71831,99.71831,99.71831,99.71831,0,85.6338,99.71831,99.71831,85.6338,89.29578,85.35211,99.71831,89.57746,99.71831,63.09859,25.6338,26.19718,99.43662,99.71831,99.71831,85.6338,89.29578,85.35211,99.71831,89.57746,99.71831,63.09859,25.6338,26.19718,99.43662,99.71831,99.71831,85.6338,89.29578,85.35211,99.71831,89.57746,99.71831,63.09859,25.6338
99.71831,99.71831,99.71831,0,99.71831,80.56338,99.71831,99.71831,99.71831,99.71831,99.71831,99.71831,99.71831,99.71831,99.43662,0.2816902,99.71831,99.71831,85.6338,89.29578,85.35211,99.71831,89.57746,99.71831,63.09859,25.6338,26.19718,99.43662,99.71831,99.71831,85.6338,89.29578,85.35211,99.71831,89.57746,99.71831,63.09859,25.6338,26.19718,99.43662,99.71831,99.71831,85.6338,89.29578,85.35211,99.71831,89.57746,99.71831,63.09859,25.6338
99.71831,99.71831,99.71831,85.35211,99.71831,0,99.71831,99.71831,99.71831,99.71831,99.71831,99.71831,99.71831,99.71831,25.35211,80.84507,99.71831,99.71831,85.6338,89.29578,85.35211,99.71831,89.57746,99.71831,63.09859,25.6338,26.19718,99.43662,99.71831,99.71831,85.6338,89.29578,85.35211,99.71831,89.57746,99.71831,63.09859,25.6338,26.19718,99.43662,99.71831,99.71831,85.6338,89.29578,85.35211,99.71831,89.57746,99.71831,63.09859,25.6338
99.71831,99.71831,99.71831,77.1831,99.71831,25.6338,99.71831,99.71831,99.71831,99.71831,99.71831,99.71831,99.71831,99.71831,85.91549,0,99.71831,99.71831,85.6338,89.29578,85.35211,99.71831,89.57746,99.71831,63.09859,25.6338,26.19718,99.43662,99.71831,99.71831,85.6338,89.29578,85.35211,99.71831,89.57746,99.71831,63.09859,25.6338,26.19718,99.43662,99.71831,99.71831,85.6338,89.29578,85.35211,99.71831,89.57746,99.71831,63.09859,25.6338
99.71831,99.71831,99.71831,0,99.71831,85.6338,99.71831,99.71831,99.71831,99.71831,99.71831,99.71831,99.71831,99.71831,3.661972,0,99.71831,99.71831,85.6338,89.29578,85.35211,99.71831,89.57746,99.71831,63.09859,25.6338,26.19718,99.43662,99.71831,99.71831,85.6338,89.29578,85.35211,99.71831,89.57746,99.71831,63.09859,25.6338,26.19718,99.43662,99.71831,99.71831,85.6338,89.29578,85.35211,99.71831,89.57746,99.71831,63.09859,25.6338
99.71831,99.71831,99.71831,0,99.71831,0,99.71831,99.71831,99.71831,99.71831,99.71831,99.71831,99.71831,99.71831,25.6338,90.42254,99.71831,99.71831,85.6338,89.29578,85.35211,99.71831,89.57746,99.71831,63.09859,25.6338,26.19718,99.43662,99.71831,99.71831,85.6338,89.29578,85.35211,99.71831,89.57746,99.71831,63.09859,25.6338,26.19718,99.43662,99.71831,99.71831,85.6338,89.29578,85.35211,99.71831,89.57746,99.71831,63.09859,25.6338
99.71831,99.71831,99.71831,0,99.71831,0,99.71831,99.71831,99.71831,99.71831,99.71831,99.71831,99.71831,99.71831,85.35211,99.43662,99.71831,99.71831,85.6338,89.29578,85.35211,99.71831,89.57746,99.71831,63.09859,25.6338,26.19718,99.43662,99.71831,99.71831,85.6338,89.29578,85.35211,99.71831,89.57746,99.71831,63.09859,25.6338,26.19718,99.43662,99.71831,99.71831,85.6338,89.29578,85.35211,99.71831,89.57746,99.71831,63.09859,25.6338
99.71831,99.71831,99.71831,0,99.71831,3.661972,99.71831,99.71831,99.71831,99.71831,99.71831,99.71831,99.71831,99.71831,0,0,99.71831,99.71831,85.6338,89.29578,85.35211,99.71831,89.57746,99.71831,63.09859,25.6338,26.19718,99.43662,99.71831,99.71831,85.6338,89.29578,85.35211,99.71831,89.57746,99.71831,63.09859,25.6338,26.19718,99.43662,99.71831,99.71831,85.6338,89.29578,85.35211,99.71831,89.57746,99.71831,63.09859,25.6338
99.71831,99.71831,99.71831,0,99.71831,0,99.71831,99.71831,99.71831,99.71831,99.71831,99.71831,99.71831,99.71831,25.6338,0,99.71831,99.71831,85.6338,89.29578,85.35211,99.71831,89.57746,99.71831,63.09859,25.6338,26.19718,99.43662,99.71831,99.71831,85.6338,89.29578,85.35211,99.71831,89.57746,99.71831,63.09859,25.6338,26.19718,99.43662,99.71831,99.71831,85.6338,89.29578,85.35211,99.71831,89.57746,99.71831,63.09859,25.6338
