0.3333333
1.04058
1.947826
3.031884
4
5.924638
10.29855
12.17971
11.32754
12.57391
16.66087
19.61449
21.37681
26.88985
31.07246
35.13334
38.7971
40.26087
41.36522
38.93044
40.48696
41.58261
46.16522
46.81449
47.10725
51.68696
49.57971
48.23188
47.54493
50.13623
50.76812
49.91594
45.68985
49.67536
45.94203
52.22609
50.35072
49.16522
51.48406
51.16232
51.91304
51.79131
48.90725
53.22609
51.50435
50.6116
54.51884
53.92754
55.25217
48.93333
53.18551
50.30435
50.92754
50.37681
51.81449
48.01739
45.93333
50.91884
52.93623
47.17391
48.32754
50.5942
53.25217
49.27246
51.64348
49.81739
51.5942
53.42899
50.32754
49.5942
48.92174
