3.454106
1.3673
4.143773
2.635542
2.464789
22.5
8.304548
70.30678
28.26305
26.43192
22.5
8.304548
70.30678
28.26305
26.43192
54.78261
35.92401
99.72527
35.54217
85.35211
54.79469
41.24928
99.70238
40.88855
85.32864
54.79469
41.24928
99.70238
40.88855
85.32864
54.80676
46.56016
99.70238
46.23494
85.35211
54.80676
46.56016
99.70238
46.23494
85.35211
56.66667
26.41048
99.70238
89.00603
87.74648
56.9686
24.38112
99.54212
99.69879
90.32864
99.85507
30.84341
99.45055
99.69879
99.55399
99.85507
30.84341
99.45055
99.69879
99.55399
99.85507
30.84341
99.45055
99.69879
99.55399
99.85507
43.37939
99.49634
99.69879
99.53052
