0.5043478
1.284058
1.231884
4.353623
9.052174
20.2058
27.73913
34.97391
52.47536
55.85507
70.15652
69.20869
69.1971
69.16811
69.68406
69.69276
69.67536
70.68986
63.24928
61.96232
62.33043
62.89855
62.82899
61.81739
63.72754
64.2058
63.35652
62.28116
62.84638
62.26377
63.24058
63.36232
62.86087
62.78841
63.75072
62.83478
61.81739
62.25507
61.78841
63.28116
63.73043
63.73913
64.28696
65.75362
69.31014
94.89275
92.45797
90.21739
90.80579
91.02319
90.21159
91.69566
92.31594
90.2
90.78841
90.8
89.74493
91.69276
92.16232
89.70435
90.21159
93.18841
84.84348
83.78261
81.33334
83.83479
83.35942
82.32464
85.24928
