0.3915663
0.9819277
2.054217
6.445783
6.433735
6.373494
6.53012
6.162651
6.228916
7.138554
7.692771
7.759036
7.76506
7.76506
7.759036
7.759036
7.76506
8.403614
7.361446
6.783133
6.903615
8.048193
11.08434
22.27711
22.38554
22.20482
22.20482
22.39759
22.75301
22.86145
23.88554
24.10843
25.30723
33.48193
34.78916
36.36747
52.5241
90.24097
95.71687
94.71687
89.41566
91.40964
88.13253
89.41566
88.13856
88.88554
90.04819
91.04217
90.06024
90.11446
88.95783
87.42771
89.41566
91.40964
88.00603
89.41566
92.6506
92.11446
89.96988
92.11446
89.96385
87.97591
93.40362
87.48193
90.15662
87.47591
88.06626
93.40362
90.89156
88.27109
89.99397
