0.3385147
0.4386874
1.454231
1.872193
2.373057
3.61658
5.671848
6.8981
12.76338
23.24698
22.27634
22.46287
22.55268
22.37996
23.02591
23.24698
23.22625
22.54231
22.90846
22.23143
22.71848
21.45423
21.72712
21.87219
21.30225
21.32297
22.36615
20.90846
21.30225
26.31779
38.82556
85.41278
95.85838
90.09326
97.7962
96.27979
94.76338
89.38169
87.77893
89.61658
89.29189
90.10708
87.29533
88.6114
90.2418
93.27807
83.54059
86.87737
85.31606
87.26425
84.94301
84.87737
84.71503
83.40242
85.44733
87.53713
84.8152
84.71503
86.80483
83.6684
85.20553
83.53368
83.20553
84.86701
87.43005
85.61658
82.98446
82.87737
84.96373
84.02073
89.19517
