0.373494
0.4156626
0.5240964
0.4277108
0.4277108
0.6566265
0.4759036
0.5
0.5421687
0.5240964
0.6204819
0.5
0.5060241
0.686747
0.8614458
1.861446
5.337349
18.01807
18.21687
18.10241
18.10241
18.56024
17
17.21084
18.70482
25.78313
24.93373
26.22289
26.18675
26.04819
27.13855
26.25301
26.60843
26.57229
26.69277
25.04217
26.01807
25.98795
25.40361
25.39157
25.40964
25.45783
26.09036
26.89759
28.83133
33.66265
36.18072
42.95181
43.45783
43.69277
43.48795
42.56627
42.94578
43.10843
43.1747
42.48795
43.87349
39.76506
40.72892
41.40361
40.83133
40.1506
40.23494
40.38554
40.16867
41.60241
40.36747
40.3012
39.96386
