22.17391,0,0,0,0,0.1449275,0.1449275,0,0,0.1449275,0.8695652,0,0,0,0,0,0,0,0.1449275,0,0.1449275,0,0.7246377,0.2898551,0,0,0,0,0,0,0,0,0,0,0,0,0,0,0,0.1449275,0,0,0.1449275,0,0,0,0,0,0,0.1449275
22.17391,0,0,0,24.78261,0,0,1.014493,0,0,0.8695652,0.1449275,0.1449275,0,0,0,3.333333,0.1449275,0.1449275,0,0.1449275,0.1449275,0.7246377,0.2898551,0,0,0,1.014493,0,0,0.1449275,0.1449275,3.333333,0.1449275,0,0.1449275,0,0,0,0.1449275,1.014493,0,0.1449275,0,0.1449275,0.1449275,3.333333,0.1449275,0,0.1449275
0.4347826,4.492754,0,1.304348,24.78261,0.1449275,0,0,0,0.1449275,0.1449275,0.1449275,0.1449275,0.1449275,3.333333,3.333333,3.333333,0.1449275,0.1449275,0,0.1449275,0.1449275,0.1449275,0.2898551,0,0,0,0.1449275,0.1449275,0.1449275,0.1449275,0.1449275,3.333333,0.1449275,0.1449275,0.1449275,3.333333,3.333333,0,0.1449275,0,0,0,0.1449275,0.1449275,0.1449275,3.333333,0.1449275,0.1449275,3.333333
1.304348,25.65217,0.1449275,0.1449275,24.78261,3.333333,3.333333,3.333333,3.333333,0,0,0,24.92754,0.1449275,3.333333,3.333333,3.333333,3.333333,0.1449275,3.333333,0.1449275,0.1449275,3.333333,3.333333,3.333333,3.333333,3.333333,0,0,0,24.92754,0.1449275,3.333333,3.333333,3.333333,3.333333,3.333333,3.333333,3.333333,3.333333,3.333333,3.333333,0,0,0,24.92754,3.333333,0.1449275,3.333333,3.333333
0.1449275,25.65217,25.07246,0.7246377,25.7971,3.333333,3.333333,3.333333,3.333333,3.333333,3.333333,3.333333,24.92754,3.333333,3.333333,3.333333,3.333333,3.333333,3.333333,3.333333,26.23188,0.1449275,3.333333,24.92754,24.92754,0,3.333333,3.333333,3.333333,3.333333,24.92754,3.333333,3.333333,3.333333,26.23188,0.1449275,24.92754,24.92754,0,3.333333,3.333333,3.333333,3.333333,3.333333,3.333333,24.92754,3.333333,26.23188,0.1449275,24.92754
55.07246,25.07246,0.1449275,0,24.92754,24.92754,24.92754,24.92754,24.92754,0,3.333333,26.23188,26.23188,26.23188,3.333333,3.333333,0.1449275,24.92754,24.92754,24.92754,26.23188,24.92754,24.92754,24.92754,24.92754,24.92754,0,3.333333,26.23188,26.23188,24.92754,26.23188,0.1449275,24.92754,26.23188,24.92754,24.92754,24.92754,24.92754,24.92754,24.92754,24.92754,0,3.333333,26.23188,24.92754,26.23188,26.23188,26.23188,24.92754
55.07246,0,21.5942,25.21739,21.5942,26.23188,26.23188,26.23188,26.23188,26.23188,26.23188,26.23188,26.23188,26.23188,26.23188,54.92754,25.21739,26.23188,26.23188,26.23188,26.23188,26.23188,26.23188,26.23188,26.23188,26.23188,26.23188,26.23188,26.23188,26.23188,54.92754,26.23188,25.21739,26.23188,26.23188,26.23188,26.23188,26.23188,26.23188,26.23188,26.23188,26.23188,26.23188,26.23188,26.23188,54.92754,26.23188,26.23188,25.21739,26.23188
55.07246,11.15942,25.21739,0,74.63768,26.23188,26.23188,26.23188,26.23188,26.23188,26.23188,26.23188,26.23188,26.23188,26.23188,54.92754,26.23188,26.23188,26.23188,26.23188,26.23188,54.92754,55.07246,54.92754,54.92754,26.23188,26.23188,26.23188,26.23188,26.23188,54.92754,26.23188,26.23188,26.23188,54.92754,55.07246,54.92754,54.92754,26.23188,26.23188,26.23188,26.23188,26.23188,26.23188,26.23188,54.92754,26.23188,54.92754,55.07246,54.92754
24.78261,0,25.07246,54.78261,74.63768,54.92754,54.92754,54.92754,54.92754,54.92754,54.92754,54.92754,25.7971,74.49275,55.07246,55.07246,55.07246,54.92754,54.92754,54.92754,54.92754,54.92754,55.07246,54.92754,54.92754,54.92754,25.7971,74.49275,55.07246,55.07246,54.92754,55.07246,54.92754,54.92754,54.92754,55.07246,54.92754,54.92754,54.92754,54.92754,54.92754,54.92754,54.92754,25.7971,74.49275,54.92754,55.07246,54.92754,55.07246,54.92754
25.36232,0.1449275,25.65217,24.92754,74.63768,55.07246,55.07246,55.07246,55.07246,55.07246,55.07246,55.07246,25.50725,74.49275,74.49275,74.49275,55.07246,74.49275,74.49275,55.07246,55.07246,55.07246,55.07246,55.07246,55.07246,55.07246,55.07246,74.49275,55.07246,55.07246,25.50725,55.07246,74.49275,74.49275,74.49275,55.07246,74.49275,55.07246,55.07246,55.07246,55.07246,55.07246,55.07246,55.07246,74.49275,25.50725,55.07246,74.49275,55.07246,74.49275
25.65217,0,0.1449275,54.78261,74.63768,74.49275,74.49275,74.49275,74.49275,74.49275,74.49275,74.49275,74.63768,74.49275,74.49275,74.49275,74.49275,74.49275,74.49275,74.49275,74.49275,74.49275,74.49275,74.49275,74.49275,74.49275,74.49275,74.49275,74.49275,74.49275,74.63768,74.49275,74.49275,74.49275,74.49275,74.49275,74.49275,74.49275,74.49275,74.49275,74.49275,74.49275,74.49275,74.49275,74.49275,74.49275,74.49275,74.63768,74.49275,74.49275
0.1449275,25.50725,4.782609,1.15942,74.63768,74.49275,74.49275,74.49275,74.49275,74.49275,74.49275,74.49275,74.63768,74.49275,74.49275,74.49275,74.49275,74.49275,74.49275,74.49275,74.49275,74.63768,74.63768,74.63768,74.63768,74.49275,74.49275,74.49275,74.49275,74.49275,74.63768,74.49275,74.49275,74.49275,74.63768,74.63768,74.63768,74.63768,74.49275,74.49275,74.49275,74.49275,74.49275,74.49275,74.49275,74.49275,74.63768,74.63768,74.63768,74.63768
0,25.50725,0,1.014493,74.63768,74.63768,74.63768,74.63768,74.63768,74.63768,74.63768,74.63768,74.63768,74.63768,74.63768,74.63768,74.63768,74.63768,74.63768,74.63768,74.63768,74.63768,74.63768,74.63768,74.63768,74.63768,74.63768,74.63768,74.63768,74.63768,74.63768,74.63768,74.63768,74.63768,74.63768,74.63768,74.63768,74.63768,74.63768,74.63768,74.63768,74.63768,74.63768,74.63768,74.63768,74.63768,74.63768,74.63768,74.63768,74.63768
0,0.1449275,24.78261,0.1449275,74.63768,74.63768,74.63768,74.63768,74.63768,74.63768,74.63768,74.63768,74.63768,74.63768,74.63768,74.63768,74.63768,74.63768,74.63768,74.63768,74.63768,74.63768,74.63768,74.63768,74.63768,74.63768,74.63768,74.63768,74.63768,74.63768,74.63768,74.63768,74.63768,74.63768,74.63768,74.63768,74.63768,74.63768,74.63768,74.63768,74.63768,74.63768,74.63768,74.63768,74.63768,74.63768,74.63768,74.63768,74.63768,74.63768
24.92754,25.94203,0,0,74.63768,74.63768,74.63768,74.63768,74.63768,74.63768,74.63768,74.63768,74.63768,74.63768,74.63768,74.63768,74.63768,74.63768,74.63768,74.63768,74.63768,74.63768,74.63768,74.63768,74.63768,74.63768,74.63768,74.63768,74.63768,74.63768,74.63768,74.63768,74.63768,74.63768,74.63768,74.63768,74.63768,74.63768,74.63768,74.63768,74.63768,74.63768,74.63768,74.63768,74.63768,74.63768,74.63768,74.63768,74.63768,74.63768
26.23188,0.1449275,24.92754,0,74.63768,74.63768,74.63768,74.63768,74.63768,74.63768,74.63768,74.63768,74.63768,74.63768,74.63768,74.63768,74.63768,74.63768,74.63768,74.63768,74.63768,74.63768,74.63768,74.63768,74.63768,74.63768,74.63768,74.63768,74.63768,74.63768,74.63768,74.63768,74.63768,74.63768,74.63768,74.63768,74.63768,74.63768,74.63768,74.63768,74.63768,74.63768,74.63768,74.63768,74.63768,74.63768,74.63768,74.63768,74.63768,74.63768
25.50725,0,0,24.92754,74.63768,74.63768,74.63768,74.63768,74.63768,74.63768,74.63768,74.63768,74.63768,74.63768,74.63768,74.63768,74.63768,74.63768,74.63768,74.63768,74.63768,74.63768,74.63768,74.63768,74.63768,74.63768,74.63768,74.63768,74.63768,74.63768,74.63768,74.63768,74.63768,74.63768,74.63768,74.63768,74.63768,74.63768,74.63768,74.63768,74.63768,74.63768,74.63768,74.63768,74.63768,74.63768,74.63768,74.63768,74.63768,74.63768
1.15942,0,0.1449275,99.85507,74.63768,74.63768,74.63768,74.63768,74.63768,74.63768,74.63768,74.63768,74.63768,74.63768,74.63768,74.63768,74.63768,74.63768,74.63768,74.63768,74.63768,74.63768,74.63768,74.63768,74.63768,74.63768,74.63768,74.63768,74.63768,74.63768,74.63768,74.63768,74.63768,74.63768,74.63768,74.63768,74.63768,74.63768,74.63768,74.63768,74.63768,74.63768,74.63768,74.63768,74.63768,74.63768,74.63768,74.63768,74.63768,74.63768
0,25.07246,25.21739,99.85507,74.63768,74.63768,74.63768,74.63768,74.63768,74.63768,74.63768,74.63768,74.63768,74.63768,74.63768,24.92754,74.63768,74.63768,74.63768,74.63768,74.63768,74.63768,74.63768,0.1449275,25.36232,74.63768,74.63768,74.63768,74.63768,74.63768,74.63768,74.63768,74.63768,74.63768,74.63768,0.1449275,25.36232,74.63768,74.63768,74.63768,74.63768,74.63768,74.63768,74.63768,74.63768,74.63768,74.63768,0.1449275,25.36232,74.63768
0,0.1449275,10.57971,99.85507,74.63768,74.63768,74.63768,74.63768,74.63768,74.63768,74.63768,74.63768,74.63768,74.63768,74.63768,0.1449275,74.63768,74.63768,74.63768,74.63768,74.63768,74.63768,74.63768,0.1449275,25.36232,74.63768,74.63768,74.63768,74.63768,74.63768,74.63768,74.63768,74.63768,74.63768,74.63768,0.1449275,25.36232,74.63768,74.63768,74.63768,74.63768,74.63768,74.63768,74.63768,74.63768,74.63768,74.63768,0.1449275,25.36232,74.63768
25.50725,0.1449275,0.1449275,99.85507,74.63768,74.63768,74.63768,74.63768,74.63768,74.63768,74.63768,74.63768,74.63768,74.63768,74.63768,3.478261,74.63768,74.63768,74.63768,74.63768,74.63768,74.63768,74.63768,0.1449275,25.36232,74.63768,74.63768,74.63768,74.63768,74.63768,74.63768,74.63768,74.63768,74.63768,74.63768,0.1449275,25.36232,74.63768,74.63768,74.63768,74.63768,74.63768,74.63768,74.63768,74.63768,74.63768,74.63768,0.1449275,25.36232,74.63768
2.463768,0,0.1449275,99.85507,74.63768,74.63768,74.63768,74.63768,74.63768,74.63768,74.63768,74.63768,74.63768,74.63768,74.63768,55.07246,74.63768,74.63768,74.63768,74.63768,74.63768,74.63768,74.63768,0.1449275,25.36232,74.63768,74.63768,74.63768,74.63768,74.63768,74.63768,74.63768,74.63768,74.63768,74.63768,0.1449275,25.36232,74.63768,74.63768,74.63768,74.63768,74.63768,74.63768,74.63768,74.63768,74.63768,74.63768,0.1449275,25.36232,74.63768
0,3.478261,25.36232,99.85507,74.63768,74.63768,74.63768,74.63768,74.63768,74.63768,74.63768,74.63768,74.63768,74.63768,74.63768,25.36232,74.63768,74.63768,74.63768,74.63768,74.63768,74.63768,74.63768,0.1449275,25.36232,74.63768,74.63768,74.63768,74.63768,74.63768,74.63768,74.63768,74.63768,74.63768,74.63768,0.1449275,25.36232,74.63768,74.63768,74.63768,74.63768,74.63768,74.63768,74.63768,74.63768,74.63768,74.63768,0.1449275,25.36232,74.63768
0,0.1449275,0.1449275,99.85507,74.63768,74.63768,74.63768,74.63768,74.63768,74.63768,74.63768,74.63768,74.63768,74.63768,74.63768,3.333333,74.63768,74.63768,74.63768,74.63768,74.63768,74.63768,74.63768,0.1449275,25.36232,74.63768,74.63768,74.63768,74.63768,74.63768,74.63768,74.63768,74.63768,74.63768,74.63768,0.1449275,25.36232,74.63768,74.63768,74.63768,74.63768,74.63768,74.63768,74.63768,74.63768,74.63768,74.63768,0.1449275,25.36232,74.63768
0,0,74.05797,99.85507,74.63768,74.63768,74.63768,74.63768,74.63768,74.63768,74.63768,74.63768,74.63768,74.63768,74.63768,25.07246,74.63768,74.63768,74.63768,74.63768,74.63768,74.63768,74.63768,0.1449275,25.36232,74.63768,74.63768,74.63768,74.63768,74.63768,74.63768,74.63768,74.63768,74.63768,74.63768,0.1449275,25.36232,74.63768,74.63768,74.63768,74.63768,74.63768,74.63768,74.63768,74.63768,74.63768,74.63768,0.1449275,25.36232,74.63768
48.69565,0,74.34782,99.85507,74.63768,74.63768,74.63768,74.63768,74.63768,74.63768,74.63768,74.63768,74.63768,74.63768,74.63768,0,74.63768,74.63768,74.63768,74.63768,74.63768,74.63768,74.63768,0.1449275,25.36232,74.63768,74.63768,74.63768,74.63768,74.63768,74.63768,74.63768,74.63768,74.63768,74.63768,0.1449275,25.36232,74.63768,74.63768,74.63768,74.63768,74.63768,74.63768,74.63768,74.63768,74.63768,74.63768,0.1449275,25.36232,74.63768
55.21739,0,25.36232,99.85507,74.63768,74.63768,74.63768,74.63768,74.63768,74.63768,74.63768,74.63768,74.63768,74.63768,74.63768,0,74.63768,74.63768,74.63768,74.63768,74.63768,74.63768,74.63768,0.1449275,25.36232,74.63768,74.63768,74.63768,74.63768,74.63768,74.63768,74.63768,74.63768,74.63768,74.63768,0.1449275,25.36232,74.63768,74.63768,74.63768,74.63768,74.63768,74.63768,74.63768,74.63768,74.63768,74.63768,0.1449275,25.36232,74.63768
25.65217,0.1449275,1.014493,99.85507,74.63768,74.63768,74.63768,74.63768,74.63768,74.63768,74.63768,74.63768,74.63768,74.63768,74.63768,0,74.63768,74.63768,74.63768,74.63768,74.63768,74.63768,74.63768,0.1449275,25.36232,74.63768,74.63768,74.63768,74.63768,74.63768,74.63768,74.63768,74.63768,74.63768,74.63768,0.1449275,25.36232,74.63768,74.63768,74.63768,74.63768,74.63768,74.63768,74.63768,74.63768,74.63768,74.63768,0.1449275,25.36232,74.63768
0,0,0.1449275,99.85507,74.63768,74.63768,74.63768,74.63768,74.63768,74.63768,74.63768,74.63768,74.63768,74.63768,74.63768,54.92754,74.63768,74.63768,74.63768,74.63768,74.63768,74.63768,74.63768,0.1449275,25.36232,74.63768,74.63768,74.63768,74.63768,74.63768,74.63768,74.63768,74.63768,74.63768,74.63768,0.1449275,25.36232,74.63768,74.63768,74.63768,74.63768,74.63768,74.63768,74.63768,74.63768,74.63768,74.63768,0.1449275,25.36232,74.63768
0,0,25.7971,99.85507,74.63768,74.63768,74.63768,74.63768,74.63768,74.63768,74.63768,74.63768,74.63768,74.63768,74.63768,0.1449275,74.63768,74.63768,74.63768,74.63768,74.63768,74.63768,74.63768,0.1449275,25.36232,74.63768,74.63768,74.63768,74.63768,74.63768,74.63768,74.63768,74.63768,74.63768,74.63768,0.1449275,25.36232,74.63768,74.63768,74.63768,74.63768,74.63768,74.63768,74.63768,74.63768,74.63768,74.63768,0.1449275,25.36232,74.63768
74.63768,0.1449275,0,99.85507,74.63768,74.63768,74.63768,74.63768,74.63768,74.63768,74.63768,74.63768,74.63768,74.63768,74.63768,0,74.63768,74.63768,74.63768,74.63768,74.63768,74.63768,74.63768,0.1449275,25.36232,74.63768,74.63768,74.63768,74.63768,74.63768,74.63768,74.63768,74.63768,74.63768,74.63768,0.1449275,25.36232,74.63768,74.63768,74.63768,74.63768,74.63768,74.63768,74.63768,74.63768,74.63768,74.63768,0.1449275,25.36232,74.63768
0,25.65217,55.21739,99.85507,74.63768,74.63768,74.63768,74.63768,74.63768,74.63768,74.63768,74.63768,74.63768,74.63768,74.63768,0,74.63768,74.63768,74.63768,74.63768,74.63768,74.63768,74.63768,0.1449275,25.36232,74.63768,74.63768,74.63768,74.63768,74.63768,74.63768,74.63768,74.63768,74.63768,74.63768,0.1449275,25.36232,74.63768,74.63768,74.63768,74.63768,74.63768,74.63768,74.63768,74.63768,74.63768,74.63768,0.1449275,25.36232,74.63768
26.23188,0.1449275,3.478261,99.85507,74.63768,74.63768,74.63768,74.63768,74.63768,74.63768,74.63768,74.63768,74.63768,74.63768,74.63768,25.94203,74.63768,74.63768,74.63768,74.63768,74.63768,74.63768,74.63768,0.1449275,25.36232,74.63768,74.63768,74.63768,74.63768,74.63768,74.63768,74.63768,74.63768,74.63768,74.63768,0.1449275,25.36232,74.63768,74.63768,74.63768,74.63768,74.63768,74.63768,74.63768,74.63768,74.63768,74.63768,0.1449275,25.36232,74.63768
1.15942,24.92754,26.08696,99.85507,74.63768,74.63768,74.63768,74.63768,74.63768,74.63768,74.63768,74.63768,74.63768,74.63768,74.63768,0,74.63768,74.63768,74.63768,74.63768,74.63768,74.63768,74.63768,0.1449275,25.36232,74.63768,74.63768,74.63768,74.63768,74.63768,74.63768,74.63768,74.63768,74.63768,74.63768,0.1449275,25.36232,74.63768,74.63768,74.63768,74.63768,74.63768,74.63768,74.63768,74.63768,74.63768,74.63768,0.1449275,25.36232,74.63768
49.13044,25.36232,0.1449275,99.85507,74.63768,74.63768,74.63768,74.63768,74.63768,74.63768,74.63768,74.63768,74.63768,74.63768,74.63768,25.65217,74.63768,74.63768,74.63768,74.63768,74.63768,74.63768,74.63768,0.1449275,25.36232,74.63768,74.63768,74.63768,74.63768,74.63768,74.63768,74.63768,74.63768,74.63768,74.63768,0.1449275,25.36232,74.63768,74.63768,74.63768,74.63768,74.63768,74.63768,74.63768,74.63768,74.63768,74.63768,0.1449275,25.36232,74.63768
3.478261,0.1449275,25.21739,99.85507,74.63768,74.63768,74.63768,74.63768,74.63768,74.63768,74.63768,74.63768,74.63768,74.63768,74.63768,25.65217,74.63768,74.63768,74.63768,74.63768,74.63768,74.63768,74.63768,0.1449275,25.36232,74.63768,74.63768,74.63768,74.63768,74.63768,74.63768,74.63768,74.63768,74.63768,74.63768,0.1449275,25.36232,74.63768,74.63768,74.63768,74.63768,74.63768,74.63768,74.63768,74.63768,74.63768,74.63768,0.1449275,25.36232,74.63768
0,0,0.1449275,99.85507,74.63768,74.63768,74.63768,74.63768,74.63768,74.63768,74.63768,74.63768,74.63768,74.63768,74.63768,3.478261,74.63768,74.63768,74.63768,74.63768,74.63768,74.63768,74.63768,0.1449275,25.36232,74.63768,74.63768,74.63768,74.63768,74.63768,74.63768,74.63768,74.63768,74.63768,74.63768,0.1449275,25.36232,74.63768,74.63768,74.63768,74.63768,74.63768,74.63768,74.63768,74.63768,74.63768,74.63768,0.1449275,25.36232,74.63768
0.1449275,0.1449275,25.21739,99.85507,74.63768,74.63768,74.63768,74.63768,74.63768,74.63768,74.63768,74.63768,74.63768,74.63768,74.63768,0,74.63768,74.63768,74.63768,74.63768,74.63768,74.63768,74.63768,0.1449275,25.36232,74.63768,74.63768,74.63768,74.63768,74.63768,74.63768,74.63768,74.63768,74.63768,74.63768,0.1449275,25.36232,74.63768,74.63768,74.63768,74.63768,74.63768,74.63768,74.63768,74.63768,74.63768,74.63768,0.1449275,25.36232,74.63768
1.014493,0.1449275,1.014493,99.85507,74.63768,74.63768,74.63768,74.63768,74.63768,74.63768,74.63768,74.63768,74.63768,74.63768,74.63768,0,74.63768,74.63768,74.63768,74.63768,74.63768,74.63768,74.63768,0.1449275,25.36232,74.63768,74.63768,74.63768,74.63768,74.63768,74.63768,74.63768,74.63768,74.63768,74.63768,0.1449275,25.36232,74.63768,74.63768,74.63768,74.63768,74.63768,74.63768,74.63768,74.63768,74.63768,74.63768,0.1449275,25.36232,74.63768
25.65217,25.7971,25.21739,99.85507,74.63768,74.63768,74.63768,74.63768,74.63768,74.63768,74.63768,74.63768,74.63768,74.63768,74.63768,0.1449275,74.63768,74.63768,74.63768,74.63768,74.63768,74.63768,74.63768,0.1449275,25.36232,74.63768,74.63768,74.63768,74.63768,74.63768,74.63768,74.63768,74.63768,74.63768,74.63768,0.1449275,25.36232,74.63768,74.63768,74.63768,74.63768,74.63768,74.63768,74.63768,74.63768,74.63768,74.63768,0.1449275,25.36232,74.63768
25.36232,23.91304,25.07246,99.85507,74.63768,74.63768,74.63768,74.63768,74.63768,74.63768,74.63768,74.63768,74.63768,74.63768,74.63768,24.92754,74.63768,74.63768,74.63768,74.63768,74.63768,74.63768,74.63768,0.1449275,25.36232,74.63768,74.63768,74.63768,74.63768,74.63768,74.63768,74.63768,74.63768,74.63768,74.63768,0.1449275,25.36232,74.63768,74.63768,74.63768,74.63768,74.63768,74.63768,74.63768,74.63768,74.63768,74.63768,0.1449275,25.36232,74.63768
48.98551,24.78261,25.94203,99.85507,74.63768,74.63768,74.63768,74.63768,74.63768,74.63768,74.63768,74.63768,74.63768,74.63768,74.63768,0,74.63768,74.63768,74.63768,74.63768,74.63768,74.63768,74.63768,0.1449275,25.36232,74.63768,74.63768,74.63768,74.63768,74.63768,74.63768,74.63768,74.63768,74.63768,74.63768,0.1449275,25.36232,74.63768,74.63768,74.63768,74.63768,74.63768,74.63768,74.63768,74.63768,74.63768,74.63768,0.1449275,25.36232,74.63768
99.85507,0.1449275,1.014493,99.85507,74.63768,74.63768,74.63768,74.63768,74.63768,74.63768,74.63768,74.63768,74.63768,74.63768,74.63768,26.08696,74.63768,74.63768,74.63768,74.63768,74.63768,74.63768,74.63768,0.1449275,25.36232,74.63768,74.63768,74.63768,74.63768,74.63768,74.63768,74.63768,74.63768,74.63768,74.63768,0.1449275,25.36232,74.63768,74.63768,74.63768,74.63768,74.63768,74.63768,74.63768,74.63768,74.63768,74.63768,0.1449275,25.36232,74.63768
99.85507,0.1449275,74.2029,99.85507,74.63768,74.63768,74.63768,74.63768,74.63768,74.63768,74.63768,74.63768,74.63768,74.63768,0,25.21739,74.63768,74.63768,74.63768,74.63768,74.63768,74.63768,74.63768,0.1449275,99.85507,25.36232,74.63768,74.63768,74.63768,74.63768,74.63768,74.63768,74.63768,74.63768,74.63768,0.1449275,99.85507,25.36232,74.63768,74.63768,74.63768,74.63768,74.63768,74.63768,74.63768,74.63768,74.63768,0.1449275,99.85507,25.36232
99.85507,0,25.21739,99.85507,0,0,25.36232,74.63768,74.63768,74.63768,74.63768,74.63768,74.63768,74.63768,74.63768,74.63768,74.63768,74.63768,74.63768,74.63768,0.1449275,99.85507,99.85507,99.85507,99.85507,99.85507,25.36232,74.63768,74.63768,74.63768,74.63768,74.63768,74.63768,0.1449275,99.85507,99.85507,99.85507,99.85507,99.85507,25.36232,74.63768,74.63768,74.63768,74.63768,74.63768,74.63768,0.1449275,99.85507,99.85507,99.85507
99.85507,0,99.85507,99.85507,25.65217,25.7971,99.85507,99.85507,99.85507,99.85507,99.85507,99.85507,99.85507,99.85507,99.85507,99.85507,99.85507,99.85507,99.85507,99.85507,99.85507,99.85507,99.85507,99.85507,99.85507,99.85507,99.85507,99.85507,99.85507,99.85507,99.85507,99.85507,99.85507,99.85507,99.85507,99.85507,99.85507,99.85507,99.85507,99.85507,99.85507,99.85507,99.85507,99.85507,99.85507,99.85507,99.85507,99.85507,99.85507,99.85507
99.85507,0,99.85507,99.85507,0.1449275,0,99.85507,99.85507,99.85507,99.85507,99.85507,99.85507,99.85507,99.85507,99.85507,74.05797,99.85507,99.85507,99.85507,99.85507,99.85507,99.85507,99.85507,99.85507,99.85507,99.85507,99.85507,99.85507,99.85507,99.85507,99.85507,99.85507,99.85507,99.85507,99.85507,99.85507,99.85507,99.85507,99.85507,99.85507,99.85507,99.85507,99.85507,99.85507,99.85507,99.85507,99.85507,99.85507,99.85507,55.21739
99.85507,0.1449275,99.85507,99.85507,0.1449275,25.94203,99.85507,99.85507,99.85507,99.85507,99.85507,99.85507,99.85507,99.85507,99.85507,25.21739,99.85507,99.85507,99.85507,99.85507,99.85507,99.85507,99.85507,99.85507,99.85507,55.21739,99.85507,99.85507,99.85507,99.85507,99.85507,99.85507,99.85507,99.85507,99.85507,99.85507,99.85507,55.21739,99.85507,99.85507,99.85507,99.85507,99.85507,99.85507,99.85507,99.85507,99.85507,99.85507,99.85507,55.21739
99.85507,25.36232,99.85507,99.85507,0,0.2898551,99.85507,99.85507,99.85507,99.85507,99.85507,99.85507,99.85507,99.85507,99.85507,55.21739,99.85507,99.85507,99.85507,99.85507,99.85507,99.85507,99.85507,99.85507,99.85507,55.21739,99.85507,99.85507,99.85507,99.85507,99.85507,99.85507,99.85507,99.85507,99.85507,99.85507,99.85507,55.21739,99.85507,99.85507,99.85507,99.85507,99.85507,99.85507,99.85507,99.85507,99.85507,99.85507,99.85507,55.21739
99.85507,0.1449275,99.85507,99.85507,25.65217,55.21739,99.85507,99.85507,99.85507,99.85507,99.85507,99.85507,99.85507,99.85507,99.85507,10.72464,99.85507,99.85507,99.85507,99.85507,99.85507,99.85507,99.85507,99.85507,99.85507,55.21739,99.85507,99.85507,99.85507,99.85507,99.85507,99.85507,99.85507,99.85507,99.85507,99.85507,99.85507,55.21739,99.85507,99.85507,99.85507,99.85507,99.85507,99.85507,99.85507,99.85507,99.85507,99.85507,99.85507,55.21739
99.85507,0.1449275,99.85507,99.85507,25.7971,0.1449275,99.85507,99.85507,99.85507,99.85507,99.85507,99.85507,99.85507,99.85507,99.85507,25.07246,99.85507,99.85507,99.85507,99.85507,99.85507,99.85507,99.85507,99.85507,99.85507,55.21739,99.85507,99.85507,99.85507,99.85507,99.85507,99.85507,99.85507,99.85507,99.85507,99.85507,99.85507,55.21739,99.85507,99.85507,99.85507,99.85507,99.85507,99.85507,99.85507,99.85507,99.85507,99.85507,99.85507,55.21739
99.85507,0,99.85507,99.85507,25.21739,25.7971,99.85507,99.85507,99.85507,99.85507,99.85507,99.85507,99.85507,99.85507,99.85507,74.34782,99.85507,99.85507,99.85507,99.85507,99.85507,99.85507,99.85507,99.85507,99.85507,55.21739,99.85507,99.85507,99.85507,99.85507,99.85507,99.85507,99.85507,99.85507,99.85507,99.85507,99.85507,55.21739,99.85507,99.85507,99.85507,99.85507,99.85507,99.85507,99.85507,99.85507,99.85507,99.85507,99.85507,55.21739
99.85507,1.014493,99.85507,99.85507,74.2029,55.36232,99.85507,99.85507,99.85507,99.85507,99.85507,99.85507,99.85507,99.85507,99.85507,25.7971,99.85507,99.85507,99.85507,99.85507,99.85507,99.85507,99.85507,99.85507,99.85507,55.21739,99.85507,99.85507,99.85507,99.85507,99.85507,99.85507,99.85507,99.85507,99.85507,99.85507,99.85507,55.21739,99.85507,99.85507,99.85507,99.85507,99.85507,99.85507,99.85507,99.85507,99.85507,99.85507,99.85507,55.21739
99.85507,24.92754,99.85507,99.85507,0,0,99.85507,99.85507,99.85507,99.85507,99.85507,99.85507,99.85507,99.85507,99.85507,25.65217,99.85507,99.85507,99.85507,99.85507,99.85507,99.85507,99.85507,99.85507,99.85507,55.21739,99.85507,99.85507,99.85507,99.85507,99.85507,99.85507,99.85507,99.85507,99.85507,99.85507,99.85507,55.21739,99.85507,99.85507,99.85507,99.85507,99.85507,99.85507,99.85507,99.85507,99.85507,99.85507,99.85507,55.21739
99.85507,25.07246,99.85507,99.85507,0.1449275,54.78261,99.85507,99.85507,99.85507,99.85507,99.85507,99.85507,99.85507,99.85507,99.85507,0,99.85507,99.85507,99.85507,99.85507,99.85507,99.85507,99.85507,99.85507,99.85507,55.21739,99.85507,99.85507,99.85507,99.85507,99.85507,99.85507,99.85507,99.85507,99.85507,99.85507,99.85507,55.21739,99.85507,99.85507,99.85507,99.85507,99.85507,99.85507,99.85507,99.85507,99.85507,99.85507,99.85507,55.21739
99.85507,25.21739,99.85507,99.85507,0,55.21739,99.85507,99.85507,99.85507,99.85507,99.85507,99.85507,99.85507,99.85507,99.85507,0.1449275,99.85507,99.85507,99.85507,99.85507,99.85507,99.85507,99.85507,99.85507,99.85507,55.21739,99.85507,99.85507,99.85507,99.85507,99.85507,99.85507,99.85507,99.85507,99.85507,99.85507,99.85507,55.21739,99.85507,99.85507,99.85507,99.85507,99.85507,99.85507,99.85507,99.85507,99.85507,99.85507,99.85507,55.21739
99.85507,0,99.85507,99.85507,25.65217,1.014493,99.85507,99.85507,99.85507,99.85507,99.85507,99.85507,99.85507,99.85507,99.85507,1.15942,99.85507,99.85507,99.85507,99.85507,99.85507,99.85507,99.85507,99.85507,99.85507,55.21739,99.85507,99.85507,99.85507,99.85507,99.85507,99.85507,99.85507,99.85507,99.85507,99.85507,99.85507,55.21739,99.85507,99.85507,99.85507,99.85507,99.85507,99.85507,99.85507,99.85507,99.85507,99.85507,99.85507,55.21739
99.85507,0,99.85507,99.85507,0,99.85507,99.85507,99.85507,99.85507,99.85507,99.85507,99.85507,99.85507,99.85507,99.85507,25.36232,99.85507,99.85507,99.85507,99.85507,99.85507,99.85507,99.85507,99.85507,99.85507,55.21739,99.85507,99.85507,99.85507,99.85507,99.85507,99.85507,99.85507,99.85507,99.85507,99.85507,99.85507,55.21739,99.85507,99.85507,99.85507,99.85507,99.85507,99.85507,99.85507,99.85507,99.85507,99.85507,99.85507,55.21739
99.85507,48.98551,99.85507,99.85507,48.69565,99.85507,99.85507,99.85507,99.85507,99.85507,99.85507,99.85507,99.85507,99.85507,2.463768,48.55072,99.85507,99.85507,99.85507,99.85507,99.85507,99.85507,99.85507,99.85507,99.85507,55.21739,99.85507,99.85507,99.85507,99.85507,99.85507,99.85507,99.85507,99.85507,99.85507,99.85507,99.85507,55.21739,99.85507,99.85507,99.85507,99.85507,99.85507,99.85507,99.85507,99.85507,99.85507,99.85507,99.85507,55.21739
99.85507,0.1449275,99.85507,99.85507,0,99.85507,99.85507,99.85507,99.85507,99.85507,99.85507,99.85507,99.85507,99.85507,25.50725,0.1449275,99.85507,99.85507,99.85507,99.85507,99.85507,99.85507,99.85507,99.85507,99.85507,55.21739,99.85507,99.85507,99.85507,99.85507,99.85507,99.85507,99.85507,99.85507,99.85507,99.85507,99.85507,55.21739,99.85507,99.85507,99.85507,99.85507,99.85507,99.85507,99.85507,99.85507,99.85507,99.85507,99.85507,55.21739
99.85507,25.36232,99.85507,99.85507,0.1449275,99.85507,99.85507,99.85507,99.85507,99.85507,99.85507,99.85507,99.85507,99.85507,0,25.65217,99.85507,99.85507,99.85507,99.85507,99.85507,99.85507,99.85507,99.85507,99.85507,55.21739,99.85507,99.85507,99.85507,99.85507,99.85507,99.85507,99.85507,99.85507,99.85507,99.85507,99.85507,55.21739,99.85507,99.85507,99.85507,99.85507,99.85507,99.85507,99.85507,99.85507,99.85507,99.85507,99.85507,55.21739
99.85507,25.7971,99.85507,99.85507,99.85507,99.85507,99.85507,99.85507,99.85507,99.85507,99.85507,99.85507,99.85507,99.85507,74.2029,0.1449275,99.85507,99.85507,99.85507,99.85507,99.85507,99.85507,99.85507,99.85507,99.85507,55.21739,99.85507,99.85507,99.85507,99.85507,99.85507,99.85507,99.85507,99.85507,99.85507,99.85507,99.85507,55.21739,99.85507,99.85507,99.85507,99.85507,99.85507,99.85507,99.85507,99.85507,99.85507,99.85507,99.85507,55.21739
99.85507,0,99.85507,99.85507,99.85507,99.85507,99.85507,99.85507,99.85507,99.85507,99.85507,99.85507,99.85507,25.07246,99.85507,54.92754,99.85507,99.85507,99.85507,99.85507,99.85507,99.85507,99.85507,99.85507,99.85507,55.21739,1.15942,0,99.85507,99.85507,99.85507,99.85507,99.85507,99.85507,99.85507,99.85507,99.85507,55.21739,1.15942,0,99.85507,99.85507,99.85507,99.85507,99.85507,99.85507,99.85507,99.85507,99.85507,55.21739
99.85507,0,99.85507,99.85507,99.85507,99.85507,99.85507,99.85507,99.85507,99.85507,99.85507,99.85507,99.85507,25.65217,1.304348,99.85507,99.85507,99.85507,99.85507,99.85507,99.85507,99.85507,99.85507,99.85507,99.85507,55.21739,1.15942,0,99.85507,99.85507,99.85507,99.85507,99.85507,99.85507,99.85507,99.85507,99.85507,55.21739,1.15942,0,99.85507,99.85507,99.85507,99.85507,99.85507,99.85507,99.85507,99.85507,99.85507,55.21739
99.85507,3.478261,99.85507,99.85507,99.85507,99.85507,99.85507,99.85507,99.85507,99.85507,99.85507,99.85507,99.85507,0,0.8695652,0,99.85507,99.85507,99.85507,99.85507,99.85507,99.85507,99.85507,99.85507,99.85507,55.21739,1.15942,0,99.85507,99.85507,99.85507,99.85507,99.85507,99.85507,99.85507,99.85507,99.85507,55.21739,1.15942,0,99.85507,99.85507,99.85507,99.85507,99.85507,99.85507,99.85507,99.85507,99.85507,55.21739
99.85507,0,99.85507,99.85507,99.85507,99.85507,99.85507,99.85507,99.85507,99.85507,99.85507,99.85507,99.85507,55.07246,0,74.34782,99.85507,99.85507,99.85507,99.85507,99.85507,99.85507,99.85507,99.85507,99.85507,55.21739,1.15942,0,99.85507,99.85507,99.85507,99.85507,99.85507,99.85507,99.85507,99.85507,99.85507,55.21739,1.15942,0,99.85507,99.85507,99.85507,99.85507,99.85507,99.85507,99.85507,99.85507,99.85507,55.21739
99.85507,24.92754,99.85507,99.85507,99.85507,99.85507,99.85507,99.85507,99.85507,99.85507,99.85507,99.85507,99.85507,0,25.21739,55.50725,99.85507,99.85507,99.85507,99.85507,99.85507,99.85507,99.85507,99.85507,99.85507,55.21739,1.15942,0,99.85507,99.85507,99.85507,99.85507,99.85507,99.85507,99.85507,99.85507,99.85507,55.21739,1.15942,0,99.85507,99.85507,99.85507,99.85507,99.85507,99.85507,99.85507,99.85507,99.85507,55.21739
99.85507,25.65217,99.85507,99.85507,99.85507,99.85507,99.85507,99.85507,99.85507,99.85507,99.85507,99.85507,99.85507,2.463768,25.7971,0,99.85507,99.85507,99.85507,99.85507,99.85507,99.85507,99.85507,99.85507,99.85507,55.21739,1.15942,0,99.85507,99.85507,99.85507,99.85507,99.85507,99.85507,99.85507,99.85507,99.85507,55.21739,1.15942,0,99.85507,99.85507,99.85507,99.85507,99.85507,99.85507,99.85507,99.85507,99.85507,55.21739
99.85507,25.7971,99.85507,99.85507,99.85507,99.85507,99.85507,99.85507,99.85507,99.85507,99.85507,99.85507,99.85507,25.50725,74.34782,74.49275,99.85507,99.85507,99.85507,99.85507,99.85507,99.85507,99.85507,99.85507,99.85507,55.21739,1.15942,0,99.85507,99.85507,99.85507,99.85507,99.85507,99.85507,99.85507,99.85507,99.85507,55.21739,1.15942,0,99.85507,99.85507,99.85507,99.85507,99.85507,99.85507,99.85507,99.85507,99.85507,55.21739
