1.591304
1.657971
7.776812
21.48985
68.89275
92.37681
92.35072
91.89565
93.42029
93.03188
94.87826
89.96232
91.96232
85.31014
82.21739
83.75362
83.21449
84.15942
80.74493
84.63188
81.17971
81.21739
80.79131
83.25797
79.66087
81.65797
81.2
82.11594
79.6116
82.15363
81.62029
79.63188
85.5942
82.5942
81.12464
81.67246
83.62029
80.70145
85.5913
81.23189
81.72464
83.81449
82.02898
83.15073
80.18551
83.02608
81.66956
81.6029
80.08696
83.08985
80.69855
82.10435
83.81159
83.11304
79.65508
82.71594
82.15363
80.15363
80.07826
81.08116
81.62319
81.6
82.55652
81.5942
83.83768
80.72464
82.57391
80.13623
83.58841
81.10725
79.6058
