1.891566
1.915663
3.939759
3.927711
8.518072
22.23494
46.18072
64.8735
79.90964
82.04217
80.08434
70.87952
69.95181
70.64458
70.33132
69.19879
71.43976
70.88554
68.83735
65.16265
68.13253
64.14458
68.1265
69.04217
68.77711
64.78915
66.63856
62.87349
62.14458
65.71085
65.74097
66.08434
64.79518
62.09639
63.3012
65.06626
63.20482
62.09639
64.09036
66.30723
62.76506
66.08434
66.08434
66.08434
62.65663
63.71084
66.08434
63.07229
64.78915
64.80723
62.6506
66.09036
66.23494
65.01205
68.07832
65.11446
62.8012
62.80723
63.10843
63.04819
62.09639
65.16265
65.69879
64.68073
62.95181
62.10241
64.09036
65.11446
64.78915
