0.2521589
0.2521589
0.26943
0.2970639
0.3765112
0.6044905
1.1019
2.708117
2.725389
2.708117
2.708117
2.74266
2.74266
2.704663
2.711572
2.704663
2.715026
2.711572
2.704663
2.708117
2.711572
2.708117
2.711572
2.704663
2.715026
2.704663
2.711572
2.732297
2.704663
2.711572
2.708117
2.708117
2.704663
2.711572
2.704663
2.708117
2.708117
2.708117
2.753022
2.787565
2.404145
2.407599
2.411054
2.407599
2.404145
2.531952
2.400691
2.493955
2.531952
2.576857
3.050086
3.139896
3.28152
3.291883
3.775475
4.946459
8.732297
22.01036
22.35924
22.72884
24.7323
29.1848
47.21244
86.31434
90.66322
82.67703
84.70467
92.34197
92.35579
