0.26943
6.753663
1.405622
1.314554
0.4347826
2.708117
9.615385
12.6506
11.83099
1.15942
2.74266
9.615385
12.6506
11.83099
1.15942
2.711572
9.615385
12.6506
11.83099
1.15942
2.711572
9.615385
12.6506
11.83099
1.15942
2.732297
9.615385
12.6506
11.83099
1.15942
2.704663
9.615385
12.6506
11.83099
1.15942
2.708117
9.615385
12.6506
11.83099
1.15942
2.411054
9.913004
11.62149
10.86854
1.666667
2.493955
12.84341
11.49598
10.75117
1.304348
3.28152
19.1163
28.66466
26.17371
7.512077
22.01036
99.6337
99.69879
99.53052
50.09662
47.21244
99.72527
99.69879
89.53052
96.18358
92.34197
99.72527
99.69879
85.39906
55.7971
