0.373057
0.701209
1.1019
1.696028
2.746114
3.043178
4.573402
9.924006
23.07427
22.72539
22.5285
23.73402
23.48532
22.82211
23.01209
25.53022
25.42314
32.21762
53.48877
91.17444
89.8791
84.93264
83.97927
84.26252
83.11572
83.94473
84.076
82.95683
84.06563
84.8981
85.73748
86.27634
86.13471
85.74094
85.3506
85.07772
85.37479
84.91882
85.65458
84.92574
85.48878
85.57858
85.24698
86.60795
77.76857
78.06908
76.68394
76.49741
75.37823
76.68739
74.2038
75.16408
75.54404
75.81002
75.16408
74.29361
75.34715
78.18998
76.10017
75.36787
76.13471
79.08118
74.82211
76.981
76.89465
76.6563
74.67012
77.16062
74.90156
