0.01204819
0.9156626
3.295181
8.668674
9.13253
9.253012
11.3012
16.85542
32.25301
34.01807
33.61446
41.85542
47.98193
52.96386
81.80121
88.64458
79.86144
79.86144
83.79518
82.92771
78.63856
80.01205
88.63253
81.95783
85.52409
85.93976
87.93374
83.95181
82.8735
83.94579
84.6506
83.94579
82.65662
82.09036
82.64458
81.95181
85.93976
84.64458
82.92771
82.77711
83.94579
84.02409
82.09036
85.56626
84.00603
83.94579
83.59638
85.99397
83.92168
84.96385
83.10844
85.21085
84.66265
83.95181
84.85542
83.77711
82.02409
83.95181
83.95181
82.66265
82.00603
84.79518
84.00603
85.08434
82.03012
83.37952
87.93374
82.72891
82.71687
85.50603
84.86144
