0.287324
0.2309859
2.135211
3.087324
10.4338
25.13803
25.13803
25.13803
26.16338
23.01408
23.54366
23.05915
23.5831
23.16056
23.01972
23.01408
23.1831
23.00845
24.21972
22.55775
23.04789
22.55211
22.61408
24.26479
28.3493
38.19155
64.59155
64.65352
67.5662
63.52676
67.27887
63.98873
66
68.70422
72.18028
70.61408
70.7493
70.7493
72.49577
70.76057
70.8169
70.92394
70.7493
72.98592
70.75493
72.46761
71.27887
70.75493
70.75493
71.32957
71.30141
72.49014
71.05352
70.75493
75.03662
70.7493
70.7493
73.65634
70.89577
70.92958
71.31268
71.28451
72.45634
70.91831
72.74366
70.02817
69.63943
71.6338
74.18028
