1.631181
2.403846
5.21978
5.631868
5.030907
7.074176
10.04464
8.928572
9.89011
11.60714
13.94231
14.26854
22.28709
31.59341
31.83379
30.25412
33.75687
27.45536
28.00481
32.41758
31.45604
36.24657
41.43201
60.66277
60.73146
66.44917
64.76649
79.48145
61.93338
77.12912
66.36333
68.50961
62.65453
73.07692
56.7136
63.20398
78.34821
61.2294
63.35852
56.0783
65.02404
58.46497
53.65728
64.86951
56.35302
65.52198
64.04533
70.08929
68.37225
72.39011
68.2864
56.47321
66.24313
58.80838
65.89973
55.66621
61.8647
66.96429
66.56937
63.63324
66.46635
66.22596
66.32899
67.25618
73.11127
62.9636
56.64492
57.3489
53.27953
