1.457831
1.126506
1.283133
4.951807
9.469879
12.88554
29.16265
32.4759
39.98795
71.01205
91.64458
75.87952
75.94579
78.59036
82.04217
77.98193
80.19879
78.86144
77.41566
80.90964
80.92168
74.74097
74.35542
74.66868
75.66265
72.83132
76.47591
75.23494
75.68073
75.36747
73.18073
73.26506
73.72891
74.6506
73.16265
75.72891
75.24699
75.79518
76.60844
74.68073
73.42168
75.21687
77.20482
74.77109
74.59036
74.62048
74.21687
74.22891
75.58434
74.6747
75.21085
74.57229
74.77109
74.66265
74.09638
73.80121
75.23494
73.74097
73.81326
75.25301
74.53615
75.73494
73.81927
74.93976
74.36747
74.22289
73.8735
73.86144
75.24097
