0.1084337
0.06024097
0.05421687
0.04819277
0.05421687
0.07228915
0.2349398
1.975904
5.084337
18.8494
18.8494
18.84337
18.84337
18.8494
18.8494
19.31325
16.46386
16.46386
16.46386
16.45783
16.48795
16.85542
16.93976
15.72892
15.89759
17.10241
18.72289
26.12048
26.90361
26.87952
27.9759
26.96386
26.93373
26.89157
27.04217
26.89157
26.87952
27.48795
26.90361
26.89157
28.87349
24.78916
25.3253
24.93373
24.78313
24.78313
25.5
25.34337
25.33133
24.8012
24.78916
26.3253
23.68675
25.51205
23.77108
24.3012
23.1988
23.19277
23.1988
25.93373
24.54217
24.65663
24.50602
25.16265
26.45783
33.38554
49.59036
80.09036
78.52409
