11.28019
5.512378
11.63004
14.50803
13.75587
22.25845
10.49223
23.07692
29.51807
32.51174
24.40821
19.76108
49.13004
33.88554
63.30986
25.31401
23.73345
59.50092
35.91867
74.71831
29.60145
24.16523
95.55861
85.54217
86.43192
29.60145
24.16523
95.55861
85.54217
86.43192
99.85507
30.48359
99.47344
99.69879
86.54929
99.85507
30.48359
99.47344
99.69879
86.54929
99.85507
30.48359
99.47344
99.69879
86.54929
99.85507
36.78756
99.49634
99.69879
86.54929
99.85507
49.39551
99.49634
99.69879
88.92019
99.85507
49.39551
99.49634
99.69879
88.92019
99.85507
49.39551
99.49634
99.69879
88.92019
99.85507
55.69948
99.51923
99.69879
90.11737
