0.1623188
1.089855
2.875362
9.144928
16.57391
16.58841
17.29275
15.31884
15.77971
15.12174
15.90725
16.15652
15.72464
17.34493
21.0058
20.41739
20.45217
20.94203
21.27826
22.3913
20.58841
21.36812
21.96522
22.02029
21.45507
22.85507
21.95362
21.44638
23.08696
30.82319
38.14493
66.44638
91.48985
88.0145
88.45217
89.05218
85.97392
88.3942
86.3884
85.88985
86.47247
87.38551
89.83479
86.97681
86.32464
86.61739
88.38551
87.48985
85.94203
87.52464
87.88116
90.97681
89.9826
87.87826
92.37971
93.87247
89.3884
88.86667
90.30724
88.41739
90.35652
92.38261
88.38261
90.97392
91.34203
91.35942
86.91304
86.9913
89.95652
