0.6385542
1.13253
1.789157
3.192771
4.86747
12.68675
21.75904
20.46386
22.01807
22.40361
23.36145
24.93373
28.40361
29.39157
29.22289
29.16867
29.75904
29.1747
30.35542
29.18675
29.44578
28.78916
29.69277
29.91566
28.64458
28.64458
30.66265
42.89759
59.07229
89.96385
90.60844
91.84338
92.28313
83.48193
86.52409
93.71687
90.60241
90.77109
93.56626
91.18674
92.33132
91.08434
92.19879
92.83735
92.46385
93.8735
91.6747
91.6265
94.26506
91.63253
90.31326
91.77711
91.51807
90.86144
91.10241
89.58434
91.68073
96.27109
91.22289
92.39759
92.27109
94.29518
90.26506
93.56626
93.64458
89.81326
90.34338
94.1747
93.1265
