0.1727116,0,0.1727116,0,0,0,0.1727116,0,0.1727116,0.1727116,0,0,0.3454231,0,2.936097,0,0,0,0,0.1727116,0,0.1727116,0.1727116,0,0,0.3454231,0.1727116,0,0,0,0,2.763385,0.3454231,0,0.3454231,0.1727116,0.1727116,2.763385,0.1727116,0.1727116,0.1727116,0.1727116,0,0.1727116,0.1727116,0,0,0.3454231,0.3454231,0
9.615385,6.318681,37.63736,13.18681,3.296703,3.296703,1.923077,1.923077,0.8241758,0.8241758,1.373626,0.8241758
12.6506,0.9036145,2.409639,0.3012048,0.3012048,0.3012048,0,0,0,0,0,0
11.83099,0.8450704,2.253521,0.2816902,0.2816902,0.2816902,0,0,0,0,0,0
1.15942,1.15942,1.304348,0.1449275,0.2898551,0.2898551,0.1449275,0.1449275,0.1449275,0.1449275,0.1449275,0.1449275
0,0,0.1727116,0.1727116,2.936097,2.936097,2.936097,2.936097,2.936097,2.936097,2.936097,2.936097,2.936097,2.936097,2.936097,2.936097,2.936097,2.936097,2.936097,2.936097,2.936097,2.936097,2.936097,2.936097,2.936097,2.936097,2.936097,2.936097,2.936097,2.936097,2.936097,2.936097,2.936097,2.936097,2.936097,2.936097,2.936097,2.936097,2.936097,2.936097,2.936097,2.936097,2.936097,2.936097,2.936097,2.936097,2.936097,2.936097,2.936097,2.936097
9.615385,9.615385,9.615385,9.615385,9.615385,9.615385,9.615385,9.615385,9.615385,9.615385,9.615385,9.615385
12.6506,12.6506,12.6506,12.6506,12.6506,12.6506,12.6506,12.6506,12.6506,12.6506,12.6506,12.6506
11.83099,11.83099,11.83099,11.83099,11.83099,11.83099,11.83099,11.83099,11.83099,11.83099,11.83099,11.83099
1.15942,1.15942,1.15942,1.15942,1.15942,1.15942,1.15942,1.15942,1.15942,1.15942,1.15942,1.15942
0.1727116,1.554404,0.1727116,0.1727116,2.936097,2.936097,2.936097,2.936097,2.936097,2.936097,2.936097,2.936097,2.936097,2.936097,2.936097,2.936097,2.936097,2.936097,2.936097,2.936097,2.936097,2.936097,2.936097,2.936097,2.936097,2.936097,2.936097,2.936097,2.936097,2.936097,2.936097,2.936097,2.936097,2.936097,2.936097,2.936097,2.936097,2.936097,2.936097,2.936097,2.936097,2.936097,2.936097,2.936097,2.936097,2.936097,2.936097,2.936097,2.936097,2.936097
9.615385,9.615385,9.615385,9.615385,9.615385,9.615385,9.615385,9.615385,9.615385,9.615385,9.615385,9.615385
12.6506,12.6506,12.6506,12.6506,12.6506,12.6506,12.6506,12.6506,12.6506,12.6506,12.6506,12.6506
11.83099,11.83099,11.83099,11.83099,11.83099,11.83099,11.83099,11.83099,11.83099,11.83099,11.83099,11.83099
1.15942,1.15942,1.15942,1.15942,1.15942,1.15942,1.15942,1.15942,1.15942,1.15942,1.15942,1.15942
0,0.1727116,0.3454231,0,2.936097,2.936097,2.936097,2.936097,2.936097,2.936097,2.936097,2.936097,2.936097,2.936097,2.936097,2.936097,2.936097,2.936097,2.936097,2.936097,2.936097,2.936097,2.936097,2.936097,2.936097,2.936097,2.936097,2.936097,2.936097,2.936097,2.936097,2.936097,2.936097,2.936097,2.936097,2.936097,2.936097,2.936097,2.936097,2.936097,2.936097,2.936097,2.936097,2.936097,2.936097,2.936097,2.936097,2.936097,2.936097,2.936097
9.615385,9.615385,9.615385,9.615385,9.615385,9.615385,9.615385,9.615385,9.615385,9.615385,9.615385,9.615385
12.6506,12.6506,12.6506,12.6506,12.6506,12.6506,12.6506,12.6506,12.6506,12.6506,12.6506,12.6506
11.83099,11.83099,11.83099,11.83099,11.83099,11.83099,11.83099,11.83099,11.83099,11.83099,11.83099,11.83099
1.15942,1.15942,1.15942,1.15942,1.15942,1.15942,1.15942,1.15942,1.15942,1.15942,1.15942,1.15942
0,0.1727116,0,0.3454231,2.936097,2.936097,2.936097,2.936097,2.936097,2.936097,2.936097,2.936097,2.936097,2.936097,2.936097,2.936097,2.936097,2.936097,2.936097,2.936097,2.936097,2.936097,2.936097,2.936097,2.936097,2.936097,2.936097,2.936097,2.936097,2.936097,2.936097,2.936097,2.936097,2.936097,2.936097,2.936097,2.936097,2.936097,2.936097,2.936097,2.936097,2.936097,2.936097,2.936097,2.936097,2.936097,2.936097,2.936097,2.936097,2.936097
9.615385,9.615385,9.615385,9.615385,9.615385,9.615385,9.615385,9.615385,9.615385,9.615385,9.615385,9.615385
12.6506,12.6506,12.6506,12.6506,12.6506,12.6506,12.6506,12.6506,12.6506,12.6506,12.6506,12.6506
11.83099,11.83099,11.83099,11.83099,11.83099,11.83099,11.83099,11.83099,11.83099,11.83099,11.83099,11.83099
1.15942,1.15942,1.15942,1.15942,1.15942,1.15942,1.15942,1.15942,1.15942,1.15942,1.15942,1.15942
1.208981,0.1727116,0.1727116,0,2.936097,2.936097,2.936097,2.936097,2.936097,2.936097,2.936097,2.936097,2.936097,2.936097,2.936097,2.936097,2.936097,2.936097,2.936097,2.936097,2.936097,2.936097,2.936097,2.936097,2.936097,2.936097,2.936097,2.936097,2.936097,2.936097,2.936097,2.936097,2.936097,2.936097,2.936097,2.936097,2.936097,2.936097,2.936097,2.936097,2.936097,2.936097,2.936097,2.936097,2.936097,2.936097,2.936097,2.936097,2.936097,2.936097
9.615385,9.615385,9.615385,9.615385,9.615385,9.615385,9.615385,9.615385,9.615385,9.615385,9.615385,9.615385
12.6506,12.6506,12.6506,12.6506,12.6506,12.6506,12.6506,12.6506,12.6506,12.6506,12.6506,12.6506
11.83099,11.83099,11.83099,11.83099,11.83099,11.83099,11.83099,11.83099,11.83099,11.83099,11.83099,11.83099
1.15942,1.15942,1.15942,1.15942,1.15942,1.15942,1.15942,1.15942,1.15942,1.15942,1.15942,1.15942
0.1727116,0,0,0,2.936097,2.936097,2.936097,2.936097,2.936097,2.936097,2.936097,2.936097,2.936097,2.936097,2.936097,2.936097,2.936097,2.936097,2.936097,2.936097,2.936097,2.936097,2.936097,2.936097,2.936097,2.936097,2.936097,2.936097,2.936097,2.936097,2.936097,2.936097,2.936097,2.936097,2.936097,2.936097,2.936097,2.936097,2.936097,2.936097,2.936097,2.936097,2.936097,2.936097,2.936097,2.936097,2.936097,2.936097,2.936097,2.936097
9.615385,9.615385,9.615385,9.615385,9.615385,9.615385,9.615385,9.615385,9.615385,9.615385,9.615385,9.615385
12.6506,12.6506,12.6506,12.6506,12.6506,12.6506,12.6506,12.6506,12.6506,12.6506,12.6506,12.6506
11.83099,11.83099,11.83099,11.83099,11.83099,11.83099,11.83099,11.83099,11.83099,11.83099,11.83099,11.83099
1.15942,1.15942,1.15942,1.15942,1.15942,1.15942,1.15942,1.15942,1.15942,1.15942,1.15942,1.15942
0,0.1727116,0.1727116,0,2.936097,2.936097,2.936097,2.936097,2.936097,2.936097,2.936097,2.936097,2.936097,2.936097,2.936097,2.936097,2.936097,2.936097,2.936097,2.936097,2.936097,2.936097,2.936097,2.936097,2.936097,2.936097,2.936097,2.936097,2.936097,2.936097,2.936097,2.936097,2.936097,2.936097,2.936097,2.936097,2.936097,2.936097,2.936097,2.936097,2.936097,2.936097,2.936097,2.936097,2.936097,2.936097,2.936097,2.936097,2.936097,2.936097
9.615385,9.615385,9.615385,9.615385,9.615385,9.615385,9.615385,9.615385,9.615385,9.615385,9.615385,9.615385
12.6506,12.6506,12.6506,12.6506,12.6506,12.6506,12.6506,12.6506,12.6506,12.6506,12.6506,12.6506
11.83099,11.83099,11.83099,11.83099,11.83099,11.83099,11.83099,11.83099,11.83099,11.83099,11.83099,11.83099
1.15942,1.15942,1.15942,1.15942,1.15942,1.15942,1.15942,1.15942,1.15942,1.15942,1.15942,1.15942
4.145078,0,0,0.1727116,2.936097,2.936097,2.936097,2.936097,2.936097,2.936097,2.936097,2.936097,2.936097,2.936097,2.936097,0.1727116,2.936097,2.936097,2.936097,2.936097,2.936097,2.936097,2.936097,0.1727116,0.3454231,2.936097,2.936097,2.936097,2.936097,2.936097,2.936097,2.936097,2.936097,2.936097,2.936097,0.1727116,0.3454231,2.936097,2.936097,2.936097,2.936097,2.936097,2.936097,2.936097,2.936097,2.936097,2.936097,0.1727116,0.3454231,2.936097
13.18681,9.615385,9.615385,9.615385,9.615385,9.615385,9.615385,9.615385,9.615385,9.615385,9.615385,9.615385
0.3012048,12.6506,12.6506,12.6506,12.6506,12.6506,12.6506,12.6506,12.6506,12.6506,12.6506,12.6506
0.2816902,11.83099,11.83099,11.83099,11.83099,11.83099,11.83099,11.83099,11.83099,11.83099,11.83099,11.83099
7.246377,1.15942,1.15942,1.15942,1.15942,1.15942,1.15942,1.15942,1.15942,1.15942,1.15942,1.15942
4.145078,2.936097,0,7.081174,2.936097,2.936097,2.936097,2.936097,2.936097,2.936097,2.936097,2.936097,2.936097,2.936097,0,0,2.936097,2.936097,2.936097,2.936097,2.936097,2.936097,2.936097,0.1727116,0.6908463,1.727116,2.936097,2.936097,2.936097,2.936097,2.936097,2.936097,2.936097,2.936097,2.936097,0.1727116,0.6908463,1.727116,2.936097,2.936097,2.936097,2.936097,2.936097,2.936097,2.936097,2.936097,2.936097,0.1727116,0.6908463,1.727116
6.043956,51.92308,9.615385,9.615385,9.615385,9.615385,9.615385,9.615385,9.615385,9.615385,9.615385,9.615385
8.433735,3.012048,12.6506,12.6506,12.6506,12.6506,12.6506,12.6506,12.6506,12.6506,12.6506,12.6506
7.887324,2.816901,11.83099,11.83099,11.83099,11.83099,11.83099,11.83099,11.83099,11.83099,11.83099,11.83099
3.043478,1.014493,1.15942,1.15942,1.15942,1.15942,1.15942,1.15942,1.15942,1.15942,1.15942,1.15942
0,0,0,0,23.48877,3.28152,3.28152,3.28152,3.28152,3.28152,3.28152,3.28152,0.8635579,2.590674,5.52677,3.28152,3.28152,3.28152,3.28152,3.28152,3.28152,3.28152,3.28152,3.28152,3.28152,3.28152,3.28152,3.28152,3.28152,3.28152,0.8635579,2.590674,3.28152,3.28152,3.28152,3.28152,3.28152,3.28152,3.28152,3.28152,3.28152,3.28152,3.28152,3.28152,3.28152,3.28152,3.28152,0.8635579,2.590674,3.28152
99.45055,6.318681,12.36264,12.36264,12.36264,12.36264,12.36264,12.36264,12.36264,12.36264,12.36264,12.36264
99.69879,0.3012048,24.39759,24.39759,24.39759,24.39759,24.39759,24.39759,24.39759,24.39759,24.39759,24.39759
85.6338,0.2816902,22.8169,22.8169,22.8169,22.8169,22.8169,22.8169,22.8169,22.8169,22.8169,22.8169
74.2029,1.449275,1.449275,1.449275,1.449275,1.449275,1.449275,1.449275,1.449275,1.449275,1.449275,1.449275
24.69775,0.1727116,0.1727116,0,0.3454231,23.8342,23.8342,23.8342,23.8342,23.8342,23.8342,23.8342,24.69775,23.8342,23.8342,23.8342,23.8342,23.8342,23.8342,23.8342,23.8342,23.8342,23.8342,23.8342,23.8342,23.8342,23.8342,23.8342,24.69775,23.8342,23.8342,23.8342,23.8342,23.8342,23.8342,23.8342,23.8342,23.8342,23.8342,23.8342,23.8342,23.8342,23.8342,23.8342,24.69775,23.8342,23.8342,23.8342,23.8342,23.8342
99.45055,99.45055,99.45055,99.45055,99.72527,99.72527,99.72527,99.72527,99.72527,99.72527,99.72527,99.72527
99.69879,99.69879,99.69879,99.69879,99.69879,99.69879,99.69879,99.69879,99.69879,99.69879,99.69879,99.69879
99.71831,99.71831,99.71831,99.71831,99.43662,99.43662,99.43662,99.43662,99.43662,99.43662,99.43662,99.43662
99.85507,99.85507,99.85507,99.85507,25.21739,25.21739,25.21739,25.21739,25.21739,25.21739,25.21739,25.21739
99.82729,0.1727116,0.1727116,99.65458,0,24.69775,24.69775,24.69775,24.69775,24.69775,24.69775,24.69775,24.69775,24.69775,24.69775,24.69775,24.69775,24.69775,24.69775,24.69775,99.65458,99.65458,99.65458,99.65458,99.65458,24.69775,24.69775,24.69775,24.69775,24.69775,24.69775,24.69775,24.69775,99.65458,99.65458,99.65458,99.65458,99.65458,24.69775,24.69775,24.69775,24.69775,24.69775,24.69775,24.69775,24.69775,99.65458,99.65458,99.65458,99.65458
99.72527,99.72527,99.72527,99.72527,99.72527,99.72527,99.72527,99.72527,99.72527,99.72527,99.72527,99.72527
99.69879,99.69879,99.69879,99.69879,99.69879,99.69879,99.69879,99.69879,99.69879,99.69879,99.69879,99.69879
85.6338,99.71831,86.19718,99.71831,86.19718,86.19718,86.19718,86.19718,99.71831,86.19718,86.19718,86.19718
55.7971,99.85507,99.85507,99.85507,99.85507,99.85507,99.85507,99.85507,99.85507,99.85507,99.85507,99.85507
99.82729,24.52504,0.1727116,0.1727116,0.1727116,99.82729,99.82729,99.82729,99.82729,99.82729,99.82729,99.82729,99.82729,99.82729,99.82729,99.82729,99.82729,99.82729,99.82729,99.82729,99.82729,99.82729,99.82729,99.82729,99.82729,99.82729,99.82729,99.82729,99.82729,99.82729,99.82729,99.82729,99.82729,99.82729,99.82729,99.82729,99.82729,99.82729,99.82729,99.82729,99.82729,99.82729,99.82729,99.82729,99.82729,99.82729,99.82729,99.82729,99.82729,99.82729
99.72527,99.72527,99.72527,99.72527,99.72527,99.72527,99.72527,99.72527,99.72527,99.72527,99.72527,99.72527
99.69879,99.69879,99.69879,99.69879,99.69879,99.69879,99.69879,99.69879,99.69879,99.69879,99.69879,99.69879
85.6338,85.35211,85.35211,85.35211,85.35211,85.35211,85.35211,85.35211,85.6338,85.35211,85.35211,85.35211
55.7971,55.7971,55.7971,55.7971,55.7971,55.7971,55.7971,55.7971,55.7971,55.7971,55.7971,55.7971
