0.3253012
0.4759036
1.23494
3.078313
6.253012
6.608434
8
8.355422
12.87349
21.30723
21.56024
24.00602
32.9759
32.9759
33.04819
35.51205
29.1988
30.72289
30.06024
33.23494
44.72892
39.19277
40.6747
36.76506
38.70482
41.93373
53.0241
86.76506
88.51205
84.56626
84.1747
84.63856
74.57832
77.30723
74.01807
74.02409
75.10844
74.98193
75.5
74.02409
74.22289
73.01205
72.12048
74.96385
74.01807
74.01807
72.03615
74.02409
74.71687
76.06626
72.72289
76.01807
69.51807
70.25903
71.51807
70.80121
76.78313
69.37952
70.30121
72.79518
69.99397
69.58434
70.25903
72.54217
70.8494
69.51205
70.44579
70.6265
68.85542
70.72891
69.43374
