3.708791
0.1757028
0.1643192
0.4347826
0.5181347
54.67033
35.24096
75.49296
25.21739
7.944732
56.43315
34.61345
71.38498
24.96377
7.98791
58.19597
34.06124
71.4554
24.98792
9.326425
99.72527
77.23393
85
42.80193
23.93495
99.72527
72.74097
84.92958
40.28986
23.92055
99.72527
72.74097
84.92958
41.87198
23.93495
99.72527
71.91265
84.95305
39.40821
23.93495
99.72527
71.91265
84.95305
39.40821
23.93495
99.72527
71.91265
84.95305
39.40821
23.93495
99.72527
71.91265
84.95305
39.40821
23.93495
99.72527
71.91265
84.95305
39.40821
23.93495
99.72527
71.91265
84.95305
39.40821
23.93495
99.72527
71.91265
84.95305
39.40821
23.93495
