4.159471
10.82875
2.936747
2.746479
4.528986
23.51756
57.16575
7.329317
10.46948
24.95169
24.43869
99.72527
99.69879
88.52113
69.67391
57.28267
99.72527
99.69879
85.44601
55.31401
99.82729
99.72527
99.69879
86.61972
60.54348
99.82729
99.72527
99.69879
86.61972
60.54348
99.82729
99.70238
99.69879
87.79343
64.26328
99.82729
99.70238
99.69879
87.79343
64.26328
99.82729
99.70238
99.69879
87.79343
64.26328
99.82729
99.70238
99.69879
88.99061
67.99517
99.82729
99.70238
99.69879
88.99061
67.99517
99.82729
99.70238
99.69879
88.99061
67.99517
99.82729
99.67949
99.69879
89.01408
71.71497
99.82729
99.67949
99.69879
89.01408
71.71497
