5.704226
4.154589
2.878526
5.677656
6.350401
27.32394
22.02899
8.80829
11.53846
30.72289
29.08451
22.06522
8.80829
11.60714
30.62249
29.08451
22.06522
8.80829
11.60714
30.62249
30.07042
22.31884
8.880253
15.20147
31.1496
78.52113
23.6715
17.84686
73.1685
37.2992
88.28638
49.56522
23.54634
97.52747
45.70783
89.13145
52.33092
24.12205
99.47344
97.56526
89.13145
52.33092
24.12205
99.47344
97.56526
89.13145
52.33092
24.12205
99.47344
97.56526
89.13145
52.33092
24.12205
99.47344
97.56526
89.13145
52.33092
24.12205
99.47344
97.56526
89.13145
52.33092
24.12205
99.47344
97.56526
91.47887
49.79469
24.06448
99.49634
93.02209
