1.226087
1.286957
1.765217
6.257971
16.88406
50.50145
51.57681
51.01159
52.14493
51.62899
51.93623
51.64058
51
51.16522
51.50435
53.64928
46.66957
46.6116
46.16522
48.75362
47.6029
49.23188
50.30725
54.65507
72.44348
78.11884
93.74493
91.21739
90.62608
94.64058
92.50145
91.71594
93.18551
83.8
82.6116
83.29855
82.73333
81.67536
81.68696
82.77101
80.58841
83.25217
81.56522
80.11015
80.69566
79.62898
81.82609
80.66666
80.63478
80.63188
83.83189
81.13043
81.62898
80.65218
82.26377
81.68116
80.74203
84.34782
82.22899
81.25797
80.69566
86.57971
83.12174
82.13333
82.09275
79.65508
81.15942
83.22899
80.8029
81.76232
82.12753
