0.3799655
2.266484
4.216867
4.859155
2.294686
5.761658
99.72527
50.60241
84.22535
25.7971
5.761658
92.55952
49.8243
83.59155
23.65942
5.761658
92.55952
49.8243
83.59155
23.65942
5.761658
92.55952
49.8243
83.59155
23.65942
5.761658
92.55952
49.8243
83.59155
23.65942
5.761658
92.55952
53.91566
83.73239
26.11111
23.9171
99.47344
99.69879
85.35211
55.08454
23.95855
99.72527
99.69879
86.78403
99.85507
23.95855
99.72527
99.69879
86.78403
99.85507
23.95855
99.70238
99.69879
86.76057
96.11111
23.95855
99.70238
99.69879
87.9108
96.11111
23.95855
99.67949
99.69879
89.08451
96.11111
23.95855
99.67949
99.69879
89.08451
96.11111
