0.9533679
0.8670121
0.7322971
0.4421416
0.9568221
2.369603
4.925734
17.00518
22.71503
22.08981
22.09326
22.09326
23.18826
21.56477
21.14335
21.58549
21.86183
21.73748
21.56131
21.67876
21.1468
22.37651
21.55786
21.56131
21.08117
21.5544
21.72366
21.61313
21.4266
21.57168
21.09845
21.69948
21.72366
21.62004
22.09326
22.6563
28.48359
43.10535
88.16235
94.35233
92.30743
94.56304
85.7513
82.96027
84.48014
83.51986
83.76166
83.7582
85.28497
88.1209
88.03109
87.98964
88.92228
88.29015
89.79965
88.06218
91.35751
90.03109
88.26252
85.44733
84.77029
84.76684
86.27634
83.92056
84.58031
83.9171
81.92056
84.2487
85.05354
