0,0,0.1727116,0,0,0,0,0,0,0,0,0.1727116,0,0,0,8.80829,0,0,3.799654,0.1727116,0,0,8.80829,0,0,0,0,0,0.3454231,0,0,0,0,0,0,0,0,0,0,0,8.117444,17.09845,0,0,0,0,0,0,0,0.1727116
0,0.1727116,6.908463,0,0.1727116,0,0,0,0,0,0,0,0,0,0.1727116,0,0,0,0.1727116,0,0.1727116,0,8.80829,0,0,0.1727116,0,0.1727116,0,0,0,0.1727116,0,0.1727116,0,0,0,0.1727116,0,0.1727116,8.117444,17.09845,0,0,0,0.1727116,0,0.1727116,0,0.1727116
0,7.426598,0.1727116,0.1727116,0,0,0.1727116,0,0,0,0.1727116,0.1727116,0,0,0.1727116,0.1727116,0,0,0.1727116,0,0.1727116,0.1727116,0,0,0,0.1727116,0.1727116,0.1727116,0.1727116,0,0,0.1727116,0.1727116,0.1727116,0,0,0,0.1727116,0.1727116,0.1727116,8.117444,17.09845,0,0,0,0.1727116,0.1727116,0.1727116,0,0
0,0.1727116,0.1727116,0.1727116,0,0.1727116,0.1727116,0,0,0.1727116,0.1727116,0.1727116,0.1727116,0,0.1727116,0.1727116,0,0.1727116,0.1727116,0,0.1727116,0.1727116,0,0.1727116,0.1727116,0.1727116,0.1727116,0,0,0.1727116,0.1727116,0,0,0.1727116,0,0,0.1727116,0.1727116,0.1727116,0,0,17.09845,0.1727116,0.1727116,0,0,0.1727116,0,0,0.1727116
23.66149,0,0.1727116,0.1727116,0.1727116,0.1727116,0.1727116,0,0.1727116,0.1727116,0.1727116,0.1727116,0.1727116,0.1727116,0.1727116,0.1727116,0,0.1727116,0.1727116,0.1727116,0.1727116,0.1727116,0,0,0.1727116,0.5181347,0.1727116,0.1727116,0.1727116,0,0.1727116,0.1727116,0.1727116,0.1727116,0,0,0.1727116,0.5181347,0.1727116,0.1727116,0.1727116,17.09845,0,0.1727116,0.1727116,0.1727116,0.1727116,0,0,0.1727116
23.66149,0,0.1727116,0,0.1727116,0.1727116,0.1727116,0,0.1727116,0.1727116,0.1727116,0.1727116,0.1727116,0.1727116,0.1727116,0.1727116,0.1727116,0.1727116,0,0.1727116,0.1727116,0,24.00691,0,0,0.1727116,0.1727116,0.1727116,0.1727116,0.1727116,0,0.1727116,0.1727116,0,24.00691,0,0,0.5181347,0.1727116,0.1727116,0.1727116,17.09845,0.1727116,0.1727116,0,0.1727116,0.1727116,0,24.00691,0
0.1727116,0,23.8342,0.1727116,0.1727116,0.1727116,0.1727116,0.1727116,0.1727116,0.1727116,0.1727116,0.1727116,0.1727116,0.1727116,0.1727116,0.1727116,0,0.1727116,0.1727116,0.1727116,0.3454231,24.00691,24.00691,24.00691,0,0.1727116,0.1727116,0.1727116,0.1727116,0,0.1727116,0.1727116,0.1727116,0.3454231,24.00691,24.00691,24.00691,0,0.1727116,0.1727116,0.1727116,0.1727116,0,0.1727116,0.1727116,0.1727116,0.3454231,24.00691,24.00691,24.00691
8.635578,0,23.8342,0,24.00691,24.00691,24.00691,24.00691,24.00691,0.1727116,0.1727116,0.1727116,0.1727116,0.1727116,0,24.00691,24.00691,24.00691,24.00691,24.00691,24.00691,24.00691,24.00691,24.00691,24.00691,24.00691,24.00691,0.1727116,0.1727116,0,24.00691,24.00691,24.00691,24.00691,24.00691,24.00691,24.00691,24.00691,24.00691,24.00691,24.00691,24.00691,0.1727116,0.1727116,0,24.00691,24.00691,24.00691,24.00691,24.00691
7.599309,0.1727116,23.48877,0.1727116,24.00691,24.00691,24.00691,24.00691,24.00691,24.00691,24.00691,24.00691,24.00691,24.00691,24.00691,24.00691,24.00691,24.00691,24.00691,24.00691,24.00691,24.00691,24.00691,24.00691,24.00691,24.00691,24.00691,24.00691,24.00691,24.00691,24.00691,24.00691,24.00691,24.00691,24.00691,24.00691,24.00691,24.00691,24.00691,24.00691,24.00691,24.00691,24.00691,24.00691,24.00691,24.00691,24.00691,24.00691,24.00691,24.00691
0,0,0.1727116,0,24.00691,24.00691,24.00691,24.00691,24.00691,24.00691,24.00691,24.00691,24.00691,24.00691,24.00691,24.00691,24.00691,24.00691,24.00691,24.00691,24.00691,24.00691,24.00691,24.00691,24.00691,24.00691,24.00691,24.00691,24.00691,24.00691,24.00691,24.00691,24.00691,24.00691,24.00691,24.00691,24.00691,24.00691,24.00691,24.00691,24.00691,24.00691,24.00691,24.00691,24.00691,24.00691,24.00691,24.00691,24.00691,24.00691
0.1727116,0.1727116,0,0,24.00691,24.00691,24.00691,24.00691,24.00691,24.00691,24.00691,24.00691,24.00691,24.00691,24.00691,24.00691,24.00691,24.00691,24.00691,24.00691,24.00691,24.00691,24.00691,24.00691,24.00691,24.00691,24.00691,24.00691,24.00691,24.00691,24.00691,24.00691,24.00691,24.00691,24.00691,24.00691,24.00691,24.00691,24.00691,24.00691,24.00691,24.00691,24.00691,24.00691,24.00691,24.00691,24.00691,24.00691,24.00691,24.00691
0.1727116,0,0.1727116,0,24.00691,24.00691,24.00691,24.00691,24.00691,24.00691,24.00691,24.00691,24.00691,24.00691,24.00691,24.00691,24.00691,24.00691,24.00691,24.00691,24.00691,24.00691,24.00691,24.00691,24.00691,24.00691,24.00691,24.00691,24.00691,24.00691,24.00691,24.00691,24.00691,24.00691,24.00691,24.00691,24.00691,24.00691,24.00691,24.00691,24.00691,24.00691,24.00691,24.00691,24.00691,24.00691,24.00691,24.00691,24.00691,24.00691
23.8342,24.00691,7.253886,0,24.00691,24.00691,24.00691,24.00691,24.00691,24.00691,24.00691,24.00691,24.00691,24.00691,24.00691,24.00691,24.00691,24.00691,24.00691,24.00691,24.00691,24.00691,24.00691,24.00691,24.00691,24.00691,24.00691,24.00691,24.00691,24.00691,24.00691,24.00691,24.00691,24.00691,24.00691,24.00691,24.00691,24.00691,24.00691,24.00691,24.00691,24.00691,24.00691,24.00691,24.00691,24.00691,24.00691,24.00691,24.00691,24.00691
0.1727116,24.00691,0,0,24.00691,24.00691,24.00691,24.00691,24.00691,24.00691,24.00691,24.00691,24.00691,24.00691,24.00691,24.00691,24.00691,24.00691,24.00691,24.00691,24.00691,24.00691,24.00691,7.426598,23.8342,24.00691,24.00691,24.00691,24.00691,24.00691,24.00691,24.00691,24.00691,24.00691,24.00691,7.426598,23.8342,24.00691,24.00691,24.00691,24.00691,24.00691,24.00691,24.00691,24.00691,24.00691,24.00691,7.426598,23.8342,24.00691
2.936097,24.00691,0,0,24.00691,24.00691,24.00691,24.00691,24.00691,24.00691,24.00691,24.00691,24.00691,24.00691,24.00691,0.1727116,24.00691,24.00691,24.00691,24.00691,24.00691,24.00691,24.00691,7.426598,23.8342,24.00691,24.00691,24.00691,24.00691,24.00691,24.00691,24.00691,24.00691,24.00691,24.00691,7.426598,23.8342,24.00691,24.00691,24.00691,24.00691,24.00691,24.00691,24.00691,24.00691,24.00691,24.00691,7.426598,23.8342,24.00691
1.381693,24.00691,23.66149,0,24.00691,24.00691,24.00691,24.00691,24.00691,24.00691,24.00691,24.00691,24.00691,24.00691,24.00691,0.1727116,24.00691,24.00691,24.00691,24.00691,24.00691,24.00691,24.00691,7.426598,23.8342,24.00691,24.00691,24.00691,24.00691,24.00691,24.00691,24.00691,24.00691,24.00691,24.00691,7.426598,23.8342,24.00691,24.00691,24.00691,24.00691,24.00691,24.00691,24.00691,24.00691,24.00691,24.00691,7.426598,23.8342,24.00691
0.1727116,24.00691,7.772021,23.48877,24.00691,24.00691,24.00691,24.00691,24.00691,24.00691,24.00691,24.00691,24.00691,24.00691,24.00691,7.599309,24.00691,24.00691,24.00691,24.00691,24.00691,24.00691,24.00691,7.426598,23.8342,24.00691,24.00691,24.00691,24.00691,24.00691,24.00691,24.00691,24.00691,24.00691,24.00691,7.426598,23.8342,24.00691,24.00691,24.00691,24.00691,24.00691,24.00691,24.00691,24.00691,24.00691,24.00691,7.426598,23.8342,24.00691
8.981002,24.00691,0.1727116,23.66149,24.00691,24.00691,24.00691,24.00691,24.00691,24.00691,24.00691,24.00691,24.00691,24.00691,24.00691,0,24.00691,24.00691,24.00691,24.00691,24.00691,24.00691,24.00691,7.426598,23.8342,24.00691,24.00691,24.00691,24.00691,24.00691,24.00691,24.00691,24.00691,24.00691,24.00691,7.426598,23.8342,24.00691,24.00691,24.00691,24.00691,24.00691,24.00691,24.00691,24.00691,24.00691,24.00691,7.426598,23.8342,24.00691
0.1727116,24.00691,0.1727116,23.66149,24.00691,24.00691,24.00691,24.00691,24.00691,24.00691,24.00691,24.00691,24.00691,24.00691,24.00691,0,24.00691,24.00691,24.00691,24.00691,24.00691,24.00691,24.00691,7.426598,23.8342,24.00691,24.00691,24.00691,24.00691,24.00691,24.00691,24.00691,24.00691,24.00691,24.00691,7.426598,23.8342,24.00691,24.00691,24.00691,24.00691,24.00691,24.00691,24.00691,24.00691,24.00691,24.00691,7.426598,23.8342,24.00691
0.1727116,24.00691,23.8342,3.108808,24.00691,24.00691,24.00691,24.00691,24.00691,24.00691,24.00691,24.00691,24.00691,24.00691,24.00691,2.763385,24.00691,24.00691,24.00691,24.00691,24.00691,24.00691,24.00691,7.426598,23.8342,24.00691,24.00691,24.00691,24.00691,24.00691,24.00691,24.00691,24.00691,24.00691,24.00691,7.426598,23.8342,24.00691,24.00691,24.00691,24.00691,24.00691,24.00691,24.00691,24.00691,24.00691,24.00691,7.426598,23.8342,24.00691
0.6908463,24.00691,0,2.590674,24.00691,24.00691,24.00691,24.00691,24.00691,24.00691,24.00691,24.00691,24.00691,24.00691,24.00691,0,24.00691,24.00691,24.00691,24.00691,24.00691,24.00691,24.00691,7.426598,23.8342,24.00691,24.00691,24.00691,24.00691,24.00691,24.00691,24.00691,24.00691,24.00691,24.00691,7.426598,23.8342,24.00691,24.00691,24.00691,24.00691,24.00691,24.00691,24.00691,24.00691,24.00691,24.00691,7.426598,23.8342,24.00691
17.09845,24.00691,0,23.66149,24.00691,24.00691,24.00691,24.00691,24.00691,24.00691,24.00691,24.00691,24.00691,24.00691,24.00691,24.00691,24.00691,24.00691,24.00691,24.00691,24.00691,24.00691,24.00691,7.426598,23.8342,24.00691,24.00691,24.00691,24.00691,24.00691,24.00691,24.00691,24.00691,24.00691,24.00691,7.426598,23.8342,24.00691,24.00691,24.00691,24.00691,24.00691,24.00691,24.00691,24.00691,24.00691,24.00691,7.426598,23.8342,24.00691
0,24.00691,23.66149,0,24.00691,24.00691,24.00691,24.00691,24.00691,24.00691,24.00691,24.00691,24.00691,24.00691,24.00691,0.1727116,24.00691,24.00691,24.00691,24.00691,24.00691,24.00691,24.00691,7.426598,23.8342,24.00691,24.00691,24.00691,24.00691,24.00691,24.00691,24.00691,24.00691,24.00691,24.00691,7.426598,23.8342,24.00691,24.00691,24.00691,24.00691,24.00691,24.00691,24.00691,24.00691,24.00691,24.00691,7.426598,23.8342,24.00691
0,24.00691,0.1727116,0,24.00691,24.00691,24.00691,24.00691,24.00691,24.00691,24.00691,24.00691,24.00691,24.00691,24.00691,23.8342,24.00691,24.00691,24.00691,24.00691,24.00691,24.00691,24.00691,7.426598,23.8342,24.00691,24.00691,24.00691,24.00691,24.00691,24.00691,24.00691,24.00691,24.00691,24.00691,7.426598,23.8342,24.00691,24.00691,24.00691,24.00691,24.00691,24.00691,24.00691,24.00691,24.00691,24.00691,7.426598,23.8342,24.00691
0,24.00691,0,0,24.00691,24.00691,24.00691,24.00691,24.00691,24.00691,24.00691,24.00691,24.00691,24.00691,24.00691,0,24.00691,24.00691,24.00691,24.00691,24.00691,24.00691,24.00691,7.426598,23.8342,24.00691,24.00691,24.00691,24.00691,24.00691,24.00691,24.00691,24.00691,24.00691,24.00691,7.426598,23.8342,24.00691,24.00691,24.00691,24.00691,24.00691,24.00691,24.00691,24.00691,24.00691,24.00691,7.426598,23.8342,24.00691
23.48877,24.00691,0,0,24.00691,24.00691,24.00691,24.00691,24.00691,24.00691,24.00691,24.00691,24.00691,24.00691,24.00691,0.1727116,24.00691,24.00691,24.00691,24.00691,24.00691,24.00691,24.00691,7.426598,23.8342,24.00691,24.00691,24.00691,24.00691,24.00691,24.00691,24.00691,24.00691,24.00691,24.00691,7.426598,23.8342,24.00691,24.00691,24.00691,24.00691,24.00691,24.00691,24.00691,24.00691,24.00691,24.00691,7.426598,23.8342,24.00691
0,24.00691,23.8342,8.117444,24.00691,24.00691,24.00691,24.00691,24.00691,24.00691,24.00691,24.00691,24.00691,24.00691,24.00691,0.1727116,24.00691,24.00691,24.00691,24.00691,24.00691,24.00691,24.00691,7.426598,23.8342,24.00691,24.00691,24.00691,24.00691,24.00691,24.00691,24.00691,24.00691,24.00691,24.00691,7.426598,23.8342,24.00691,24.00691,24.00691,24.00691,24.00691,24.00691,24.00691,24.00691,24.00691,24.00691,7.426598,23.8342,24.00691
2.590674,24.00691,0.1727116,0,24.00691,24.00691,24.00691,24.00691,24.00691,24.00691,24.00691,24.00691,24.00691,24.00691,24.00691,23.8342,24.00691,24.00691,24.00691,24.00691,24.00691,24.00691,24.00691,7.426598,23.8342,24.00691,24.00691,24.00691,24.00691,24.00691,24.00691,24.00691,24.00691,24.00691,24.00691,7.426598,23.8342,24.00691,24.00691,24.00691,24.00691,24.00691,24.00691,24.00691,24.00691,24.00691,24.00691,7.426598,23.8342,24.00691
0,24.00691,17.09845,0.1727116,24.00691,24.00691,24.00691,24.00691,24.00691,24.00691,24.00691,24.00691,24.00691,24.00691,24.00691,0,24.00691,24.00691,24.00691,24.00691,24.00691,24.00691,24.00691,7.426598,23.8342,24.00691,24.00691,24.00691,24.00691,24.00691,24.00691,24.00691,24.00691,24.00691,24.00691,7.426598,23.8342,24.00691,24.00691,24.00691,24.00691,24.00691,24.00691,24.00691,24.00691,24.00691,24.00691,7.426598,23.8342,24.00691
0.1727116,24.00691,24.00691,0.1727116,24.00691,24.00691,24.00691,24.00691,24.00691,24.00691,24.00691,24.00691,24.00691,24.00691,24.00691,0.1727116,24.00691,24.00691,24.00691,24.00691,24.00691,24.00691,24.00691,7.426598,23.8342,24.00691,24.00691,24.00691,24.00691,24.00691,24.00691,24.00691,24.00691,24.00691,24.00691,7.426598,23.8342,24.00691,24.00691,24.00691,24.00691,24.00691,24.00691,24.00691,24.00691,24.00691,24.00691,7.426598,23.8342,24.00691
0.1727116,24.00691,24.00691,0.1727116,24.00691,24.00691,24.00691,24.00691,24.00691,24.00691,24.00691,24.00691,24.00691,24.00691,0.1727116,0.3454231,24.00691,24.00691,24.00691,24.00691,24.00691,24.00691,24.00691,7.426598,24.00691,23.8342,24.00691,24.00691,24.00691,24.00691,24.00691,24.00691,24.00691,24.00691,24.00691,7.426598,24.00691,23.8342,24.00691,24.00691,24.00691,24.00691,24.00691,24.00691,24.00691,24.00691,24.00691,7.426598,24.00691,23.8342
0,24.00691,24.00691,0,24.00691,24.00691,24.00691,24.00691,24.00691,24.00691,24.00691,24.00691,24.00691,24.00691,23.66149,7.253886,24.00691,24.00691,24.00691,24.00691,24.00691,24.00691,24.00691,7.426598,24.00691,23.8342,24.00691,24.00691,24.00691,24.00691,24.00691,24.00691,24.00691,24.00691,24.00691,7.426598,24.00691,23.8342,24.00691,24.00691,24.00691,24.00691,24.00691,24.00691,24.00691,24.00691,24.00691,7.426598,24.00691,23.8342
0,24.00691,24.00691,0,24.00691,24.00691,24.00691,24.00691,24.00691,24.00691,24.00691,24.00691,24.00691,24.00691,23.48877,8.635578,24.00691,24.00691,24.00691,24.00691,24.00691,24.00691,24.00691,7.426598,24.00691,23.8342,24.00691,24.00691,24.00691,24.00691,24.00691,24.00691,24.00691,24.00691,24.00691,7.426598,24.00691,23.8342,24.00691,24.00691,24.00691,24.00691,24.00691,24.00691,24.00691,24.00691,24.00691,7.426598,24.00691,23.8342
23.48877,24.00691,24.00691,3.454232,24.00691,24.00691,24.00691,24.00691,24.00691,24.00691,24.00691,24.00691,24.00691,24.00691,0,0,24.00691,24.00691,24.00691,24.00691,24.00691,24.00691,24.00691,7.426598,24.00691,23.8342,24.00691,24.00691,24.00691,24.00691,24.00691,24.00691,24.00691,24.00691,24.00691,7.426598,24.00691,23.8342,24.00691,24.00691,24.00691,24.00691,24.00691,24.00691,24.00691,24.00691,24.00691,7.426598,24.00691,23.8342
0.1727116,24.00691,24.00691,23.66149,24.00691,24.00691,24.00691,24.00691,24.00691,24.00691,24.00691,24.00691,24.00691,24.00691,2.590674,24.17962,24.00691,24.00691,24.00691,24.00691,24.00691,24.00691,24.00691,7.426598,24.00691,23.8342,24.00691,24.00691,24.00691,24.00691,24.00691,24.00691,24.00691,24.00691,24.00691,7.426598,24.00691,23.8342,24.00691,24.00691,24.00691,24.00691,24.00691,24.00691,24.00691,24.00691,24.00691,7.426598,24.00691,23.8342
24.69775,0,24.00691,2.936097,24.00691,24.00691,24.00691,24.00691,24.00691,24.00691,24.00691,24.00691,24.00691,24.00691,0.1727116,24.17962,24.00691,24.00691,24.00691,24.00691,24.00691,24.00691,24.00691,24.35233,24.00691,23.8342,24.00691,24.00691,24.00691,24.00691,24.00691,24.00691,24.00691,24.00691,24.00691,24.35233,24.00691,23.8342,24.00691,24.00691,24.00691,24.00691,24.00691,24.00691,24.00691,24.00691,24.00691,24.35233,24.00691,23.8342
24.69775,16.92573,23.66149,23.8342,24.00691,24.00691,24.00691,24.00691,24.00691,24.00691,24.00691,24.00691,24.00691,24.00691,24.00691,24.00691,24.00691,24.00691,24.00691,24.00691,99.65458,24.35233,24.35233,24.35233,24.35233,24.00691,24.00691,24.00691,24.00691,24.00691,24.00691,24.00691,24.00691,99.65458,24.35233,24.35233,24.35233,24.35233,24.00691,24.00691,24.00691,24.00691,24.00691,24.00691,24.00691,24.00691,99.65458,24.35233,24.35233,24.35233
99.65458,24.17962,8.635578,0,24.35233,24.35233,24.00691,24.00691,24.00691,24.35233,24.35233,99.65458,99.65458,99.65458,24.35233,24.35233,24.35233,24.35233,24.35233,24.35233,99.65458,24.35233,24.35233,24.35233,24.35233,24.35233,99.65458,99.65458,99.65458,24.35233,24.35233,24.35233,24.35233,99.65458,24.35233,24.35233,24.35233,24.35233,24.35233,24.35233,24.35233,24.35233,24.35233,99.65458,99.65458,99.65458,99.65458,24.35233,24.35233,24.35233
99.65458,24.35233,24.17962,0.1727116,0.1727116,99.65458,99.65458,99.65458,99.65458,99.65458,99.65458,99.65458,99.65458,99.65458,99.65458,99.82729,24.52504,99.65458,99.65458,99.65458,99.65458,99.65458,99.65458,99.65458,99.65458,99.65458,99.65458,99.65458,99.65458,99.65458,99.65458,99.82729,24.52504,99.65458,99.65458,99.65458,99.65458,99.65458,99.65458,99.65458,99.65458,99.65458,99.65458,99.65458,99.65458,99.65458,99.65458,99.82729,24.52504,99.65458
99.65458,0,23.8342,7.944732,99.65458,99.65458,99.65458,99.65458,99.65458,99.65458,99.65458,99.65458,99.65458,99.65458,99.65458,99.82729,99.65458,99.65458,99.65458,99.65458,99.65458,99.82729,99.82729,99.82729,99.65458,99.65458,99.65458,99.65458,99.65458,99.65458,99.65458,99.82729,99.65458,99.65458,99.82729,99.82729,99.82729,99.65458,99.65458,99.65458,99.65458,99.65458,99.65458,99.65458,99.65458,99.65458,99.82729,99.82729,99.82729,99.82729
7.599309,8.290155,0,7.944732,99.82729,99.82729,99.82729,99.82729,99.82729,99.82729,99.82729,99.65458,99.65458,99.65458,99.82729,99.82729,99.82729,99.82729,99.82729,99.82729,99.82729,99.82729,99.82729,99.82729,99.82729,99.82729,99.82729,99.82729,99.82729,99.82729,99.82729,99.82729,99.82729,99.82729,99.82729,99.82729,99.82729,99.82729,99.82729,99.82729,99.82729,99.82729,99.82729,99.82729,99.82729,99.82729,99.82729,99.82729,99.82729,99.82729
0,36.09672,99.82729,0.1727116,99.82729,99.82729,99.82729,99.82729,99.82729,99.82729,99.82729,99.82729,99.82729,99.82729,99.82729,99.82729,99.82729,99.82729,99.82729,99.82729,99.82729,99.82729,99.82729,99.82729,99.82729,99.82729,99.82729,99.82729,99.82729,99.82729,99.82729,99.82729,99.82729,99.82729,99.82729,99.82729,99.82729,99.82729,99.82729,99.82729,99.82729,99.82729,99.82729,99.82729,99.82729,99.82729,99.82729,99.82729,99.82729,99.82729
24.17962,23.8342,99.82729,0,99.82729,99.82729,99.82729,99.82729,99.82729,99.82729,99.82729,99.82729,99.82729,99.82729,99.82729,99.82729,99.82729,99.82729,99.82729,99.82729,99.82729,99.82729,99.82729,24.35233,24.52504,99.82729,99.82729,99.82729,99.82729,99.82729,99.82729,99.82729,99.82729,99.82729,99.82729,24.35233,24.52504,99.82729,99.82729,99.82729,99.82729,99.82729,99.82729,99.82729,99.82729,99.82729,99.82729,24.35233,24.52504,99.82729
0.1727116,7.944732,99.82729,0,99.82729,99.82729,99.82729,99.82729,99.82729,99.82729,99.82729,99.82729,99.82729,99.82729,99.82729,0.1727116,99.82729,99.82729,99.82729,99.82729,99.82729,99.82729,99.82729,24.35233,24.52504,99.82729,99.82729,99.82729,99.82729,99.82729,99.82729,99.82729,99.82729,99.82729,99.82729,24.35233,24.52504,99.82729,99.82729,99.82729,99.82729,99.82729,99.82729,99.82729,99.82729,99.82729,99.82729,24.35233,24.52504,99.82729
24.52504,0,99.82729,24.00691,99.82729,99.82729,99.82729,99.82729,99.82729,99.82729,99.82729,99.82729,99.82729,99.82729,99.82729,35.7513,99.82729,99.82729,99.82729,99.82729,99.82729,99.82729,99.82729,24.35233,24.52504,99.82729,99.82729,99.82729,99.82729,99.82729,99.82729,99.82729,99.82729,99.82729,99.82729,24.35233,24.52504,99.82729,99.82729,99.82729,99.82729,99.82729,99.82729,99.82729,99.82729,99.82729,99.82729,24.35233,24.52504,99.82729
6.908463,4.835924,99.82729,0.1727116,99.82729,99.82729,99.82729,99.82729,99.82729,99.82729,99.82729,99.82729,99.82729,99.82729,99.82729,24.35233,99.82729,99.82729,99.82729,99.82729,99.82729,99.82729,99.82729,24.35233,24.52504,99.82729,99.82729,99.82729,99.82729,99.82729,99.82729,99.82729,99.82729,99.82729,99.82729,24.35233,24.52504,99.82729,99.82729,99.82729,99.82729,99.82729,99.82729,99.82729,99.82729,99.82729,99.82729,24.35233,24.52504,99.82729
23.66149,0.1727116,99.82729,0,99.82729,99.82729,99.82729,99.82729,99.82729,99.82729,99.82729,99.82729,99.82729,99.82729,99.82729,24.52504,99.82729,99.82729,99.82729,99.82729,99.82729,99.82729,99.82729,24.35233,24.52504,99.82729,99.82729,99.82729,99.82729,99.82729,99.82729,99.82729,99.82729,99.82729,99.82729,24.35233,24.52504,99.82729,99.82729,99.82729,99.82729,99.82729,99.82729,99.82729,99.82729,99.82729,99.82729,24.35233,24.52504,99.82729
24.17962,23.66149,99.82729,0.1727116,99.82729,99.82729,99.82729,99.82729,99.82729,99.82729,99.82729,99.82729,99.82729,99.82729,99.82729,0.1727116,99.82729,99.82729,99.82729,99.82729,99.82729,99.82729,99.82729,24.35233,24.52504,99.82729,99.82729,99.82729,99.82729,99.82729,99.82729,99.82729,99.82729,99.82729,99.82729,24.35233,24.52504,99.82729,99.82729,99.82729,99.82729,99.82729,99.82729,99.82729,99.82729,99.82729,99.82729,24.35233,24.52504,99.82729
24.52504,99.82729,99.82729,0.1727116,99.82729,99.82729,99.82729,99.82729,99.82729,99.82729,99.82729,99.82729,99.82729,99.82729,99.82729,0,99.82729,99.82729,99.82729,99.82729,99.82729,99.82729,99.82729,24.35233,24.52504,99.82729,99.82729,99.82729,99.82729,99.82729,99.82729,99.82729,99.82729,99.82729,99.82729,24.35233,24.52504,99.82729,99.82729,99.82729,99.82729,99.82729,99.82729,99.82729,99.82729,99.82729,99.82729,24.35233,24.52504,99.82729
0,99.82729,99.82729,0.1727116,99.82729,99.82729,99.82729,99.82729,99.82729,99.82729,99.82729,99.82729,99.82729,99.82729,16.92573,23.31606,99.82729,99.82729,99.82729,99.82729,99.82729,99.82729,99.82729,99.82729,99.65458,24.52504,99.82729,99.82729,99.82729,99.82729,99.82729,99.82729,99.82729,99.82729,99.82729,99.82729,99.65458,24.52504,99.82729,99.82729,99.82729,99.82729,99.82729,99.82729,99.82729,99.82729,99.82729,99.82729,99.65458,24.52504
0,99.82729,99.82729,0,99.82729,99.82729,99.82729,99.82729,99.82729,99.82729,99.82729,99.82729,99.82729,99.82729,35.92401,0,99.82729,99.82729,99.82729,99.82729,99.82729,99.82729,99.82729,99.82729,99.65458,24.52504,99.82729,99.82729,99.82729,99.82729,99.82729,99.82729,99.82729,99.82729,99.82729,99.82729,99.65458,24.52504,99.82729,99.82729,99.82729,99.82729,99.82729,99.82729,99.82729,99.82729,99.82729,99.82729,99.65458,24.52504
0,99.82729,99.82729,1.727116,99.82729,99.82729,99.82729,99.82729,99.82729,99.82729,99.82729,99.82729,99.82729,99.82729,8.117444,24.00691,99.82729,99.82729,99.82729,99.82729,99.82729,99.82729,99.82729,99.82729,99.65458,24.52504,99.82729,99.82729,99.82729,99.82729,99.82729,99.82729,99.82729,99.82729,99.82729,99.82729,99.65458,24.52504,99.82729,99.82729,99.82729,99.82729,99.82729,99.82729,99.82729,99.82729,99.82729,99.82729,99.65458,24.52504
8.80829,99.82729,99.82729,23.48877,99.82729,99.82729,99.82729,99.82729,99.82729,99.82729,99.82729,99.82729,99.82729,99.82729,24.69775,23.48877,99.82729,99.82729,99.82729,99.82729,99.82729,99.82729,99.82729,99.82729,99.65458,24.52504,99.82729,99.82729,99.82729,99.82729,99.82729,99.82729,99.82729,99.82729,99.82729,99.82729,99.65458,24.52504,99.82729,99.82729,99.82729,99.82729,99.82729,99.82729,99.82729,99.82729,99.82729,99.82729,99.65458,24.52504
24.52504,99.82729,99.82729,0.1727116,99.82729,99.82729,99.82729,99.82729,99.82729,99.82729,99.82729,99.82729,99.82729,99.82729,0,24.17962,99.82729,99.82729,99.82729,99.82729,99.82729,99.82729,99.82729,99.82729,99.65458,24.52504,99.82729,99.82729,99.82729,99.82729,99.82729,99.82729,99.82729,99.82729,99.82729,99.82729,99.65458,24.52504,99.82729,99.82729,99.82729,99.82729,99.82729,99.82729,99.82729,99.82729,99.82729,99.82729,99.65458,24.52504
0.1727116,99.82729,99.82729,0,99.82729,99.82729,99.82729,99.82729,99.82729,99.82729,99.82729,99.82729,99.82729,99.82729,24.52504,99.65458,99.82729,99.82729,99.82729,99.82729,99.82729,99.82729,99.82729,99.82729,99.65458,24.52504,99.82729,99.82729,99.82729,99.82729,99.82729,99.82729,99.82729,99.82729,99.82729,99.82729,99.65458,24.52504,99.82729,99.82729,99.82729,99.82729,99.82729,99.82729,99.82729,99.82729,99.82729,99.82729,99.65458,24.52504
5.181347,99.82729,99.82729,0,99.82729,99.82729,99.82729,99.82729,99.82729,99.82729,99.82729,99.82729,99.82729,99.82729,8.117444,24.17962,99.82729,99.82729,99.82729,99.82729,99.82729,99.82729,99.82729,99.82729,99.65458,24.52504,99.82729,99.82729,99.82729,99.82729,99.82729,99.82729,99.82729,99.82729,99.82729,99.82729,99.65458,24.52504,99.82729,99.82729,99.82729,99.82729,99.82729,99.82729,99.82729,99.82729,99.82729,99.82729,99.65458,24.52504
99.65458,99.82729,99.82729,0,99.82729,99.82729,99.82729,99.82729,99.82729,99.82729,99.82729,99.82729,99.82729,99.82729,99.65458,2.936097,99.82729,99.82729,99.82729,99.82729,99.82729,99.82729,99.82729,99.82729,99.65458,24.52504,99.82729,99.82729,99.82729,99.82729,99.82729,99.82729,99.82729,99.82729,99.82729,99.82729,99.65458,24.52504,99.82729,99.82729,99.82729,99.82729,99.82729,99.82729,99.82729,99.82729,99.82729,99.82729,99.65458,24.52504
0.1727116,99.82729,99.82729,99.82729,99.82729,99.82729,99.82729,99.82729,99.82729,99.82729,99.82729,99.82729,99.82729,99.82729,35.92401,0,99.82729,99.82729,99.82729,99.82729,99.82729,99.82729,99.82729,99.82729,99.65458,24.52504,99.82729,99.82729,99.82729,99.82729,99.82729,99.82729,99.82729,99.82729,99.82729,99.82729,99.65458,24.52504,99.82729,99.82729,99.82729,99.82729,99.82729,99.82729,99.82729,99.82729,99.82729,99.82729,99.65458,24.52504
99.65458,99.82729,99.82729,99.82729,99.82729,99.82729,99.82729,99.82729,99.82729,99.82729,99.82729,99.82729,99.82729,99.82729,0,0,99.82729,99.82729,99.82729,99.82729,99.82729,99.82729,99.82729,99.82729,99.65458,24.17962,24.35233,99.82729,99.82729,99.82729,99.82729,99.82729,99.82729,99.82729,99.82729,99.82729,99.65458,24.17962,24.35233,99.82729,99.82729,99.82729,99.82729,99.82729,99.82729,99.82729,99.82729,99.82729,99.65458,24.17962
8.290155,99.82729,99.82729,99.82729,99.82729,99.82729,99.82729,99.82729,99.82729,99.82729,99.82729,99.82729,99.82729,3.28152,23.66149,23.48877,99.82729,99.82729,99.82729,99.82729,99.82729,99.82729,99.82729,99.82729,99.65458,24.17962,24.35233,99.82729,99.82729,99.82729,99.82729,99.82729,99.82729,99.82729,99.82729,99.82729,99.65458,24.17962,24.35233,99.82729,99.82729,99.82729,99.82729,99.82729,99.82729,99.82729,99.82729,99.82729,99.65458,24.17962
0.1727116,99.82729,99.82729,99.82729,99.82729,99.82729,99.82729,99.82729,99.82729,99.82729,99.82729,99.82729,99.82729,0.1727116,0.1727116,24.35233,99.82729,99.82729,99.82729,99.82729,99.82729,99.82729,99.82729,99.82729,99.65458,24.17962,24.35233,99.82729,99.82729,99.82729,99.82729,99.82729,99.82729,99.82729,99.82729,99.82729,99.65458,24.17962,24.35233,99.82729,99.82729,99.82729,99.82729,99.82729,99.82729,99.82729,99.82729,99.82729,99.65458,24.17962
24.52504,99.82729,99.82729,99.82729,99.82729,99.82729,99.82729,99.82729,99.82729,99.82729,99.82729,99.82729,99.82729,0.1727116,0,0,99.82729,99.82729,99.82729,99.82729,99.82729,99.82729,99.82729,99.82729,99.65458,24.17962,24.35233,99.82729,99.82729,99.82729,99.82729,99.82729,99.82729,99.82729,99.82729,99.82729,99.65458,24.17962,24.35233,99.82729,99.82729,99.82729,99.82729,99.82729,99.82729,99.82729,99.82729,99.82729,99.65458,24.17962
99.82729,99.82729,99.82729,99.82729,99.82729,99.82729,99.82729,99.82729,99.82729,99.82729,99.82729,99.82729,99.82729,0,0.1727116,0.1727116,99.82729,99.82729,99.82729,99.82729,99.82729,99.82729,99.82729,99.82729,99.65458,24.17962,24.35233,99.82729,99.82729,99.82729,99.82729,99.82729,99.82729,99.82729,99.82729,99.82729,99.65458,24.17962,24.35233,99.82729,99.82729,99.82729,99.82729,99.82729,99.82729,99.82729,99.82729,99.82729,99.65458,24.17962
99.82729,99.82729,99.82729,99.82729,99.82729,99.82729,99.82729,99.82729,99.82729,99.82729,99.82729,99.82729,99.82729,0,0,0.1727116,99.82729,99.82729,99.82729,99.82729,99.82729,99.82729,99.82729,35.57858,99.65458,99.65458,24.17962,24.35233,99.82729,99.82729,99.82729,99.82729,99.82729,99.82729,99.82729,35.57858,99.65458,99.65458,24.17962,24.35233,99.82729,99.82729,99.82729,99.82729,99.82729,99.82729,99.82729,35.57858,99.65458,99.65458
99.82729,99.82729,99.82729,99.82729,99.82729,99.82729,99.82729,99.82729,99.82729,99.82729,99.82729,99.82729,24.35233,8.981002,99.65458,0,99.82729,99.82729,99.82729,99.82729,99.82729,99.82729,99.82729,35.57858,99.65458,99.65458,24.17962,24.35233,99.82729,99.82729,99.82729,99.82729,99.82729,99.82729,99.82729,35.57858,99.65458,99.65458,24.17962,24.35233,99.82729,99.82729,99.82729,99.82729,99.82729,99.82729,99.82729,35.57858,99.65458,99.65458
99.82729,99.82729,99.82729,99.82729,99.82729,99.82729,99.82729,99.82729,99.82729,99.82729,99.82729,99.82729,99.65458,0,0,0.1727116,99.82729,99.82729,99.82729,99.82729,99.82729,99.82729,99.82729,35.57858,99.65458,99.65458,24.17962,24.35233,99.82729,99.82729,99.82729,99.82729,99.82729,99.82729,99.82729,35.57858,99.65458,99.65458,24.17962,24.35233,99.82729,99.82729,99.82729,99.82729,99.82729,99.82729,99.82729,35.57858,99.65458,99.65458
99.82729,99.82729,99.82729,99.82729,99.82729,99.82729,99.82729,99.82729,99.82729,99.82729,99.82729,99.82729,0,0,0,0,99.82729,99.82729,99.82729,99.82729,99.82729,99.82729,99.82729,35.57858,99.65458,99.65458,24.17962,24.35233,99.82729,99.82729,99.82729,99.82729,99.82729,99.82729,99.82729,35.57858,99.65458,99.65458,24.17962,24.35233,99.82729,99.82729,99.82729,99.82729,99.82729,99.82729,99.82729,35.57858,99.65458,99.65458
99.82729,99.82729,99.82729,99.82729,99.82729,99.82729,99.82729,99.82729,99.82729,99.82729,99.82729,99.82729,99.65458,0,16.75302,0,99.82729,99.82729,99.82729,99.82729,99.82729,99.82729,99.82729,35.57858,99.65458,99.65458,24.17962,24.35233,99.82729,99.82729,99.82729,99.82729,99.82729,99.82729,99.82729,35.57858,99.65458,99.65458,24.17962,24.35233,99.82729,99.82729,99.82729,99.82729,99.82729,99.82729,99.82729,35.57858,99.65458,99.65458
99.82729,99.82729,99.82729,99.82729,99.82729,99.82729,99.82729,99.82729,99.82729,99.82729,99.82729,99.82729,24.35233,8.290155,99.82729,24.17962,99.82729,99.82729,99.82729,99.82729,99.82729,99.82729,99.82729,35.57858,99.65458,99.65458,24.17962,24.35233,99.82729,99.82729,99.82729,99.82729,99.82729,99.82729,99.82729,35.57858,99.65458,99.65458,24.17962,24.35233,99.82729,99.82729,99.82729,99.82729,99.82729,99.82729,99.82729,35.57858,99.65458,99.65458
