0.3454231
0.8095855
1.079447
2.1481
2.806563
3.238342
5.224525
5.310881
8.419689
11.1399
14.10838
16.28886
15.99741
14.93955
15.2418
17.1956
16.05138
19.98057
18.97668
15.13385
18.23186
18.75
18.17789
18.99827
28.43264
23.13256
36.58247
54.58765
58.13903
57.90155
59.42358
62.33808
63.44991
69.81865
62.14378
58.94862
58.08506
51.39249
59.01339
55.89378
55.90458
53.23834
48.057
47.0747
48.057
52.46114
51.60838
44.50561
44.00907
45.47712
46.40544
46.56736
57.93394
57.37262
57.95553
63.59024
66.88255
66.85017
66.87177
67.1848
67.87565
69.22496
65.91106
71.86961
73.07858
76.1766
74.6006
75.05397
74.55743
