0.6140845
4.432367
3.583765
4.418498
2.685743
6.067605
10.88164
5.872193
27.587
13.30321
70.7493
24.05797
7.944732
76.37363
28.31325
86.18591
25.56763
23.67588
99.47344
42.74598
85.97183
25.83333
23.73345
99.72527
45.75803
83.52676
25.83333
23.73345
99.72527
45.75803
74.87324
29.85507
23.74784
99.72527
50.251
68.99155
29.79469
23.79102
99.70238
54.74398
72.89014
29.78261
23.80541
99.67949
59.23695
71.08169
29.78261
23.80541
99.67949
59.23695
72.50141
25.74879
23.81981
99.67949
59.23695
70.78873
25.74879
23.81981
99.67949
59.23695
70.73803
25.74879
23.81981
99.67949
59.23695
70.73239
25.74879
23.81981
99.67949
59.23695
