0.1690141
0.1295775
0.6140845
0.6985915
0.7267606
1.380282
2.056338
6.067605
9.802817
24.55775
31.76338
53.88733
70.7493
74.0676
73.83662
75.2507
84.46761
86.18591
85.6507
89.40845
90.96338
90.99155
85.97183
85.54366
83.48169
85.26761
85.39719
83.52676
83.78592
85.2507
84.95775
85.70704
74.87324
76.18028
77.72395
74.8338
70.68169
68.99155
70.09577
69.24507
70.98028
70.96902
72.89014
71.40845
69.41972
71.2338
74.83944
71.08169
69.46479
69.92676
69.41972
74.82253
72.50141
70.77747
74.01127
75.94366
70.73803
70.78873
72.78873
70.80563
70.73239
72.95775
70.73803
70.73803
71.24507
72.63099
73.96619
70.73239
72.45071
