0,0,26.19718,0,0,0,0,0,0,0,0,0,0,0,0.2816902,0,0,0,0,0,0,0,0,0,0,0,0.2816902,0.2816902,0,0,0,0,0,0,0,0,0.2816902,0,0,2.816901,0,0.2816902,0.2816902,0,0,0,0,0,0,0
21.5942,1.449275,6.811594,6.811594,2.753623,6.811594,6.811594,0,0,0,0.1449275,0
7.944732,3.108808,7.772021,7.772021,0.6908463,7.772021,7.772021,0,0,0,0.1727116,0
11.26374,11.53846,6.043956,6.043956,3.846154,6.043956,6.043956,0.2747253,0.2747253,0.2747253,1.098901,0.2747253
27.71084,3.012048,0.3012048,0.3012048,0.3012048,0.3012048,0.3012048,0,0,0,0,0
0,0,0,75.49296,23.09859,26.47887,23.09859,0.2816902,0.2816902,0.2816902,0.2816902,0.2816902,0.2816902,0.2816902,0.2816902,0.2816902,0.2816902,0.2816902,0.2816902,0.2816902,25.91549,0,2.253521,2.816901,2.253521,23.09859,0.2816902,0.2816902,0.2816902,0.2816902,0.2816902,0.2816902,25.91549,0,2.253521,2.816901,2.253521,2.253521,23.09859,2.816901,0.2816902,0.2816902,0.2816902,0.2816902,0.2816902,0.2816902,25.91549,0,2.253521,2.253521
24.78261,21.88406,21.5942,21.5942,21.5942,1.449275,1.014493,1.014493,1.014493,1.014493,6.811594,6.811594
8.635578,8.290155,7.944732,7.944732,7.944732,3.108808,2.763385,2.763385,2.763385,2.763385,7.772021,7.772021
54.94505,12.08791,11.26374,11.26374,11.26374,11.53846,51.64835,51.64835,51.64835,51.64835,6.043956,6.043956
36.14458,28.01205,27.40964,27.40964,27.40964,3.012048,2.409639,2.409639,2.409639,2.409639,0.3012048,0.3012048
0,0,0,0,76.90141,76.90141,76.90141,76.90141,76.90141,76.90141,76.90141,76.90141,76.90141,76.90141,76.90141,76.90141,76.90141,76.90141,76.90141,76.90141,76.90141,76.90141,76.90141,76.90141,76.90141,76.90141,76.90141,76.90141,76.90141,76.90141,76.90141,76.90141,76.90141,76.90141,76.90141,76.90141,76.90141,76.90141,76.90141,76.90141,76.90141,76.90141,76.90141,76.90141,76.90141,76.90141,76.90141,76.90141,76.90141,76.90141
24.05797,24.05797,24.05797,24.05797,24.05797,24.05797,24.05797,24.05797,24.05797,24.05797,24.05797,24.05797
7.944732,7.944732,7.944732,7.944732,7.944732,7.944732,7.944732,7.944732,7.944732,7.944732,7.944732,7.944732
76.37363,76.37363,76.37363,76.37363,76.37363,76.37363,76.37363,76.37363,76.37363,76.37363,76.37363,76.37363
28.31325,28.31325,28.31325,28.31325,28.31325,28.31325,28.31325,28.31325,28.31325,28.31325,28.31325,28.31325
89.85915,89.85915,0,76.33803,99.15493,89.85915,89.85915,89.85915,89.85915,89.85915,89.85915,89.85915,89.85915,89.85915,89.85915,0.2816902,89.85915,89.85915,89.85915,89.85915,89.85915,89.85915,89.85915,89.85915,89.85915,89.85915,89.85915,89.85915,89.85915,89.85915,89.85915,89.85915,89.85915,89.85915,89.85915,89.85915,89.85915,89.85915,89.85915,89.85915,89.85915,89.85915,89.85915,89.85915,89.85915,89.85915,89.85915,89.85915,89.85915,89.85915
26.23188,25.50725,25.50725,25.50725,25.50725,25.50725,25.50725,25.50725,25.50725,25.50725,25.50725,25.50725
23.8342,23.66149,23.66149,23.66149,23.66149,23.66149,23.66149,23.66149,23.66149,23.66149,23.66149,23.66149
99.72527,99.45055,99.45055,99.45055,99.45055,99.45055,99.45055,99.45055,99.45055,99.45055,99.45055,99.45055
45.78313,35.24096,45.18072,45.18072,45.18072,35.24096,45.18072,45.18072,45.18072,45.18072,35.24096,45.18072
0.2816902,0,0,99.43662,0,99.43662,99.43662,99.15493,99.43662,99.43662,99.43662,99.43662,99.43662,99.43662,99.43662,99.43662,99.43662,99.43662,99.43662,99.43662,99.43662,99.43662,80.56338,99.43662,99.43662,99.43662,99.15493,89.85915,99.15493,99.43662,99.43662,99.43662,99.43662,99.43662,99.43662,99.43662,0.2816902,89.85915,99.15493,89.85915,99.15493,99.43662,99.43662,99.43662,99.43662,99.43662,99.43662,80.56338,0.2816902,89.85915
25.94203,25.7971,25.94203,25.7971,25.94203,25.7971,25.7971,25.7971,25.7971,25.7971,25.7971,25.7971
23.8342,23.66149,24.00691,23.66149,24.00691,23.66149,23.66149,23.66149,23.66149,23.66149,23.66149,23.66149
99.72527,99.72527,99.72527,99.72527,99.72527,99.72527,99.72527,99.72527,99.72527,99.72527,99.72527,99.72527
45.48193,45.78313,45.78313,45.78313,45.78313,45.78313,45.78313,45.78313,45.78313,45.78313,45.78313,45.78313
2.816901,0,0,99.43662,2.816901,99.43662,99.43662,99.15493,99.43662,99.43662,99.43662,99.43662,99.43662,99.43662,99.43662,99.43662,99.43662,99.43662,99.43662,99.43662,99.43662,99.43662,99.43662,80.56338,0.2816902,89.85915,99.15493,89.85915,99.15493,99.43662,99.43662,99.43662,99.43662,99.43662,99.43662,80.56338,0.2816902,89.85915,99.15493,89.85915,99.15493,99.43662,99.43662,99.43662,99.43662,99.43662,99.43662,80.56338,0.2816902,89.85915
25.94203,25.7971,25.94203,25.7971,25.94203,25.7971,25.7971,25.7971,25.7971,25.7971,25.7971,25.7971
23.8342,23.66149,24.00691,23.66149,24.00691,23.66149,23.66149,23.66149,23.66149,23.66149,23.66149,23.66149
99.72527,99.72527,99.72527,99.72527,99.72527,99.72527,99.72527,99.72527,99.72527,99.72527,99.72527,99.72527
45.48193,45.78313,45.78313,45.78313,45.78313,45.78313,45.78313,45.78313,45.78313,45.78313,45.78313,45.78313
0.8450704,99.43662,2.535211,99.43662,2.816901,99.43662,99.43662,99.15493,99.43662,99.43662,99.43662,99.43662,99.43662,99.43662,99.43662,99.43662,89.85915,99.15493,99.43662,99.43662,99.43662,99.43662,99.43662,0.2816902,2.253521,0.2816902,89.85915,99.15493,89.85915,99.15493,99.43662,99.43662,99.43662,99.43662,99.43662,0.2816902,2.253521,0.2816902,89.85915,99.15493,89.85915,99.15493,99.43662,99.43662,99.43662,99.43662,99.43662,0.2816902,2.253521,0.2816902
74.05797,25.94203,25.7971,25.94203,25.7971,25.94203,25.7971,25.7971,25.7971,25.7971,25.7971,25.7971
23.8342,23.8342,23.66149,24.00691,23.66149,24.00691,23.66149,23.66149,23.66149,23.66149,23.66149,23.66149
99.72527,99.72527,99.72527,99.72527,99.72527,99.72527,99.72527,99.72527,99.72527,99.72527,99.72527,99.72527
99.69879,45.48193,45.78313,45.78313,45.78313,45.78313,45.78313,45.78313,45.78313,45.78313,45.78313,45.78313
99.71831,99.43662,0,99.43662,0,99.43662,99.43662,2.816901,99.43662,99.43662,99.43662,99.43662,99.43662,99.43662,99.43662,0,99.15493,89.85915,99.15493,99.43662,99.43662,99.43662,99.43662,0,2.816901,2.253521,0.2816902,89.85915,99.15493,89.85915,99.15493,99.43662,99.43662,99.43662,99.43662,0,2.816901,2.253521,0.2816902,89.85915,99.15493,89.85915,99.15493,99.43662,99.43662,99.43662,99.43662,0,2.816901,2.253521
25.07246,74.05797,25.94203,25.7971,25.94203,25.7971,25.94203,25.7971,25.7971,25.7971,25.7971,25.7971
24.17962,23.8342,23.8342,23.66149,24.00691,23.66149,24.00691,23.66149,23.66149,23.66149,23.66149,23.66149
99.45055,99.72527,99.72527,99.72527,99.72527,99.72527,99.72527,99.72527,99.72527,99.72527,99.72527,99.72527
99.69879,99.69879,45.48193,45.78313,45.78313,45.78313,45.78313,45.78313,45.78313,45.78313,45.78313,45.78313
99.71831,99.43662,85.6338,99.43662,99.43662,99.43662,99.43662,2.816901,99.43662,99.43662,99.43662,99.43662,99.43662,99.43662,85.6338,0,89.85915,99.15493,89.85915,99.15493,99.43662,99.43662,99.43662,0,2.816901,2.253521,26.47887,89.85915,89.85915,99.15493,89.85915,99.15493,99.43662,99.43662,99.43662,0,2.816901,2.253521,26.47887,89.85915,89.85915,99.15493,89.85915,99.15493,99.43662,99.43662,99.43662,0,2.816901,2.253521
25.07246,74.05797,25.94203,25.65217,25.7971,25.94203,25.7971,25.94203,25.7971,25.7971,25.7971,25.7971
24.17962,23.8342,23.8342,23.8342,23.66149,24.00691,23.66149,24.00691,23.66149,23.66149,23.66149,23.66149
99.45055,99.72527,99.72527,99.45055,99.72527,99.72527,99.72527,99.72527,99.72527,99.72527,99.72527,99.72527
99.69879,99.69879,45.48193,99.69879,45.78313,45.78313,45.78313,45.78313,45.78313,45.78313,45.78313,45.78313
99.71831,99.43662,81.97183,99.43662,99.43662,99.43662,99.43662,0,99.43662,99.43662,99.43662,99.43662,99.43662,99.43662,1.690141,0,89.85915,99.15493,89.85915,99.15493,99.43662,99.43662,99.43662,0,2.816901,2.253521,26.47887,89.85915,89.85915,99.15493,89.85915,99.15493,99.43662,99.43662,99.43662,0,2.816901,2.253521,26.47887,89.85915,89.85915,99.15493,89.85915,99.15493,99.43662,99.43662,99.43662,0,2.816901,2.253521
25.07246,74.05797,25.94203,25.65217,25.7971,25.94203,25.7971,25.94203,25.7971,25.7971,25.7971,25.7971
24.17962,23.8342,23.8342,23.8342,23.66149,24.00691,23.66149,24.00691,23.66149,23.66149,23.66149,23.66149
99.45055,99.72527,99.72527,99.45055,99.72527,99.72527,99.72527,99.72527,99.72527,99.72527,99.72527,99.72527
99.69879,99.69879,45.48193,99.69879,45.78313,45.78313,45.78313,45.78313,45.78313,45.78313,45.78313,45.78313
99.71831,0,99.71831,99.43662,99.43662,99.43662,99.43662,0.2816902,99.43662,99.43662,99.43662,99.43662,99.43662,99.43662,2.253521,85.91549,89.85915,99.15493,89.85915,99.15493,99.43662,99.43662,99.43662,0,27.04225,0,26.47887,89.85915,89.85915,99.15493,89.85915,99.15493,99.43662,99.43662,99.43662,0,27.04225,0,26.47887,89.85915,89.85915,99.15493,89.85915,99.15493,99.43662,99.43662,99.43662,0,27.04225,0
25.07246,25.65217,25.94203,25.65217,25.7971,25.94203,25.7971,25.94203,25.7971,25.7971,25.7971,25.7971
24.17962,24.00691,23.8342,23.8342,23.66149,24.00691,23.66149,24.00691,23.66149,23.66149,23.66149,23.66149
99.45055,99.72527,99.72527,99.45055,99.72527,99.72527,99.72527,99.72527,99.72527,99.72527,99.72527,99.72527
99.69879,99.69879,45.48193,99.69879,45.78313,45.78313,45.78313,45.78313,45.78313,45.78313,45.78313,45.78313
99.71831,0,99.71831,99.43662,99.43662,99.43662,99.43662,0,99.43662,99.43662,99.43662,99.43662,99.43662,99.43662,2.816901,0,89.85915,99.15493,89.85915,99.15493,99.43662,99.43662,99.43662,0,27.04225,0,26.47887,89.85915,89.85915,99.15493,89.85915,99.15493,99.43662,99.43662,99.43662,0,27.04225,0,26.47887,89.85915,89.85915,99.15493,89.85915,99.15493,99.43662,99.43662,99.43662,0,27.04225,0
25.07246,25.65217,25.94203,25.65217,25.7971,25.94203,25.7971,25.94203,25.7971,25.7971,25.7971,25.7971
24.17962,24.00691,23.8342,23.8342,23.66149,24.00691,23.66149,24.00691,23.66149,23.66149,23.66149,23.66149
99.45055,99.72527,99.72527,99.45055,99.72527,99.72527,99.72527,99.72527,99.72527,99.72527,99.72527,99.72527
99.69879,99.69879,45.48193,99.69879,45.78313,45.78313,45.78313,45.78313,45.78313,45.78313,45.78313,45.78313
99.71831,0,99.71831,99.43662,99.43662,99.43662,99.43662,0.2816902,99.43662,99.43662,99.43662,99.43662,99.43662,99.43662,0,0,89.85915,99.15493,89.85915,99.15493,99.43662,99.43662,99.43662,0,27.04225,0,26.47887,89.85915,89.85915,99.15493,89.85915,99.15493,99.43662,99.43662,99.43662,0,27.04225,0,26.47887,89.85915,89.85915,99.15493,89.85915,99.15493,99.43662,99.43662,99.43662,0,27.04225,0
25.07246,25.65217,25.94203,25.65217,25.7971,25.94203,25.7971,25.94203,25.7971,25.7971,25.7971,25.7971
24.17962,24.00691,23.8342,23.8342,23.66149,24.00691,23.66149,24.00691,23.66149,23.66149,23.66149,23.66149
99.45055,99.72527,99.72527,99.45055,99.72527,99.72527,99.72527,99.72527,99.72527,99.72527,99.72527,99.72527
99.69879,99.69879,45.48193,99.69879,45.78313,45.78313,45.78313,45.78313,45.78313,45.78313,45.78313,45.78313
99.71831,0,99.71831,99.43662,99.43662,99.43662,99.43662,0,99.43662,99.43662,99.43662,99.43662,99.43662,99.43662,0,0,89.85915,99.15493,89.85915,99.15493,99.43662,99.43662,99.43662,0,27.04225,0,26.47887,89.85915,89.85915,99.15493,89.85915,99.15493,99.43662,99.43662,99.43662,0,27.04225,0,26.47887,89.85915,89.85915,99.15493,89.85915,99.15493,99.43662,99.43662,99.43662,0,27.04225,0
25.07246,25.65217,25.94203,25.65217,25.7971,25.94203,25.7971,25.94203,25.7971,25.7971,25.7971,25.7971
24.17962,24.00691,23.8342,23.8342,23.66149,24.00691,23.66149,24.00691,23.66149,23.66149,23.66149,23.66149
99.45055,99.72527,99.72527,99.45055,99.72527,99.72527,99.72527,99.72527,99.72527,99.72527,99.72527,99.72527
99.69879,99.69879,45.48193,99.69879,45.78313,45.78313,45.78313,45.78313,45.78313,45.78313,45.78313,45.78313
