3.565934
3.835165
5.263736
10.52198
14.47802
16.72528
27.88461
41.03846
42.82967
44.95604
49.35165
70.92857
71.81319
76.36813
74.32417
75.55495
74.26373
75.44505
74.90659
75.78022
76.93956
75.38461
76.48901
75.66483
76.12088
76.12088
85.01099
97.68681
93.20879
89.44505
92.61539
93.97253
92.42308
88.85714
88.92308
88.61539
89.73627
89.51649
88.0989
88.54395
87.52747
92.99451
86.38461
89.50549
89.51649
93.06593
91.01099
92.10989
87.58242
91.08791
89.64835
87.52747
89.75824
88.8022
92.52198
91.08791
89.50549
88.93956
90.2033
88.62088
89.50549
89.34066
89.02747
91.01099
89.41209
91.3022
92.51099
89.13187
85.88461
