1.203297
1.5
2.313187
4.32967
12.37912
13.67033
17.25824
17.24725
18.30769
17.97802
16.54945
17.18132
19.86264
21.02747
29.17583
29.2033
29.45604
29.36264
29.08242
29.40659
29.41758
29.60439
29.31868
29.57143
29.16483
30.40659
31.57143
36.15385
48.51099
41.86264
43.99451
44.78571
45.31319
45.52747
46.47802
49.87363
46.74725
46.3956
45.96703
47.8022
46.68681
48.57143
47.42308
46.32967
46.35165
46.60989
47.33516
45.10989
43.02747
42.22527
42.42308
43.73626
41.74725
42.6044
42.67033
43.78022
45.24176
45.71429
51.29121
68.26923
94.01099
94.59341
95.18681
96.78022
88.84066
89.04395
88.64286
89.81319
93.61539
