18.68132,0.2747253,4.120879,0.2747253,0.5494506,0.5494506,0.2747253,0.2747253,1.373626,0.2747253,0.5494506,0.2747253,0.2747253,1.373626,4.120879,0.2747253,0.8241758,0.2747253,0.8241758,0.8241758,2.747253,0.5494506,0.5494506,0.2747253,7.417583,0.8241758,0.2747253,0.2747253,0.2747253,0.2747253,0.2747253,0.5494506,0.2747253,0.2747253,1.373626,0.2747253,0.5494506,0.2747253,0.2747253,0.2747253,3.296703,0.5494506,0.2747253,0.2747253,0.2747253,0.2747253,0.2747253,0.2747253,0.2747253,0.2747253
18.68132,0.5494506,2.747253,11.81319,2.747253,0.2747253,0.2747253,0.2747253,2.472528,0.2747253,0.2747253,0.5494506,0.2747253,0.5494506,4.120879,0.2747253,0.2747253,0.2747253,0.8241758,0.8241758,0.2747253,0.2747253,0.5494506,0.2747253,7.417583,0.8241758,2.472528,0.2747253,0.2747253,0.5494506,0.2747253,0.5494506,0.5494506,0.2747253,1.373626,0.2747253,0.5494506,0.2747253,0.2747253,0.2747253,3.296703,0.5494506,0.2747253,2.472528,0.2747253,0.2747253,0.5494506,0.2747253,0.5494506,0.2747253
18.68132,0.8241758,0.2747253,11.81319,0.2747253,1.923077,2.472528,0.8241758,2.197802,0.2747253,0.2747253,0.2747253,0.5494506,0.2747253,12.91209,0.2747253,0.5494506,0.2747253,2.472528,0.8241758,2.197802,0.2747253,0.2747253,0.2747253,7.417583,0.8241758,2.472528,0.5494506,0.2747253,0.5494506,12.91209,0.5494506,0.5494506,0.2747253,0.5494506,0.2747253,0.5494506,2.472528,0.8241758,2.197802,3.296703,0.5494506,0.2747253,2.472528,0.2747253,0.2747253,0.5494506,0.2747253,12.91209,0.2747253
18.68132,1.373626,0.5494506,0.2747253,11.53846,2.472528,2.472528,2.197802,0.2747253,0.2747253,0.5494506,0.2747253,1.923077,12.91209,12.91209,12.91209,12.91209,0.2747253,2.472528,2.472528,2.197802,0.2747253,0.2747253,0.5494506,0.2747253,1.923077,2.472528,12.91209,12.91209,0.5494506,12.91209,0.5494506,0.5494506,12.91209,0.5494506,0.2747253,0.5494506,2.472528,2.472528,2.472528,2.197802,0.2747253,0.2747253,2.472528,0.5494506,0.2747253,1.923077,12.91209,12.91209,12.91209
18.68132,0.2747253,0.5494506,0.2747253,0.8241758,12.91209,12.91209,12.91209,12.91209,12.91209,12.91209,12.91209,18.68132,12.91209,12.91209,12.91209,12.91209,12.91209,12.91209,12.91209,12.91209,12.91209,12.91209,12.91209,12.91209,12.91209,12.91209,12.91209,12.91209,12.91209,12.91209,18.68132,12.91209,12.91209,12.91209,12.91209,12.91209,12.91209,12.91209,12.91209,12.91209,12.91209,12.91209,12.91209,18.68132,12.91209,12.91209,12.91209,12.91209,12.91209
18.68132,0.8241758,1.373626,0.5494506,0.2747253,12.91209,12.91209,12.91209,12.91209,12.91209,12.91209,12.91209,18.68132,12.91209,12.91209,12.91209,12.91209,12.91209,12.91209,12.91209,12.91209,18.68132,18.68132,18.68132,18.68132,12.91209,12.91209,12.91209,12.91209,12.91209,12.91209,18.68132,12.91209,12.91209,18.68132,18.68132,18.68132,18.68132,12.91209,12.91209,12.91209,12.91209,12.91209,12.91209,18.68132,12.91209,12.91209,18.68132,18.68132,18.68132
18.68132,0.2747253,0.2747253,0.2747253,2.747253,18.68132,18.68132,18.68132,18.68132,18.68132,18.68132,18.68132,18.68132,18.68132,18.68132,18.68132,18.68132,18.68132,18.68132,18.68132,18.68132,18.68132,18.68132,18.68132,18.68132,18.68132,18.68132,18.68132,18.68132,18.68132,18.68132,18.68132,18.68132,18.68132,18.68132,18.68132,18.68132,18.68132,18.68132,18.68132,18.68132,18.68132,18.68132,18.68132,18.68132,18.68132,18.68132,18.68132,18.68132,18.68132
18.68132,0.2747253,2.197802,0.2747253,0.2747253,18.68132,18.68132,18.68132,18.68132,18.68132,18.68132,18.68132,18.68132,18.68132,18.68132,18.68132,18.68132,18.68132,18.68132,18.68132,18.68132,18.68132,18.68132,18.68132,18.68132,18.68132,18.68132,18.68132,18.68132,18.68132,18.68132,18.68132,18.68132,18.68132,18.68132,18.68132,18.68132,18.68132,18.68132,18.68132,18.68132,18.68132,18.68132,18.68132,18.68132,18.68132,18.68132,18.68132,18.68132,18.68132
18.68132,52.47253,2.197802,0.2747253,1.098901,18.68132,18.68132,18.68132,18.68132,18.68132,18.68132,18.68132,18.68132,18.68132,18.68132,18.68132,18.68132,18.68132,18.68132,18.68132,18.68132,18.68132,18.68132,18.68132,18.68132,18.68132,18.68132,18.68132,18.68132,18.68132,18.68132,18.68132,18.68132,18.68132,18.68132,18.68132,18.68132,18.68132,18.68132,18.68132,18.68132,18.68132,18.68132,18.68132,18.68132,18.68132,18.68132,18.68132,18.68132,18.68132
51.92308,52.47253,12.91209,12.36264,0.2747253,18.68132,18.68132,18.68132,18.68132,18.68132,18.68132,18.68132,18.68132,18.68132,18.68132,18.68132,18.68132,18.68132,18.68132,18.68132,18.68132,18.68132,18.68132,13.18681,0.2747253,18.68132,18.68132,18.68132,18.68132,18.68132,18.68132,18.68132,18.68132,18.68132,18.68132,13.18681,0.2747253,18.68132,18.68132,18.68132,18.68132,18.68132,18.68132,18.68132,18.68132,18.68132,18.68132,13.18681,0.2747253,18.68132
0.2747253,52.47253,4.120879,0.2747253,1.373626,18.68132,18.68132,18.68132,18.68132,18.68132,18.68132,18.68132,18.68132,18.68132,18.68132,18.68132,18.68132,18.68132,18.68132,18.68132,18.68132,18.68132,18.68132,13.18681,0.2747253,18.68132,18.68132,18.68132,18.68132,18.68132,18.68132,18.68132,18.68132,18.68132,18.68132,13.18681,0.2747253,18.68132,18.68132,18.68132,18.68132,18.68132,18.68132,18.68132,18.68132,18.68132,18.68132,13.18681,0.2747253,18.68132
0.8241758,52.47253,35.16484,0.2747253,1.373626,18.68132,18.68132,18.68132,18.68132,18.68132,18.68132,18.68132,18.68132,18.68132,18.68132,18.68132,18.68132,18.68132,18.68132,18.68132,18.68132,18.68132,18.68132,13.18681,0.2747253,18.68132,18.68132,18.68132,18.68132,18.68132,18.68132,18.68132,18.68132,18.68132,18.68132,13.18681,0.2747253,18.68132,18.68132,18.68132,18.68132,18.68132,18.68132,18.68132,18.68132,18.68132,18.68132,13.18681,0.2747253,18.68132
48.9011,52.47253,35.16484,0.2747253,4.67033,18.68132,18.68132,18.68132,18.68132,18.68132,18.68132,18.68132,18.68132,18.68132,18.68132,52.74725,18.68132,18.68132,18.68132,18.68132,18.68132,18.68132,18.68132,13.18681,0.2747253,34.89011,18.68132,18.68132,18.68132,18.68132,18.68132,18.68132,18.68132,18.68132,18.68132,13.18681,0.2747253,34.89011,18.68132,18.68132,18.68132,18.68132,18.68132,18.68132,18.68132,18.68132,18.68132,13.18681,0.2747253,34.89011
0.8241758,1.923077,35.16484,0.2747253,0.2747253,34.89011,18.68132,18.68132,18.68132,18.68132,18.68132,18.68132,18.68132,18.68132,18.68132,52.74725,18.68132,18.68132,18.68132,18.68132,12.91209,0.2747253,34.89011,34.89011,34.89011,34.89011,34.89011,18.68132,18.68132,18.68132,18.68132,18.68132,18.68132,12.91209,0.2747253,34.89011,34.89011,34.89011,34.89011,34.89011,18.68132,18.68132,18.68132,18.68132,18.68132,18.68132,12.91209,0.2747253,34.89011,34.89011
0.2747253,0.2747253,3.846154,1.373626,34.89011,34.89011,34.89011,34.89011,34.89011,34.89011,34.89011,34.89011,12.91209,0.2747253,34.89011,52.74725,34.89011,34.89011,34.89011,34.89011,34.89011,34.89011,34.89011,34.89011,34.89011,34.89011,34.89011,34.89011,34.89011,34.89011,12.91209,0.2747253,34.89011,34.89011,34.89011,34.89011,34.89011,34.89011,34.89011,34.89011,34.89011,34.89011,34.89011,34.89011,34.89011,34.89011,34.89011,12.91209,0.2747253,34.89011
2.197802,3.296703,1.373626,0.2747253,34.89011,34.89011,34.89011,34.89011,34.89011,34.89011,34.89011,34.89011,34.89011,34.89011,34.89011,52.74725,34.89011,34.89011,34.89011,34.89011,34.89011,34.89011,34.89011,12.91209,0.2747253,34.89011,34.89011,34.89011,34.89011,34.89011,34.89011,34.89011,34.89011,34.89011,34.89011,12.91209,0.2747253,34.89011,34.89011,34.89011,34.89011,34.89011,34.89011,34.89011,34.89011,34.89011,34.89011,12.91209,0.2747253,34.89011
5.494505,13.73626,0.2747253,0.2747253,34.89011,34.89011,34.89011,34.89011,34.89011,34.89011,34.89011,34.89011,34.89011,34.89011,34.89011,52.74725,34.89011,34.89011,34.89011,34.89011,34.89011,34.89011,34.89011,12.91209,0.2747253,34.89011,34.89011,34.89011,34.89011,34.89011,34.89011,34.89011,34.89011,34.89011,34.89011,12.91209,0.2747253,34.89011,34.89011,34.89011,34.89011,34.89011,34.89011,34.89011,34.89011,34.89011,34.89011,12.91209,0.2747253,34.89011
0.8241758,0.2747253,13.73626,0.2747253,34.89011,34.89011,34.89011,34.89011,34.89011,34.89011,34.89011,34.89011,34.89011,34.89011,34.89011,52.74725,34.89011,34.89011,34.89011,34.89011,34.89011,34.89011,34.89011,12.91209,0.2747253,34.89011,34.89011,34.89011,34.89011,34.89011,34.89011,34.89011,34.89011,34.89011,34.89011,12.91209,0.2747253,34.89011,34.89011,34.89011,34.89011,34.89011,34.89011,34.89011,34.89011,34.89011,34.89011,12.91209,0.2747253,34.89011
0.2747253,0.2747253,0.2747253,0.2747253,34.89011,34.89011,34.89011,34.89011,34.89011,34.89011,34.89011,34.89011,34.89011,34.89011,34.89011,52.74725,34.89011,34.89011,34.89011,34.89011,34.89011,34.89011,34.89011,12.91209,0.2747253,34.89011,34.89011,34.89011,34.89011,34.89011,34.89011,34.89011,34.89011,34.89011,34.89011,12.91209,0.2747253,34.89011,34.89011,34.89011,34.89011,34.89011,34.89011,34.89011,34.89011,34.89011,34.89011,12.91209,0.2747253,34.89011
1.923077,13.18681,1.923077,0.2747253,34.89011,34.89011,34.89011,34.89011,34.89011,34.89011,34.89011,34.89011,34.89011,34.89011,34.89011,52.74725,34.89011,34.89011,34.89011,34.89011,34.89011,34.89011,34.89011,12.91209,0.2747253,34.89011,34.89011,34.89011,34.89011,34.89011,34.89011,34.89011,34.89011,34.89011,34.89011,12.91209,0.2747253,34.89011,34.89011,34.89011,34.89011,34.89011,34.89011,34.89011,34.89011,34.89011,34.89011,12.91209,0.2747253,34.89011
13.18681,1.373626,1.373626,1.923077,34.89011,34.89011,34.89011,34.89011,34.89011,34.89011,34.89011,34.89011,34.89011,34.89011,34.89011,52.74725,34.89011,34.89011,34.89011,34.89011,34.89011,34.89011,34.89011,12.91209,0.2747253,34.89011,34.89011,34.89011,34.89011,34.89011,34.89011,34.89011,34.89011,34.89011,34.89011,12.91209,0.2747253,34.89011,34.89011,34.89011,34.89011,34.89011,34.89011,34.89011,34.89011,34.89011,34.89011,12.91209,0.2747253,34.89011
0.2747253,0.2747253,13.73626,12.91209,34.89011,34.89011,34.89011,34.89011,34.89011,34.89011,34.89011,34.89011,34.89011,34.89011,34.89011,52.74725,34.89011,34.89011,34.89011,34.89011,34.89011,34.89011,34.89011,12.91209,0.2747253,34.89011,34.89011,34.89011,34.89011,34.89011,34.89011,34.89011,34.89011,34.89011,34.89011,12.91209,0.2747253,34.89011,34.89011,34.89011,34.89011,34.89011,34.89011,34.89011,34.89011,34.89011,34.89011,12.91209,0.2747253,34.89011
0.5494506,0.2747253,0.2747253,11.81319,34.89011,34.89011,34.89011,34.89011,34.89011,34.89011,34.89011,34.89011,34.89011,34.89011,34.89011,52.74725,34.89011,34.89011,34.89011,34.89011,34.89011,34.89011,34.89011,12.91209,0.2747253,34.89011,34.89011,34.89011,34.89011,34.89011,34.89011,34.89011,34.89011,34.89011,34.89011,12.91209,0.2747253,34.89011,34.89011,34.89011,34.89011,34.89011,34.89011,34.89011,34.89011,34.89011,34.89011,12.91209,0.2747253,34.89011
11.81319,0.2747253,12.91209,0.5494506,34.89011,34.89011,34.89011,34.89011,34.89011,34.89011,34.89011,34.89011,34.89011,34.89011,34.89011,52.74725,34.89011,34.89011,34.89011,34.89011,34.89011,34.89011,34.89011,12.91209,0.2747253,34.89011,34.89011,34.89011,34.89011,34.89011,34.89011,34.89011,34.89011,34.89011,34.89011,12.91209,0.2747253,34.89011,34.89011,34.89011,34.89011,34.89011,34.89011,34.89011,34.89011,34.89011,34.89011,12.91209,0.2747253,34.89011
4.120879,0.2747253,0.2747253,0.5494506,34.89011,34.89011,34.89011,34.89011,34.89011,34.89011,34.89011,34.89011,34.89011,34.89011,34.89011,52.74725,34.89011,34.89011,34.89011,34.89011,34.89011,34.89011,34.89011,12.91209,0.2747253,34.89011,34.89011,34.89011,34.89011,34.89011,34.89011,34.89011,34.89011,34.89011,34.89011,12.91209,0.2747253,34.89011,34.89011,34.89011,34.89011,34.89011,34.89011,34.89011,34.89011,34.89011,34.89011,12.91209,0.2747253,34.89011
52.74725,0.2747253,14.01099,0.2747253,34.89011,34.89011,34.89011,34.89011,34.89011,34.89011,34.89011,34.89011,34.89011,34.89011,34.89011,52.74725,34.89011,34.89011,34.89011,34.89011,34.89011,34.89011,34.89011,12.91209,0.2747253,34.89011,34.89011,34.89011,34.89011,34.89011,34.89011,34.89011,34.89011,34.89011,34.89011,12.91209,0.2747253,34.89011,34.89011,34.89011,34.89011,34.89011,34.89011,34.89011,34.89011,34.89011,34.89011,12.91209,0.2747253,34.89011
52.74725,52.47253,0.2747253,0.2747253,2.747253,34.89011,34.89011,34.89011,34.89011,34.89011,34.89011,34.89011,34.89011,34.89011,34.89011,52.74725,34.89011,34.89011,34.89011,34.89011,34.89011,34.89011,34.89011,12.91209,52.1978,0.2747253,34.89011,34.89011,34.89011,34.89011,34.89011,34.89011,34.89011,34.89011,34.89011,12.91209,52.1978,0.2747253,34.89011,34.89011,34.89011,34.89011,34.89011,34.89011,34.89011,34.89011,34.89011,12.91209,52.1978,0.2747253
52.74725,52.47253,0.5494506,4.120879,0.2747253,17.85714,34.89011,34.89011,34.89011,34.89011,34.89011,34.89011,34.89011,34.89011,34.89011,52.74725,34.89011,34.89011,34.89011,34.89011,12.91209,52.1978,52.74725,52.1978,52.1978,52.1978,17.85714,34.89011,34.89011,34.89011,34.89011,34.89011,34.89011,12.91209,52.1978,52.74725,52.1978,52.1978,52.1978,17.85714,34.89011,34.89011,34.89011,34.89011,34.89011,34.89011,12.91209,52.1978,52.1978,52.74725
52.74725,0.8241758,13.18681,0.2747253,0.2747253,52.74725,52.1978,52.1978,52.1978,52.1978,52.1978,52.1978,52.74725,52.1978,52.74725,52.74725,52.74725,52.74725,52.74725,52.1978,52.1978,52.1978,52.74725,52.1978,52.1978,52.1978,52.1978,52.74725,52.1978,52.74725,52.74725,52.74725,52.74725,52.1978,52.1978,52.74725,52.1978,52.1978,52.1978,52.1978,52.1978,52.1978,52.1978,52.1978,52.74725,52.1978,52.74725,52.1978,52.1978,52.74725
52.74725,11.53846,12.91209,1.923077,0.8241758,52.74725,52.74725,52.74725,52.74725,52.74725,13.18681,52.1978,52.74725,52.74725,52.74725,52.74725,52.74725,52.74725,52.74725,13.18681,52.1978,13.18681,52.74725,52.1978,52.74725,52.74725,52.74725,52.74725,52.74725,52.74725,52.74725,52.74725,13.18681,52.1978,52.74725,13.18681,52.1978,13.18681,52.1978,52.74725,52.74725,52.74725,52.74725,52.74725,13.18681,52.1978,52.74725,13.18681,52.1978,13.18681
52.74725,0.5494506,0.2747253,12.91209,0.2747253,52.74725,52.74725,52.74725,52.74725,52.74725,52.74725,13.18681,52.74725,52.74725,52.74725,52.74725,52.74725,52.74725,52.1978,52.74725,52.74725,52.74725,52.74725,13.18681,52.1978,52.74725,52.74725,52.74725,52.74725,13.18681,52.1978,52.74725,52.74725,52.74725,52.74725,13.18681,52.1978,52.74725,52.74725,52.74725,52.74725,13.18681,52.1978,52.74725,52.74725,52.74725,52.74725,13.18681,52.1978,52.74725
52.74725,52.47253,0.2747253,0.5494506,0.2747253,52.74725,52.74725,52.74725,52.74725,52.74725,52.74725,52.74725,52.74725,52.74725,52.74725,52.74725,52.74725,52.74725,13.18681,52.1978,52.74725,52.74725,52.74725,13.18681,52.1978,52.74725,52.74725,52.74725,52.74725,52.74725,13.18681,52.1978,52.74725,52.74725,52.74725,13.18681,52.1978,52.74725,52.74725,52.74725,52.74725,52.74725,13.18681,52.1978,52.74725,52.74725,52.74725,13.18681,52.1978,52.74725
52.74725,0.8241758,25,1.098901,53.02198,52.74725,52.74725,52.74725,52.74725,52.74725,52.74725,52.74725,52.74725,52.74725,52.74725,52.74725,52.74725,52.74725,52.74725,13.18681,52.1978,52.74725,52.74725,13.18681,52.1978,52.74725,52.74725,52.74725,52.74725,52.74725,52.74725,13.18681,52.1978,52.74725,52.74725,13.18681,52.1978,52.74725,52.74725,52.74725,52.74725,52.74725,52.74725,13.18681,52.1978,52.74725,52.74725,13.18681,52.1978,52.74725
16.20879,0.2747253,0.2747253,0.2747253,53.02198,52.74725,52.74725,52.74725,52.74725,52.74725,52.74725,52.74725,52.74725,52.74725,52.74725,52.74725,52.74725,52.74725,52.74725,13.18681,52.1978,52.74725,52.74725,53.02198,36.81319,52.74725,52.74725,52.74725,52.74725,52.74725,52.74725,13.18681,52.1978,52.74725,52.74725,53.02198,36.81319,52.74725,52.74725,52.74725,52.74725,52.74725,52.74725,13.18681,52.1978,52.74725,52.74725,53.02198,36.81319,52.74725
0.2747253,0.5494506,12.36264,0.5494506,53.02198,52.74725,52.74725,52.74725,52.74725,52.74725,52.74725,52.74725,52.74725,52.74725,52.74725,52.74725,13.18681,52.1978,52.74725,52.74725,53.02198,53.02198,53.02198,53.02198,53.02198,52.74725,52.74725,52.74725,52.74725,13.18681,52.1978,52.74725,52.74725,53.02198,53.02198,53.02198,53.02198,53.02198,52.74725,52.74725,52.74725,52.74725,13.18681,52.1978,52.74725,52.74725,53.02198,53.02198,53.02198,53.02198
53.57143,0.5494506,0.2747253,0.2747253,53.02198,53.02198,53.02198,53.02198,53.02198,53.02198,53.02198,53.02198,53.02198,53.02198,53.02198,53.02198,53.02198,53.02198,53.02198,53.02198,53.02198,53.02198,53.02198,53.02198,53.02198,53.02198,53.02198,53.02198,53.02198,53.02198,53.02198,53.02198,53.02198,53.02198,53.02198,53.02198,53.02198,53.02198,53.02198,53.02198,53.02198,53.02198,53.02198,53.02198,53.02198,53.02198,53.02198,53.02198,53.02198,53.02198
53.57143,1.098901,2.472528,0.2747253,53.02198,53.02198,53.02198,53.02198,53.02198,53.02198,53.02198,53.02198,53.02198,53.02198,53.02198,39.01099,53.02198,53.02198,53.02198,53.02198,53.02198,53.02198,53.02198,52.1978,5.494505,53.02198,53.02198,53.02198,53.02198,53.02198,53.02198,53.02198,53.02198,53.02198,53.02198,52.1978,5.494505,53.02198,53.02198,53.02198,53.02198,53.02198,53.02198,53.02198,53.02198,53.02198,53.02198,52.1978,5.494505,53.02198
53.57143,0.2747253,12.08791,0.5494506,53.02198,53.02198,53.02198,53.02198,53.02198,53.02198,53.02198,53.02198,53.02198,53.02198,53.02198,12.36264,53.02198,53.02198,53.02198,53.02198,53.02198,53.02198,53.02198,52.1978,5.494505,53.02198,53.02198,53.02198,53.02198,53.02198,53.02198,53.02198,53.02198,53.02198,53.02198,52.1978,5.494505,53.02198,53.02198,53.02198,53.02198,53.02198,53.02198,53.02198,53.02198,53.02198,53.02198,52.1978,5.494505,53.02198
53.57143,0.5494506,0.5494506,0.2747253,53.02198,53.02198,53.02198,53.02198,53.02198,53.02198,53.02198,53.02198,53.02198,53.02198,53.02198,2.472528,53.02198,53.02198,53.02198,53.02198,53.02198,53.02198,53.02198,52.1978,5.494505,53.02198,53.02198,53.02198,53.02198,53.02198,53.02198,53.02198,53.02198,53.02198,53.02198,52.1978,5.494505,53.02198,53.02198,53.02198,53.02198,53.02198,53.02198,53.02198,53.02198,53.02198,53.02198,52.1978,5.494505,53.02198
53.57143,12.36264,16.48352,13.18681,53.02198,53.02198,53.02198,53.02198,53.02198,53.02198,53.02198,53.02198,53.02198,53.02198,53.02198,53.57143,53.02198,53.02198,53.02198,53.02198,53.02198,53.02198,53.02198,52.1978,5.494505,53.02198,53.02198,53.02198,53.02198,53.02198,53.02198,53.02198,53.02198,53.02198,53.02198,52.1978,5.494505,53.02198,53.02198,53.02198,53.02198,53.02198,53.02198,53.02198,53.02198,53.02198,53.02198,52.1978,5.494505,53.02198
53.57143,9.065934,13.18681,0.2747253,0.2747253,53.02198,53.02198,53.02198,53.02198,53.02198,53.02198,53.02198,53.02198,53.02198,53.02198,53.57143,53.02198,53.02198,53.02198,53.02198,53.02198,53.02198,53.02198,52.1978,11.81319,52.1978,53.02198,53.02198,53.02198,53.02198,53.02198,53.02198,53.02198,53.02198,53.02198,52.1978,11.81319,52.1978,53.02198,53.02198,53.02198,53.02198,53.02198,53.02198,53.02198,53.02198,53.02198,52.1978,11.81319,52.1978
53.57143,12.36264,52.1978,0.2747253,52.1978,53.02198,53.02198,53.02198,53.02198,53.02198,53.02198,53.02198,53.02198,53.02198,53.02198,53.57143,53.02198,53.02198,53.02198,53.02198,53.02198,53.02198,53.02198,52.1978,11.81319,52.1978,53.02198,53.02198,53.02198,53.02198,53.02198,53.02198,53.02198,53.02198,53.02198,52.1978,11.81319,52.1978,53.02198,53.02198,53.02198,53.02198,53.02198,53.02198,53.02198,53.02198,53.02198,52.1978,11.81319,52.1978
53.57143,53.02198,2.197802,0.2747253,4.120879,53.02198,53.02198,53.02198,53.02198,53.02198,53.02198,53.02198,53.02198,53.02198,53.02198,53.57143,53.02198,53.02198,53.02198,53.02198,53.02198,53.02198,53.02198,52.1978,11.81319,52.1978,53.02198,53.02198,53.02198,53.02198,53.02198,53.02198,53.02198,53.02198,53.02198,52.1978,11.81319,52.1978,53.02198,53.02198,53.02198,53.02198,53.02198,53.02198,53.02198,53.02198,53.02198,52.1978,11.81319,52.1978
53.57143,2.472528,0.8241758,0.2747253,1.373626,53.02198,53.02198,53.02198,53.02198,53.02198,53.02198,53.02198,53.02198,53.02198,53.02198,53.57143,53.02198,53.02198,53.02198,53.02198,53.02198,53.02198,53.02198,52.1978,11.81319,52.1978,53.02198,53.02198,53.02198,53.02198,53.02198,53.02198,53.02198,53.02198,53.02198,52.1978,11.81319,52.1978,53.02198,53.02198,53.02198,53.02198,53.02198,53.02198,53.02198,53.02198,53.02198,52.1978,11.81319,52.1978
53.57143,1.373626,0.8241758,3.296703,0.5494506,53.02198,53.02198,53.02198,53.02198,53.02198,53.02198,53.02198,53.02198,53.02198,53.02198,53.57143,53.02198,53.02198,53.02198,53.02198,53.02198,53.02198,53.02198,52.1978,11.81319,52.1978,53.02198,53.02198,53.02198,53.02198,53.02198,53.02198,53.02198,53.02198,53.02198,52.1978,11.81319,52.1978,53.02198,53.02198,53.02198,53.02198,53.02198,53.02198,53.02198,53.02198,53.02198,52.1978,11.81319,52.1978
53.57143,1.373626,0.2747253,13.18681,4.120879,53.02198,53.02198,53.02198,53.02198,53.02198,53.02198,53.02198,53.02198,53.02198,53.02198,53.57143,53.02198,53.02198,53.02198,53.02198,53.02198,53.02198,53.02198,52.1978,11.81319,52.1978,53.02198,53.02198,53.02198,53.02198,53.02198,53.02198,53.02198,53.02198,53.02198,52.1978,11.81319,52.1978,53.02198,53.02198,53.02198,53.02198,53.02198,53.02198,53.02198,53.02198,53.02198,52.1978,11.81319,52.1978
53.57143,0.8241758,0.2747253,53.84615,0.2747253,53.02198,53.02198,53.02198,53.02198,53.02198,53.02198,53.02198,53.02198,53.02198,53.02198,53.57143,53.02198,53.02198,53.02198,53.02198,53.02198,53.02198,53.02198,52.1978,11.81319,52.1978,53.02198,53.02198,53.02198,53.02198,53.02198,53.02198,53.02198,53.02198,53.02198,52.1978,11.81319,52.1978,53.02198,53.02198,53.02198,53.02198,53.02198,53.02198,53.02198,53.02198,53.02198,52.1978,11.81319,52.1978
53.84615,0.2747253,0.2747253,53.84615,0.5494506,53.02198,53.02198,53.02198,53.02198,53.02198,53.02198,53.02198,53.02198,53.02198,53.02198,53.57143,53.02198,53.02198,53.02198,53.02198,53.02198,53.02198,53.02198,13.73626,13.18681,52.1978,53.02198,53.02198,53.02198,53.02198,53.02198,53.02198,53.02198,53.02198,53.02198,13.73626,13.18681,52.1978,53.02198,53.02198,53.02198,53.02198,53.02198,53.02198,53.02198,53.02198,53.02198,13.73626,13.18681,52.1978
53.84615,48.9011,52.74725,53.84615,0.5494506,5.21978,53.02198,53.02198,53.02198,53.02198,53.02198,53.02198,53.02198,53.02198,53.02198,53.57143,53.02198,53.02198,53.02198,53.02198,53.02198,53.02198,53.02198,13.18681,0.8241758,13.18681,52.1978,53.02198,53.02198,53.02198,53.02198,53.02198,53.02198,53.02198,53.02198,13.18681,0.8241758,13.18681,52.1978,53.02198,53.02198,53.02198,53.02198,53.02198,53.02198,53.02198,53.02198,13.18681,0.8241758,13.18681
53.84615,52.47253,12.91209,53.84615,0.5494506,1.373626,53.02198,53.02198,53.02198,53.02198,53.02198,53.02198,53.02198,53.02198,53.02198,53.57143,53.02198,53.02198,53.02198,53.02198,53.02198,53.02198,53.02198,13.18681,0.8241758,13.18681,52.1978,53.02198,53.02198,53.02198,53.02198,53.02198,53.02198,53.02198,53.02198,13.18681,0.8241758,13.18681,52.1978,53.02198,53.02198,53.02198,53.02198,53.02198,53.02198,53.02198,53.02198,13.18681,0.8241758,13.18681
53.84615,19.78022,53.84615,53.84615,3.296703,0.2747253,53.02198,53.02198,53.02198,53.02198,53.02198,53.02198,53.02198,53.02198,53.02198,53.57143,53.02198,53.02198,53.02198,53.02198,53.02198,53.02198,53.02198,13.18681,0.8241758,13.18681,52.1978,53.02198,53.02198,53.02198,53.02198,53.02198,53.02198,53.02198,53.02198,13.18681,0.8241758,13.18681,52.1978,53.02198,53.02198,53.02198,53.02198,53.02198,53.02198,53.02198,53.02198,13.18681,0.8241758,13.18681
53.84615,54.12088,53.84615,53.84615,49.45055,11.53846,0.2747253,53.02198,53.02198,53.02198,53.02198,53.02198,53.02198,53.02198,53.02198,53.57143,53.02198,53.02198,53.02198,53.02198,53.02198,53.02198,53.02198,13.18681,0.5494506,48.9011,13.18681,52.1978,53.02198,53.02198,53.02198,53.02198,53.02198,53.02198,53.02198,13.18681,0.5494506,48.9011,13.18681,52.1978,53.02198,53.02198,53.02198,53.02198,53.02198,53.02198,53.02198,13.18681,0.5494506,48.9011
0.5494506,54.12088,53.84615,53.84615,4.120879,0.2747253,12.36264,53.02198,53.02198,53.02198,53.02198,53.02198,53.02198,53.02198,53.02198,53.57143,53.02198,53.02198,53.02198,53.02198,53.02198,53.02198,53.02198,12.91209,0.2747253,48.9011,13.18681,52.1978,53.02198,53.02198,53.02198,53.02198,53.02198,53.02198,53.02198,12.91209,0.2747253,48.9011,13.18681,52.1978,53.02198,53.02198,53.02198,53.02198,53.02198,53.02198,53.02198,12.91209,0.2747253,48.9011
52.47253,54.12088,53.84615,53.84615,3.846154,0.5494506,3.296703,53.02198,53.02198,53.02198,53.02198,53.02198,53.02198,53.02198,53.02198,53.57143,53.02198,53.02198,53.02198,53.02198,53.02198,53.02198,53.02198,12.91209,0.2747253,48.9011,13.18681,52.1978,53.02198,53.02198,53.02198,53.02198,53.02198,53.02198,53.02198,12.91209,0.2747253,48.9011,13.18681,52.1978,53.02198,53.02198,53.02198,53.02198,53.02198,53.02198,53.02198,12.91209,0.2747253,48.9011
49.45055,54.12088,53.84615,53.84615,0.8241758,12.91209,0.2747253,53.02198,53.02198,53.02198,53.02198,53.02198,53.02198,53.02198,53.02198,53.57143,53.02198,53.02198,53.02198,53.02198,53.02198,53.02198,53.02198,12.91209,0.2747253,48.9011,13.18681,52.1978,53.02198,53.02198,53.02198,53.02198,53.02198,53.02198,53.02198,12.91209,0.2747253,48.9011,13.18681,52.1978,53.02198,53.02198,53.02198,53.02198,53.02198,53.02198,53.02198,12.91209,0.2747253,48.9011
51.37363,54.12088,53.84615,53.84615,12.91209,0.5494506,54.12088,53.02198,53.02198,53.02198,53.02198,53.02198,53.02198,53.02198,53.02198,53.57143,53.02198,53.02198,53.02198,53.02198,53.02198,53.02198,53.02198,12.91209,0.2747253,48.9011,13.18681,52.1978,53.02198,53.02198,53.02198,53.02198,53.02198,53.02198,53.02198,12.91209,0.2747253,48.9011,13.18681,52.1978,53.02198,53.02198,53.02198,53.02198,53.02198,53.02198,53.02198,12.91209,0.2747253,48.9011
0.5494506,54.12088,0.8241758,53.84615,13.73626,2.747253,54.12088,53.02198,53.02198,53.02198,53.02198,53.02198,53.02198,53.02198,53.02198,53.57143,53.02198,53.02198,53.02198,53.02198,53.02198,53.02198,53.02198,12.91209,53.2967,53.84615,13.18681,52.1978,53.02198,53.02198,53.02198,53.02198,53.02198,53.02198,53.02198,12.91209,53.2967,53.84615,13.18681,52.1978,53.02198,53.02198,53.02198,53.02198,53.02198,53.02198,53.02198,12.91209,53.2967,53.84615
0.2747253,54.12088,2.747253,2.747253,99.72527,54.12088,54.12088,1.923077,53.02198,53.02198,53.02198,53.02198,53.02198,53.02198,53.02198,53.02198,53.02198,53.02198,53.02198,12.91209,53.2967,53.84615,53.84615,53.84615,54.12088,53.84615,1.923077,53.02198,53.02198,53.02198,53.02198,53.02198,12.91209,53.2967,53.84615,53.84615,53.84615,53.84615,54.12088,1.923077,53.02198,53.02198,53.02198,53.02198,53.02198,12.91209,53.2967,53.84615,53.2967,53.84615
0.2747253,53.2967,0.8241758,0.8241758,99.72527,54.12088,54.12088,53.84615,53.84615,53.84615,53.84615,53.84615,53.84615,53.84615,99.72527,2.472528,54.12088,54.12088,54.12088,53.84615,53.84615,53.84615,53.84615,53.84615,54.12088,53.84615,53.84615,53.84615,53.84615,99.72527,2.472528,54.12088,54.12088,54.12088,53.84615,53.84615,53.84615,53.84615,54.12088,53.84615,53.84615,53.84615,53.84615,53.84615,53.84615,53.84615,99.72527,53.84615,2.472528,54.12088
99.45055,75.82417,12.91209,51.64835,99.72527,54.12088,54.12088,54.12088,54.12088,54.12088,54.12088,54.12088,99.72527,99.72527,99.72527,99.72527,99.72527,54.12088,54.12088,54.12088,54.12088,54.12088,54.12088,54.12088,54.12088,54.12088,54.12088,54.12088,99.72527,99.72527,99.72527,54.12088,54.12088,54.12088,99.72527,99.72527,54.12088,54.12088,54.12088,54.12088,54.12088,54.12088,54.12088,54.12088,54.12088,99.72527,99.72527,99.72527,99.72527,54.12088
12.36264,99.72527,0.5494506,0.5494506,99.72527,99.72527,99.72527,99.72527,99.72527,99.72527,99.72527,99.72527,99.72527,99.72527,99.72527,99.72527,99.72527,99.72527,99.72527,99.72527,99.72527,99.72527,99.72527,99.72527,99.72527,99.72527,99.72527,99.72527,99.72527,99.72527,99.72527,99.72527,99.72527,99.72527,99.72527,99.72527,99.72527,99.72527,99.72527,99.72527,99.72527,99.72527,99.72527,99.72527,99.72527,99.72527,99.72527,99.72527,99.72527,99.72527
13.73626,99.72527,0.2747253,53.02198,99.72527,99.72527,99.72527,99.72527,99.72527,99.72527,99.72527,99.72527,99.72527,99.72527,99.72527,76.0989,99.72527,99.72527,99.72527,99.72527,99.72527,99.72527,99.72527,99.72527,99.45055,99.72527,99.72527,99.72527,99.72527,99.72527,99.72527,99.72527,99.72527,99.72527,99.72527,99.72527,99.45055,99.72527,99.72527,99.72527,99.72527,99.72527,99.72527,99.72527,99.72527,99.72527,99.72527,99.72527,99.45055,99.72527
99.45055,99.72527,11.53846,48.62637,99.72527,99.72527,99.72527,99.72527,99.72527,99.72527,99.72527,99.72527,99.72527,99.72527,99.72527,13.18681,99.72527,99.72527,99.72527,99.72527,99.72527,99.72527,99.72527,99.72527,99.45055,99.72527,99.72527,99.72527,99.72527,99.72527,99.72527,99.72527,99.72527,99.72527,99.72527,99.72527,99.45055,99.72527,99.72527,99.72527,99.72527,99.72527,99.72527,99.72527,99.72527,99.72527,99.72527,99.72527,99.45055,99.72527
99.72527,99.72527,0.2747253,52.74725,99.72527,99.72527,99.72527,99.72527,99.72527,99.72527,99.72527,99.72527,99.72527,99.72527,99.72527,99.72527,99.72527,99.72527,99.72527,99.72527,99.72527,99.72527,99.72527,99.72527,99.45055,99.72527,99.72527,99.72527,99.72527,99.72527,99.72527,99.72527,99.72527,99.72527,99.72527,99.72527,99.45055,99.72527,99.72527,99.72527,99.72527,99.72527,99.72527,99.72527,99.72527,99.72527,99.72527,99.72527,99.45055,99.72527
99.72527,99.72527,0.8241758,12.08791,99.72527,99.72527,99.72527,99.72527,99.72527,99.72527,99.72527,99.72527,99.72527,99.72527,99.72527,2.472528,99.72527,99.72527,99.72527,99.72527,99.72527,99.72527,99.72527,13.18681,99.72527,99.45055,99.72527,99.72527,99.72527,99.72527,99.72527,99.72527,99.72527,99.72527,99.72527,13.18681,99.72527,99.45055,99.72527,99.72527,99.72527,99.72527,99.72527,99.72527,99.72527,99.72527,99.72527,13.18681,99.72527,99.45055
99.72527,99.72527,4.67033,52.74725,99.72527,99.72527,99.72527,99.72527,99.72527,99.72527,99.72527,99.72527,99.72527,99.72527,12.36264,55.49451,99.72527,99.72527,99.72527,99.72527,99.72527,99.72527,99.72527,13.18681,99.72527,99.45055,99.72527,99.72527,99.72527,99.72527,99.72527,99.72527,99.72527,99.72527,99.72527,13.18681,99.72527,99.45055,99.72527,99.72527,99.72527,99.72527,99.72527,99.72527,99.72527,99.72527,99.72527,13.18681,99.72527,99.45055
99.72527,99.72527,1.923077,99.72527,99.72527,99.72527,99.72527,99.72527,99.72527,99.72527,99.72527,99.72527,99.72527,99.72527,2.747253,0.8241758,99.72527,99.72527,99.72527,99.72527,99.72527,99.72527,99.72527,13.18681,99.72527,99.45055,99.72527,99.72527,99.72527,99.72527,99.72527,99.72527,99.72527,99.72527,99.72527,13.18681,99.72527,99.45055,99.72527,99.72527,99.72527,99.72527,99.72527,99.72527,99.72527,99.72527,99.72527,13.18681,99.72527,99.45055
99.72527,99.72527,52.47253,99.72527,99.72527,99.72527,99.72527,99.72527,99.72527,99.72527,99.72527,99.72527,99.72527,99.72527,1.373626,10.98901,99.72527,99.72527,99.72527,99.72527,99.72527,99.72527,99.72527,12.91209,99.72527,99.45055,99.72527,99.72527,99.72527,99.72527,99.72527,99.72527,99.72527,99.72527,99.72527,12.91209,99.72527,99.45055,99.72527,99.72527,99.72527,99.72527,99.72527,99.72527,99.72527,99.72527,99.72527,12.91209,99.72527,99.45055
99.72527,99.72527,99.72527,99.72527,99.72527,99.72527,99.72527,99.72527,99.72527,99.72527,99.72527,99.72527,99.72527,99.45055,79.39561,76.0989,99.72527,99.72527,99.72527,99.72527,99.72527,99.72527,99.72527,12.91209,99.72527,99.45055,99.72527,99.72527,99.72527,99.72527,99.72527,99.72527,99.72527,99.72527,99.72527,12.91209,99.72527,99.45055,99.72527,99.72527,99.72527,99.72527,99.72527,99.72527,99.72527,99.72527,99.72527,12.91209,99.72527,99.45055
