18.68132,0.8241758,0.2747253,11.81319,0.2747253,1.923077,2.472528,0.8241758,2.197802,0.2747253,0.2747253,0.2747253,0.5494506,0.2747253,12.91209,0.2747253,0.5494506,0.2747253,2.472528,0.8241758,2.197802,0.2747253,0.2747253,0.2747253,7.417583,0.8241758,2.472528,0.5494506,0.2747253,0.5494506,12.91209,0.5494506,0.5494506,0.2747253,0.5494506,0.2747253,0.5494506,2.472528,0.8241758,2.197802,3.296703,0.5494506,0.2747253,2.472528,0.2747253,0.2747253,0.5494506,0.2747253,12.91209,0.2747253
2.409639,0.3012048,0.3012048,0.3012048,0,0,0,0,0,0,0,0
2.253521,0.2816902,0.2816902,0.2816902,0,0,0,0,0,0,0,0
0.4347826,0.1449275,0.1449275,0.1449275,0.1449275,0.1449275,0.1449275,0,0,0,0,0
1.899827,0.3454231,0.3454231,0.3454231,0.1727116,0.1727116,0.1727116,0,0,0,0,0
18.68132,0.2747253,2.197802,0.2747253,0.2747253,18.68132,18.68132,18.68132,18.68132,18.68132,18.68132,18.68132,18.68132,18.68132,18.68132,18.68132,18.68132,18.68132,18.68132,18.68132,18.68132,18.68132,18.68132,18.68132,18.68132,18.68132,18.68132,18.68132,18.68132,18.68132,18.68132,18.68132,18.68132,18.68132,18.68132,18.68132,18.68132,18.68132,18.68132,18.68132,18.68132,18.68132,18.68132,18.68132,18.68132,18.68132,18.68132,18.68132,18.68132,18.68132
2.409639,2.409639,2.409639,2.409639,2.409639,2.409639,2.409639,2.409639,2.409639,2.409639,2.409639,2.409639
2.253521,2.253521,2.253521,2.253521,2.253521,2.253521,2.253521,2.253521,2.253521,2.253521,2.253521,2.253521
0.4347826,0.4347826,0.4347826,0.4347826,0.4347826,0.4347826,0.4347826,0.4347826,0.4347826,0.4347826,0.4347826,0.4347826
1.899827,1.899827,1.899827,1.899827,1.899827,1.899827,1.899827,1.899827,1.899827,1.899827,1.899827,1.899827
48.9011,52.47253,35.16484,0.2747253,4.67033,18.68132,18.68132,18.68132,18.68132,18.68132,18.68132,18.68132,18.68132,18.68132,18.68132,52.74725,18.68132,18.68132,18.68132,18.68132,18.68132,18.68132,18.68132,13.18681,0.2747253,34.89011,18.68132,18.68132,18.68132,18.68132,18.68132,18.68132,18.68132,18.68132,18.68132,13.18681,0.2747253,34.89011,18.68132,18.68132,18.68132,18.68132,18.68132,18.68132,18.68132,18.68132,18.68132,13.18681,0.2747253,34.89011
3.012048,2.409639,0.3012048,0.3012048,0.3012048,2.409639,2.409639,2.409639,2.409639,2.409639,2.409639,2.409639
2.816901,2.253521,0.2816902,0.2816902,0.2816902,2.253521,2.253521,2.253521,2.253521,2.253521,2.253521,2.253521
3.768116,0.4347826,0.2898551,0.2898551,0.2898551,0.4347826,0.4347826,0.4347826,0.4347826,0.4347826,0.4347826,0.4347826
3.28152,1.899827,0.8635579,0.8635579,0.8635579,1.899827,1.899827,1.899827,1.899827,1.899827,1.899827,1.899827
0.8241758,0.2747253,13.73626,0.2747253,34.89011,34.89011,34.89011,34.89011,34.89011,34.89011,34.89011,34.89011,34.89011,34.89011,34.89011,52.74725,34.89011,34.89011,34.89011,34.89011,34.89011,34.89011,34.89011,12.91209,0.2747253,34.89011,34.89011,34.89011,34.89011,34.89011,34.89011,34.89011,34.89011,34.89011,34.89011,12.91209,0.2747253,34.89011,34.89011,34.89011,34.89011,34.89011,34.89011,34.89011,34.89011,34.89011,34.89011,12.91209,0.2747253,34.89011
3.012048,0.3012048,0.3012048,0.3012048,0.3012048,0.3012048,0.3012048,0.3012048,0.3012048,0.3012048,0.3012048,0.3012048
2.816901,0.2816902,0.2816902,0.2816902,0.2816902,0.2816902,0.2816902,0.2816902,0.2816902,0.2816902,0.2816902,0.2816902
3.768116,0.2898551,0.2898551,0.2898551,0.2898551,0.2898551,0.2898551,0.2898551,0.2898551,0.2898551,0.2898551,0.2898551
3.28152,0.8635579,0.8635579,0.8635579,0.8635579,0.8635579,0.8635579,0.8635579,0.8635579,0.8635579,0.8635579,0.8635579
0.5494506,0.2747253,0.2747253,11.81319,34.89011,34.89011,34.89011,34.89011,34.89011,34.89011,34.89011,34.89011,34.89011,34.89011,34.89011,52.74725,34.89011,34.89011,34.89011,34.89011,34.89011,34.89011,34.89011,12.91209,0.2747253,34.89011,34.89011,34.89011,34.89011,34.89011,34.89011,34.89011,34.89011,34.89011,34.89011,12.91209,0.2747253,34.89011,34.89011,34.89011,34.89011,34.89011,34.89011,34.89011,34.89011,34.89011,34.89011,12.91209,0.2747253,34.89011
3.012048,0.3012048,0.3012048,0.3012048,0.3012048,0.3012048,0.3012048,0.3012048,0.3012048,0.3012048,0.3012048,0.3012048
2.816901,0.2816902,0.2816902,0.2816902,0.2816902,0.2816902,0.2816902,0.2816902,0.2816902,0.2816902,0.2816902,0.2816902
3.768116,0.2898551,0.2898551,0.2898551,0.2898551,0.2898551,0.2898551,0.2898551,0.2898551,0.2898551,0.2898551,0.2898551
3.28152,0.8635579,0.8635579,0.8635579,0.8635579,0.8635579,0.8635579,0.8635579,0.8635579,0.8635579,0.8635579,0.8635579
52.74725,52.47253,0.5494506,4.120879,0.2747253,17.85714,34.89011,34.89011,34.89011,34.89011,34.89011,34.89011,34.89011,34.89011,34.89011,52.74725,34.89011,34.89011,34.89011,34.89011,12.91209,52.1978,52.74725,52.1978,52.1978,52.1978,17.85714,34.89011,34.89011,34.89011,34.89011,34.89011,34.89011,12.91209,52.1978,52.74725,52.1978,52.1978,52.1978,17.85714,34.89011,34.89011,34.89011,34.89011,34.89011,34.89011,12.91209,52.1978,52.1978,52.74725
3.012048,3.012048,3.012048,3.012048,3.012048,2.710843,2.710843,2.710843,2.710843,2.710843,2.710843,2.710843
2.816901,2.816901,2.816901,2.816901,2.816901,2.535211,2.535211,2.535211,2.535211,2.535211,2.535211,2.535211
10.43478,3.768116,3.768116,3.768116,3.768116,10.14493,10.14493,10.14493,10.14493,10.14493,10.14493,10.14493
3.28152,3.28152,3.28152,3.28152,3.28152,2.936097,2.936097,2.936097,2.936097,2.936097,2.936097,2.936097
52.74725,0.8241758,25,1.098901,53.02198,52.74725,52.74725,52.74725,52.74725,52.74725,52.74725,52.74725,52.74725,52.74725,52.74725,52.74725,52.74725,52.74725,52.74725,13.18681,52.1978,52.74725,52.74725,13.18681,52.1978,52.74725,52.74725,52.74725,52.74725,52.74725,52.74725,13.18681,52.1978,52.74725,52.74725,13.18681,52.1978,52.74725,52.74725,52.74725,52.74725,52.74725,52.74725,13.18681,52.1978,52.74725,52.74725,13.18681,52.1978,52.74725
3.313253,3.012048,3.012048,3.012048,3.012048,3.012048,3.012048,3.012048,3.012048,3.012048,3.012048,3.012048
3.098592,2.816901,2.816901,2.816901,2.816901,2.816901,2.816901,2.816901,2.816901,2.816901,2.816901,2.816901
10.72464,3.768116,3.768116,3.768116,3.768116,3.768116,3.768116,3.768116,10.43478,3.768116,3.768116,3.768116
3.626943,3.28152,3.28152,3.28152,3.28152,3.28152,3.28152,3.28152,3.28152,3.28152,3.28152,3.28152
53.57143,0.2747253,12.08791,0.5494506,53.02198,53.02198,53.02198,53.02198,53.02198,53.02198,53.02198,53.02198,53.02198,53.02198,53.02198,12.36264,53.02198,53.02198,53.02198,53.02198,53.02198,53.02198,53.02198,52.1978,5.494505,53.02198,53.02198,53.02198,53.02198,53.02198,53.02198,53.02198,53.02198,53.02198,53.02198,52.1978,5.494505,53.02198,53.02198,53.02198,53.02198,53.02198,53.02198,53.02198,53.02198,53.02198,53.02198,52.1978,5.494505,53.02198
0.3012048,3.313253,3.012048,3.012048,3.012048,3.313253,3.012048,3.012048,3.012048,3.012048,3.313253,3.012048
0.2816902,3.098592,2.816901,2.816901,2.816901,3.098592,2.816901,2.816901,2.816901,2.816901,3.098592,2.816901
3.478261,10.72464,10.72464,10.72464,10.72464,10.72464,10.72464,10.72464,10.72464,10.72464,10.72464,10.72464
4.145078,3.626943,3.454232,3.454232,3.454232,3.626943,3.454232,3.454232,3.454232,3.454232,3.626943,3.454232
53.57143,53.02198,2.197802,0.2747253,4.120879,53.02198,53.02198,53.02198,53.02198,53.02198,53.02198,53.02198,53.02198,53.02198,53.02198,53.57143,53.02198,53.02198,53.02198,53.02198,53.02198,53.02198,53.02198,52.1978,11.81319,52.1978,53.02198,53.02198,53.02198,53.02198,53.02198,53.02198,53.02198,53.02198,53.02198,52.1978,11.81319,52.1978,53.02198,53.02198,53.02198,53.02198,53.02198,53.02198,53.02198,53.02198,53.02198,52.1978,11.81319,52.1978
0.3012048,3.915663,3.313253,3.012048,3.012048,3.313253,3.012048,3.012048,3.012048,3.012048,3.313253,3.012048
0.2816902,3.661972,3.098592,2.816901,2.816901,3.098592,2.816901,2.816901,2.816901,2.816901,3.098592,2.816901
3.478261,11.30435,10.72464,10.72464,10.72464,10.72464,10.72464,10.72464,10.72464,10.72464,10.72464,10.72464
4.145078,3.799654,3.626943,3.454232,3.454232,3.626943,3.454232,3.454232,3.454232,3.454232,3.626943,3.454232
53.84615,0.2747253,0.2747253,53.84615,0.5494506,53.02198,53.02198,53.02198,53.02198,53.02198,53.02198,53.02198,53.02198,53.02198,53.02198,53.57143,53.02198,53.02198,53.02198,53.02198,53.02198,53.02198,53.02198,13.73626,13.18681,52.1978,53.02198,53.02198,53.02198,53.02198,53.02198,53.02198,53.02198,53.02198,53.02198,13.73626,13.18681,52.1978,53.02198,53.02198,53.02198,53.02198,53.02198,53.02198,53.02198,53.02198,53.02198,13.73626,13.18681,52.1978
3.614458,3.614458,3.915663,3.012048,3.012048,3.313253,3.012048,3.012048,3.012048,3.012048,3.313253,3.012048
3.380282,3.380282,3.661972,2.816901,2.816901,3.098592,2.816901,2.816901,2.816901,2.816901,3.098592,2.816901
11.30435,0.2898551,11.30435,10.72464,10.72464,10.72464,10.72464,10.72464,10.72464,10.72464,10.72464,10.72464
4.145078,1.208981,3.799654,3.454232,3.454232,3.626943,3.454232,3.454232,3.454232,3.454232,3.626943,3.454232
0.5494506,54.12088,53.84615,53.84615,4.120879,0.2747253,12.36264,53.02198,53.02198,53.02198,53.02198,53.02198,53.02198,53.02198,53.02198,53.57143,53.02198,53.02198,53.02198,53.02198,53.02198,53.02198,53.02198,12.91209,0.2747253,48.9011,13.18681,52.1978,53.02198,53.02198,53.02198,53.02198,53.02198,53.02198,53.02198,12.91209,0.2747253,48.9011,13.18681,52.1978,53.02198,53.02198,53.02198,53.02198,53.02198,53.02198,53.02198,12.91209,0.2747253,48.9011
4.518072,3.614458,3.614458,3.915663,3.313253,3.012048,3.012048,3.012048,3.012048,3.313253,3.012048,3.012048
4.225352,3.380282,3.380282,3.661972,3.098592,2.816901,2.816901,2.816901,2.816901,3.098592,2.816901,2.816901
11.88406,3.478261,0.2898551,11.30435,10.72464,10.72464,10.72464,10.72464,10.72464,10.72464,10.72464,10.72464
3.799654,4.145078,1.208981,3.799654,3.626943,3.454232,3.454232,3.454232,3.454232,3.626943,3.454232,3.454232
0.2747253,54.12088,2.747253,2.747253,99.72527,54.12088,54.12088,1.923077,53.02198,53.02198,53.02198,53.02198,53.02198,53.02198,53.02198,53.02198,53.02198,53.02198,53.02198,12.91209,53.2967,53.84615,53.84615,53.84615,54.12088,53.84615,1.923077,53.02198,53.02198,53.02198,53.02198,53.02198,12.91209,53.2967,53.84615,53.84615,53.84615,53.84615,54.12088,1.923077,53.02198,53.02198,53.02198,53.02198,53.02198,12.91209,53.2967,53.84615,53.2967,53.84615
36.14458,4.518072,4.518072,4.518072,4.518072,3.915663,3.915663,3.915663,3.915663,3.915663,3.915663,3.915663
85.35211,4.225352,4.225352,4.225352,4.225352,3.661972,3.661972,3.661972,3.661972,3.661972,3.661972,3.661972
25.07246,3.478261,3.478261,3.478261,3.478261,3.478261,3.478261,3.478261,3.478261,3.478261,3.478261,3.478261
23.48877,4.145078,4.145078,4.145078,4.145078,3.799654,3.799654,3.799654,3.799654,3.799654,3.799654,3.799654
99.45055,99.72527,11.53846,48.62637,99.72527,99.72527,99.72527,99.72527,99.72527,99.72527,99.72527,99.72527,99.72527,99.72527,99.72527,13.18681,99.72527,99.72527,99.72527,99.72527,99.72527,99.72527,99.72527,99.72527,99.45055,99.72527,99.72527,99.72527,99.72527,99.72527,99.72527,99.72527,99.72527,99.72527,99.72527,99.72527,99.45055,99.72527,99.72527,99.72527,99.72527,99.72527,99.72527,99.72527,99.72527,99.72527,99.72527,99.72527,99.45055,99.72527
35.54217,36.14458,46.08434,46.08434,46.08434,46.08434,36.14458,46.08434,46.08434,46.08434,36.14458,46.08434
89.85915,85.35211,89.57746,89.57746,89.57746,89.57746,85.35211,89.57746,89.57746,89.57746,85.35211,89.57746
25.07246,25.07246,25.36232,25.36232,25.36232,25.36232,25.07246,25.36232,25.36232,25.36232,25.07246,25.36232
23.31606,23.48877,23.48877,23.48877,23.48877,23.48877,23.48877,23.48877,23.48877,23.48877,23.48877,23.48877
99.72527,99.72527,52.47253,99.72527,99.72527,99.72527,99.72527,99.72527,99.72527,99.72527,99.72527,99.72527,99.72527,99.72527,1.373626,10.98901,99.72527,99.72527,99.72527,99.72527,99.72527,99.72527,99.72527,12.91209,99.72527,99.45055,99.72527,99.72527,99.72527,99.72527,99.72527,99.72527,99.72527,99.72527,99.72527,12.91209,99.72527,99.45055,99.72527,99.72527,99.72527,99.72527,99.72527,99.72527,99.72527,99.72527,99.72527,12.91209,99.72527,99.45055
45.78313,35.54217,46.08434,36.14458,46.08434,46.08434,46.08434,46.08434,36.14458,46.08434,46.08434,46.08434
85.6338,89.85915,99.71831,85.35211,89.57746,89.57746,89.57746,89.57746,85.35211,89.57746,89.57746,89.57746
3.478261,25.07246,25.21739,25.07246,25.36232,25.36232,25.36232,25.36232,25.07246,25.36232,25.36232,25.36232
23.66149,23.31606,23.48877,23.48877,23.48877,23.48877,23.48877,23.48877,23.48877,23.48877,23.48877,23.48877
