0.5492228
1.150259
3.889465
9.043178
22.14508
21.8411
22.46632
22.64249
22.8981
21.12608
20.81174
21.23316
23.65803
22.71157
22.23489
23.1848
21.79965
21.74439
20.80829
21.79275
23.43696
22.87737
22.89465
23.35406
22.41105
22.4076
22.96718
22.88774
24.01036
21.40242
22.37651
22.37306
21.47496
22.37651
20.93955
21.96891
21.24007
22.34197
27.36442
43.19516
92.80829
94.47668
94.79793
90.41796
89.77547
94.30397
95.81347
92.37651
93.10535
92.47323
94.77375
87.78929
88.35233
87.97927
89.47496
87.96891
89.79965
89.49914
88.7772
90.51122
90.74957
95.51295
94.28671
94.30052
91.98964
91.98273
94.27979
94.28671
94.76684
93.17098
92.46977
