3.851648
9.153846
13.91758
20.60439
26.4011
38.90659
50.00549
55.02198
50.42308
42.27473
38.48901
42.64835
36.03846
37.04945
40.18681
36.75275
36.08242
37.21978
36.5
33.92308
33.92308
39.25275
32.42308
39.17033
38.40659
40.1044
38.23077
40.05495
42.66484
40.82418
39.37363
35.34615
40.45055
39.93956
40.92857
42.4011
47.71429
44.20879
41.91209
41.24725
37.93407
42.28022
46.7967
47.36264
38.64835
37.09341
45.59341
45.92308
46.19231
47.2967
41.65385
37.54396
37.87912
43.8022
40.41758
49.92857
42.62088
41.11538
45.20879
48.29121
44.30769
41.52747
44.8022
44.23626
41.03297
40.41209
40.32418
38.76374
43.37912
44.58791
40.56044
