2.371988
5.60994
7.115964
13.72364
26.67545
37.17997
44.72892
59.4503
51.3366
54.63102
53.76506
57.41717
61.27636
78.25677
91.17094
39.85316
52.44729
58.13253
49.05873
59.03614
47.32681
50.60241
51.37425
49.26581
47.49623
46.55497
45.33133
60.97515
61.85994
49.20934
71.55497
47.55271
43.91943
48.39985
51.75075
49.17169
48.06099
57.86898
50.05648
47.94804
44.82304
52.25904
45.14307
54.23569
50.96009
53.57681
61.82229
53.82154
47.74096
53.52033
46.21611
47.04443
56.68298
54.85693
52.44729
52.33434
49.05873
52.42846
47.15738
44.01355
51.31777
38.68599
62.5
53.2003
44.40889
53.65211
54.80045
51.07304
50.2259
