0,0,0,0,0,0,0,0,0,0,0,0,0,0,0,0,0,0,0,0.3012048,0,0.3012048,0,0,0,0,0,0,0,0,0,0,0,0,0,0,0,0,0,0,0,0,0,0,0,0,0,0,0,0
0,0,0,0,0,0,0,0,0,0,3.313253,0,0,0,0,9.337349,0,0,0,0.3012048,0,0.3012048,0,0,0,0,0,6.927711,0,9.337349,0,0,0,0,0,0,0,0,0,6.927711,0,9.337349,0,0,0,0,0,0,0,0
0,0,0,0,0,0,0.3012048,0,0,0,3.313253,0,0,0,6.927711,9.337349,0,9.337349,9.337349,0.3012048,9.337349,0.3012048,0,6.927711,0,0,0,6.927711,0,9.337349,0,6.927711,0,9.337349,9.337349,9.337349,0,6.927711,0,6.927711,0,9.337349,0,0,0,6.927711,0,9.337349,9.337349,9.337349
0,0,3.915663,0,9.337349,9.337349,9.337349,9.337349,9.337349,9.337349,9.337349,9.337349,9.337349,9.337349,9.337349,9.337349,9.337349,9.337349,9.337349,9.337349,9.337349,9.337349,9.337349,9.337349,9.337349,9.337349,9.337349,9.337349,9.337349,9.337349,9.337349,9.337349,9.337349,9.337349,9.337349,9.337349,9.337349,9.337349,9.337349,9.337349,9.337349,9.337349,9.337349,9.337349,9.337349,9.337349,9.337349,9.337349,9.337349,9.337349
27.10843,0,0,0,9.337349,9.337349,9.337349,9.337349,9.337349,9.337349,9.337349,9.337349,9.337349,9.337349,9.337349,9.337349,9.337349,9.337349,9.337349,9.337349,9.337349,9.337349,9.337349,9.337349,9.337349,9.337349,9.337349,9.337349,9.337349,9.337349,9.337349,9.337349,9.337349,9.337349,9.337349,9.337349,9.337349,9.337349,9.337349,9.337349,9.337349,9.337349,9.337349,9.337349,9.337349,9.337349,9.337349,9.337349,9.337349,9.337349
27.10843,0.3012048,34.63855,0,9.337349,9.337349,9.337349,9.337349,9.337349,9.337349,9.337349,9.337349,9.337349,9.337349,9.337349,0.3012048,9.337349,9.337349,9.337349,9.337349,9.337349,9.337349,9.337349,8.13253,3.915663,9.337349,9.337349,9.337349,9.337349,9.337349,9.337349,9.337349,9.337349,9.337349,9.337349,8.13253,3.915663,9.337349,9.337349,9.337349,9.337349,9.337349,9.337349,9.337349,9.337349,9.337349,9.337349,8.13253,3.915663,9.337349
27.10843,0,34.63855,0,9.337349,9.337349,9.337349,9.337349,9.337349,9.337349,9.337349,9.337349,9.337349,9.337349,0,27.40964,9.337349,9.337349,9.337349,9.337349,9.337349,9.337349,9.337349,10.84337,34.93976,3.915663,9.337349,9.337349,9.337349,9.337349,9.337349,9.337349,9.337349,9.337349,9.337349,10.84337,34.93976,3.915663,9.337349,9.337349,9.337349,9.337349,9.337349,9.337349,9.337349,9.337349,9.337349,10.84337,34.93976,3.915663
27.10843,0,34.63855,0,9.337349,9.337349,9.337349,7.228916,34.93976,4.518072,9.036144,10.84337,10.84337,9.337349,9.337349,27.40964,9.337349,8.13253,34.93976,34.93976,34.63855,26.50602,4.518072,10.84337,34.93976,9.036144,10.84337,10.84337,9.337349,9.337349,9.337349,8.13253,34.93976,34.93976,34.63855,10.84337,34.93976,26.50602,4.518072,9.036144,10.84337,10.84337,9.337349,9.337349,9.337349,8.13253,34.93976,10.84337,34.93976,34.93976
0,0,34.63855,0,6.927711,34.93976,34.93976,34.93976,34.93976,34.93976,34.93976,34.63855,34.63855,34.93976,35.24096,34.93976,34.93976,34.93976,34.93976,34.93976,34.63855,34.93976,34.93976,34.93976,34.93976,34.93976,34.93976,34.63855,34.63855,34.93976,35.24096,34.93976,34.93976,34.93976,34.93976,34.93976,34.93976,34.93976,34.93976,34.93976,34.93976,34.93976,34.63855,34.63855,34.93976,35.24096,34.93976,34.93976,34.93976,34.93976
50.60241,35.24096,3.614458,0,34.93976,34.93976,34.93976,34.93976,34.93976,34.93976,34.93976,34.93976,35.24096,34.93976,35.24096,34.93976,34.93976,34.93976,34.93976,34.93976,34.93976,34.93976,35.24096,35.24096,35.24096,34.93976,34.93976,34.93976,35.24096,34.93976,35.24096,34.93976,34.93976,34.93976,34.93976,35.24096,35.24096,35.24096,34.93976,34.93976,34.93976,35.24096,34.93976,34.93976,34.93976,35.24096,34.93976,34.93976,35.24096,35.24096
50.60241,35.24096,0,0,0,0,35.24096,35.24096,35.24096,35.24096,35.24096,35.24096,35.24096,35.24096,35.24096,50.3012,34.93976,35.24096,35.24096,35.24096,35.24096,35.24096,35.24096,35.24096,35.24096,35.24096,35.24096,35.24096,35.24096,35.24096,35.24096,35.24096,50.3012,34.93976,35.24096,35.24096,35.24096,35.24096,35.24096,35.24096,35.24096,35.24096,35.24096,35.24096,35.24096,35.24096,35.24096,50.3012,34.93976,35.24096
50.60241,35.24096,45.78313,99.69879,99.69879,0,35.24096,35.24096,35.24096,35.24096,35.24096,35.24096,35.24096,35.24096,35.24096,50.3012,35.24096,35.24096,35.24096,35.24096,35.24096,50.3012,50.60241,50.3012,50.3012,34.93976,35.24096,35.24096,35.24096,35.24096,35.24096,35.24096,50.3012,35.24096,50.3012,50.60241,50.3012,50.3012,34.93976,35.24096,35.24096,35.24096,35.24096,35.24096,35.24096,35.24096,50.3012,50.3012,50.60241,50.3012
50.60241,0,45.48193,99.69879,99.69879,0,0,35.24096,50.60241,50.3012,50.3012,50.3012,50.3012,50.3012,99.69879,50.3012,0,35.24096,50.60241,50.60241,50.60241,50.3012,50.60241,50.3012,50.3012,50.60241,50.3012,50.3012,50.3012,50.3012,50.3012,99.69879,50.3012,0,50.3012,50.60241,35.24096,50.60241,50.60241,50.60241,50.60241,50.3012,50.3012,50.3012,50.3012,50.3012,99.69879,0,50.60241,35.24096
50.60241,0,0,99.69879,99.69879,35.84337,0,50.3012,50.60241,50.60241,50.60241,50.60241,50.60241,50.60241,99.69879,50.60241,99.69879,0,50.60241,50.60241,50.60241,0,50.60241,99.69879,99.69879,50.60241,50.3012,50.60241,50.60241,50.60241,50.60241,99.69879,50.60241,50.60241,99.69879,0,0,99.69879,99.69879,50.3012,50.60241,50.60241,50.60241,50.60241,50.60241,50.60241,99.69879,99.69879,0,0
0,0,99.69879,99.69879,99.69879,2.409639,99.69879,99.69879,99.69879,99.69879,99.69879,99.69879,99.69879,99.69879,99.69879,0,99.69879,0,99.69879,99.69879,99.69879,99.69879,99.69879,99.69879,99.69879,99.69879,99.69879,99.69879,99.69879,99.69879,0,99.69879,0,99.69879,99.69879,99.69879,99.69879,99.69879,99.69879,99.69879,99.69879,99.69879,99.69879,99.69879,99.69879,99.69879,99.69879,99.69879,0,0
0,45.48193,99.69879,99.69879,99.69879,0,99.69879,99.69879,99.69879,99.69879,99.69879,99.69879,99.69879,99.69879,99.69879,99.69879,99.69879,99.69879,99.69879,99.69879,99.69879,99.69879,99.69879,99.69879,99.69879,0,0,99.69879,99.69879,99.69879,99.69879,99.69879,99.69879,99.69879,99.69879,99.69879,99.69879,99.69879,99.69879,99.69879,99.69879,99.69879,99.69879,99.69879,99.69879,99.69879,99.69879,99.69879,99.69879,0
0,0,99.69879,99.69879,99.69879,0,99.69879,99.69879,99.69879,99.69879,99.69879,99.69879,99.69879,99.69879,99.69879,99.69879,99.69879,99.69879,99.69879,99.69879,99.69879,99.69879,99.69879,34.93976,99.69879,0,0,99.69879,99.69879,99.69879,99.69879,99.69879,99.69879,99.69879,99.69879,34.93976,99.69879,0,0,99.69879,99.69879,99.69879,99.69879,99.69879,99.69879,99.69879,99.69879,34.93976,99.69879,0
0,0,99.69879,99.69879,99.69879,0,99.69879,99.69879,99.69879,99.69879,99.69879,99.69879,99.69879,99.69879,99.69879,99.69879,99.69879,99.69879,99.69879,99.69879,99.69879,99.69879,99.69879,34.93976,99.69879,0,0,99.69879,99.69879,99.69879,99.69879,99.69879,99.69879,99.69879,99.69879,34.93976,99.69879,0,0,99.69879,99.69879,99.69879,99.69879,99.69879,99.69879,99.69879,99.69879,34.93976,99.69879,0
46.68675,50.3012,99.69879,99.69879,99.69879,99.69879,99.69879,99.69879,99.69879,99.69879,99.69879,99.69879,99.69879,99.69879,99.69879,99.69879,99.69879,99.69879,99.69879,99.69879,99.69879,99.69879,99.69879,34.93976,99.69879,0,0,99.69879,99.69879,99.69879,99.69879,99.69879,99.69879,99.69879,99.69879,34.93976,99.69879,0,0,99.69879,99.69879,99.69879,99.69879,99.69879,99.69879,99.69879,99.69879,34.93976,99.69879,0
46.08434,0,99.69879,99.69879,99.69879,99.69879,99.69879,99.69879,99.69879,99.69879,99.69879,99.69879,99.69879,99.69879,99.69879,99.69879,99.69879,99.69879,99.69879,99.69879,99.69879,99.69879,99.69879,35.24096,99.69879,0,99.69879,3.313253,99.69879,99.69879,99.69879,99.69879,99.69879,99.69879,99.69879,35.24096,99.69879,0,99.69879,3.313253,99.69879,99.69879,99.69879,99.69879,99.69879,99.69879,99.69879,35.24096,99.69879,0
2.409639,0.3012048,99.69879,99.69879,99.69879,99.69879,99.69879,99.69879,99.69879,99.69879,99.69879,99.69879,99.69879,99.69879,0.3012048,28.01205,99.69879,99.69879,99.69879,99.69879,99.69879,99.69879,99.69879,35.24096,99.69879,0,99.69879,3.313253,99.69879,99.69879,99.69879,99.69879,99.69879,99.69879,99.69879,35.24096,99.69879,0,99.69879,3.313253,99.69879,99.69879,99.69879,99.69879,99.69879,99.69879,99.69879,35.24096,99.69879,0
99.69879,0,99.69879,99.69879,99.69879,99.69879,99.69879,99.69879,99.69879,99.69879,99.69879,99.69879,99.69879,99.69879,0,0,99.69879,99.69879,99.69879,99.69879,99.69879,99.69879,99.69879,35.24096,99.69879,0,99.69879,3.313253,99.69879,99.69879,99.69879,99.69879,99.69879,99.69879,99.69879,35.24096,99.69879,0,99.69879,3.313253,99.69879,99.69879,99.69879,99.69879,99.69879,99.69879,99.69879,35.24096,99.69879,0
99.69879,99.69879,99.69879,99.69879,99.69879,99.69879,99.69879,99.69879,99.69879,99.69879,99.69879,99.69879,99.69879,99.69879,99.69879,34.93976,3.313253,99.69879,99.69879,99.69879,99.69879,99.69879,99.69879,99.69879,99.69879,99.69879,0,99.69879,3.313253,99.69879,99.69879,99.69879,99.69879,99.69879,99.69879,99.69879,99.69879,99.69879,0,99.69879,3.313253,99.69879,99.69879,99.69879,99.69879,99.69879,99.69879,99.69879,99.69879,99.69879
99.69879,99.69879,99.69879,99.69879,99.69879,99.69879,99.69879,99.69879,99.69879,99.69879,99.69879,99.69879,0,0,0.3012048,0,99.69879,3.313253,99.69879,99.69879,99.69879,99.69879,99.69879,99.69879,99.69879,99.69879,99.69879,0,99.69879,3.313253,99.69879,99.69879,99.69879,99.69879,99.69879,99.69879,99.69879,99.69879,99.69879,0,99.69879,3.313253,99.69879,99.69879,99.69879,99.69879,99.69879,99.69879,99.69879,99.69879
99.69879,99.69879,99.69879,99.69879,99.69879,99.69879,99.69879,99.69879,99.69879,99.69879,99.69879,99.69879,31.92771,46.98795,99.69879,0,99.69879,3.313253,99.69879,99.69879,99.69879,99.69879,99.69879,99.69879,99.69879,99.69879,99.69879,0,99.69879,3.313253,99.69879,99.69879,99.69879,99.69879,99.69879,99.69879,99.69879,99.69879,99.69879,0,99.69879,3.313253,99.69879,99.69879,99.69879,99.69879,99.69879,99.69879,99.69879,99.69879
99.69879,99.69879,99.69879,99.69879,99.69879,99.69879,99.69879,99.69879,99.69879,99.69879,99.69879,99.69879,99.69879,99.69879,0,0,99.69879,3.313253,99.69879,99.69879,99.69879,99.69879,99.69879,99.69879,99.69879,99.69879,99.69879,0,99.69879,3.313253,99.69879,99.69879,99.69879,99.69879,99.69879,99.69879,99.69879,99.69879,99.69879,0,99.69879,3.313253,99.69879,99.69879,99.69879,99.69879,99.69879,99.69879,99.69879,99.69879
99.69879,99.69879,99.69879,99.69879,99.69879,99.69879,99.69879,99.69879,99.69879,99.69879,99.69879,99.69879,99.69879,99.69879,0,99.69879,99.69879,3.313253,99.69879,99.69879,99.69879,99.69879,99.69879,99.69879,99.69879,99.69879,99.69879,0,99.69879,3.313253,99.69879,99.69879,99.69879,99.69879,99.69879,99.69879,99.69879,99.69879,99.69879,0,99.69879,3.313253,99.69879,99.69879,99.69879,99.69879,99.69879,99.69879,99.69879,99.69879
99.69879,99.69879,99.69879,99.69879,99.69879,99.69879,99.69879,99.69879,99.69879,99.69879,99.69879,99.69879,0,99.69879,0,0.3012048,99.69879,3.313253,99.69879,99.69879,99.69879,99.69879,99.69879,99.69879,99.69879,99.69879,99.69879,0,99.69879,3.313253,99.69879,99.69879,99.69879,99.69879,99.69879,99.69879,99.69879,99.69879,99.69879,0,99.69879,3.313253,99.69879,99.69879,99.69879,99.69879,99.69879,99.69879,99.69879,99.69879
99.69879,99.69879,99.69879,99.69879,99.69879,99.69879,99.69879,99.69879,99.69879,99.69879,99.69879,99.69879,0,0,0,46.08434,99.69879,3.313253,99.69879,99.69879,99.69879,99.69879,99.69879,99.69879,99.69879,99.69879,99.69879,0,99.69879,3.313253,99.69879,99.69879,99.69879,99.69879,99.69879,99.69879,99.69879,99.69879,99.69879,0,99.69879,3.313253,99.69879,99.69879,99.69879,99.69879,99.69879,99.69879,99.69879,99.69879
99.69879,99.69879,99.69879,99.69879,99.69879,99.69879,99.69879,99.69879,99.69879,99.69879,99.69879,99.69879,0,0,99.69879,0,99.69879,3.313253,99.69879,99.69879,99.69879,99.69879,99.69879,99.69879,99.69879,99.69879,99.69879,0,99.69879,3.313253,99.69879,99.69879,99.69879,99.69879,99.69879,99.69879,99.69879,99.69879,99.69879,0,99.69879,3.313253,99.69879,99.69879,99.69879,99.69879,99.69879,99.69879,99.69879,99.69879
99.69879,99.69879,99.69879,99.69879,99.69879,99.69879,99.69879,99.69879,99.69879,99.69879,99.69879,99.69879,0,99.69879,35.24096,0,99.69879,3.313253,99.69879,99.69879,99.69879,99.69879,99.69879,99.69879,99.69879,99.69879,99.69879,0,99.69879,3.313253,99.69879,99.69879,99.69879,99.69879,99.69879,99.69879,99.69879,99.69879,99.69879,0,99.69879,3.313253,99.69879,99.69879,99.69879,99.69879,99.69879,99.69879,99.69879,99.69879
99.69879,99.69879,99.69879,99.69879,99.69879,99.69879,99.69879,99.69879,99.69879,99.69879,99.69879,99.69879,99.69879,0,0,0,99.69879,3.313253,99.69879,99.69879,99.69879,99.69879,99.69879,99.69879,99.69879,99.69879,99.69879,0,99.69879,3.313253,99.69879,99.69879,99.69879,99.69879,99.69879,99.69879,99.69879,99.69879,99.69879,0,99.69879,3.313253,99.69879,99.69879,99.69879,99.69879,99.69879,99.69879,99.69879,99.69879
99.69879,99.69879,99.69879,99.69879,99.69879,99.69879,99.69879,99.69879,99.69879,99.69879,99.69879,99.69879,35.24096,0,0,0,99.69879,3.313253,99.69879,99.69879,99.69879,99.69879,99.69879,99.69879,99.69879,99.69879,99.69879,0,99.69879,3.313253,99.69879,99.69879,99.69879,99.69879,99.69879,99.69879,99.69879,99.69879,99.69879,0,99.69879,3.313253,99.69879,99.69879,99.69879,99.69879,99.69879,99.69879,99.69879,99.69879
99.69879,99.69879,99.69879,99.69879,99.69879,99.69879,99.69879,99.69879,99.69879,99.69879,99.69879,99.69879,0,6.927711,0,0,99.69879,3.313253,99.69879,99.69879,99.69879,99.69879,99.69879,99.69879,99.69879,99.69879,99.69879,0,99.69879,3.313253,99.69879,99.69879,99.69879,99.69879,99.69879,99.69879,99.69879,99.69879,99.69879,0,99.69879,3.313253,99.69879,99.69879,99.69879,99.69879,99.69879,99.69879,99.69879,99.69879
99.69879,99.69879,99.69879,99.69879,99.69879,99.69879,99.69879,99.69879,99.69879,99.69879,99.69879,99.69879,28.31325,2.409639,3.614458,0.3012048,99.69879,3.313253,99.69879,99.69879,99.69879,99.69879,99.69879,99.69879,99.69879,99.69879,99.69879,0,99.69879,3.313253,99.69879,99.69879,99.69879,99.69879,99.69879,99.69879,99.69879,99.69879,99.69879,0,99.69879,3.313253,99.69879,99.69879,99.69879,99.69879,99.69879,99.69879,99.69879,99.69879
99.69879,99.69879,99.69879,99.69879,99.69879,99.69879,99.69879,99.69879,99.69879,99.69879,99.69879,99.69879,0,0,0,0,99.69879,3.313253,99.69879,99.69879,99.69879,99.69879,99.69879,99.69879,99.69879,99.69879,99.69879,0,99.69879,3.313253,99.69879,99.69879,99.69879,99.69879,99.69879,99.69879,99.69879,99.69879,99.69879,0,99.69879,3.313253,99.69879,99.69879,99.69879,99.69879,99.69879,99.69879,99.69879,99.69879
99.69879,99.69879,99.69879,99.69879,99.69879,99.69879,99.69879,99.69879,99.69879,99.69879,99.69879,99.69879,0,0,99.69879,99.69879,99.69879,3.313253,99.69879,99.69879,99.69879,99.69879,99.69879,99.69879,99.69879,99.69879,99.69879,0,99.69879,3.313253,99.69879,99.69879,99.69879,99.69879,99.69879,99.69879,99.69879,99.69879,99.69879,0,99.69879,3.313253,99.69879,99.69879,99.69879,99.69879,99.69879,99.69879,99.69879,99.69879
99.69879,99.69879,99.69879,99.69879,99.69879,99.69879,99.69879,99.69879,99.69879,99.69879,99.69879,99.69879,0,0,99.69879,34.93976,99.69879,3.313253,99.69879,99.69879,99.69879,99.69879,99.69879,99.69879,99.69879,99.69879,99.69879,0,99.69879,3.313253,99.69879,99.69879,99.69879,99.69879,99.69879,99.69879,99.69879,99.69879,99.69879,0,99.69879,3.313253,99.69879,99.69879,99.69879,99.69879,99.69879,99.69879,99.69879,99.69879
99.69879,99.69879,99.69879,99.69879,99.69879,99.69879,99.69879,99.69879,99.69879,99.69879,99.69879,99.69879,3.915663,0,0,44.87952,99.69879,3.313253,99.69879,99.69879,99.69879,99.69879,99.69879,99.69879,99.69879,99.69879,99.69879,0,99.69879,3.313253,99.69879,99.69879,99.69879,99.69879,99.69879,99.69879,99.69879,99.69879,99.69879,0,99.69879,3.313253,99.69879,99.69879,99.69879,99.69879,99.69879,99.69879,99.69879,99.69879
99.69879,99.69879,99.69879,99.69879,99.69879,99.69879,99.69879,99.69879,99.69879,99.69879,99.69879,99.69879,2.409639,3.313253,0,35.54217,99.69879,3.313253,99.69879,99.69879,99.69879,99.69879,99.69879,99.69879,99.69879,99.69879,99.69879,0,99.69879,3.313253,99.69879,99.69879,99.69879,99.69879,99.69879,99.69879,99.69879,99.69879,99.69879,0,99.69879,3.313253,99.69879,99.69879,99.69879,99.69879,99.69879,99.69879,99.69879,99.69879
99.69879,99.69879,99.69879,99.69879,99.69879,99.69879,99.69879,99.69879,99.69879,99.69879,99.69879,99.69879,99.69879,0,0,0,99.69879,3.313253,99.69879,99.69879,99.69879,99.69879,99.69879,99.69879,99.69879,99.69879,99.69879,0,99.69879,3.313253,99.69879,99.69879,99.69879,99.69879,99.69879,99.69879,99.69879,99.69879,99.69879,0,99.69879,3.313253,99.69879,99.69879,99.69879,99.69879,99.69879,99.69879,99.69879,99.69879
99.69879,99.69879,99.69879,99.69879,99.69879,99.69879,99.69879,99.69879,99.69879,99.69879,99.69879,99.69879,99.69879,0,0,3.915663,99.69879,3.313253,99.69879,99.69879,99.69879,99.69879,99.69879,99.69879,99.69879,99.69879,99.69879,0,99.69879,3.313253,99.69879,99.69879,99.69879,99.69879,99.69879,99.69879,99.69879,99.69879,99.69879,0,99.69879,3.313253,99.69879,99.69879,99.69879,99.69879,99.69879,99.69879,99.69879,99.69879
99.69879,99.69879,99.69879,99.69879,99.69879,99.69879,99.69879,99.69879,99.69879,99.69879,99.69879,99.69879,0,6.927711,0,0,99.69879,3.313253,99.69879,99.69879,99.69879,99.69879,99.69879,99.69879,99.69879,99.69879,99.69879,0,99.69879,3.313253,99.69879,99.69879,99.69879,99.69879,99.69879,99.69879,99.69879,99.69879,99.69879,0,99.69879,3.313253,99.69879,99.69879,99.69879,99.69879,99.69879,99.69879,99.69879,99.69879
99.69879,99.69879,99.69879,99.69879,99.69879,99.69879,99.69879,99.69879,99.69879,99.69879,99.69879,99.69879,0,45.78313,99.69879,35.24096,99.69879,3.313253,99.69879,99.69879,99.69879,99.69879,99.69879,99.69879,99.69879,99.69879,99.69879,0,99.69879,3.313253,99.69879,99.69879,99.69879,99.69879,99.69879,99.69879,99.69879,99.69879,99.69879,0,99.69879,3.313253,99.69879,99.69879,99.69879,99.69879,99.69879,99.69879,99.69879,99.69879
99.69879,99.69879,99.69879,99.69879,99.69879,99.69879,99.69879,99.69879,99.69879,99.69879,99.69879,99.69879,99.69879,0,0,3.012048,99.69879,3.313253,99.69879,99.69879,99.69879,99.69879,99.69879,99.69879,99.69879,99.69879,99.69879,0,99.69879,3.313253,99.69879,99.69879,99.69879,99.69879,99.69879,99.69879,99.69879,99.69879,99.69879,0,99.69879,3.313253,99.69879,99.69879,99.69879,99.69879,99.69879,99.69879,99.69879,99.69879
99.69879,99.69879,99.69879,99.69879,99.69879,99.69879,99.69879,99.69879,99.69879,99.69879,99.69879,99.69879,0,0,0,99.69879,99.69879,3.313253,99.69879,99.69879,99.69879,99.69879,99.69879,99.69879,99.69879,99.69879,99.69879,0,99.69879,3.313253,99.69879,99.69879,99.69879,99.69879,99.69879,99.69879,99.69879,99.69879,99.69879,0,99.69879,3.313253,99.69879,99.69879,99.69879,99.69879,99.69879,99.69879,99.69879,99.69879
99.69879,99.69879,99.69879,99.69879,99.69879,99.69879,99.69879,99.69879,99.69879,99.69879,99.69879,99.69879,35.24096,0,0.3012048,46.68675,99.69879,3.313253,99.69879,99.69879,99.69879,99.69879,99.69879,99.69879,99.69879,99.69879,99.69879,0,99.69879,3.313253,99.69879,99.69879,99.69879,99.69879,99.69879,99.69879,99.69879,99.69879,99.69879,0,99.69879,3.313253,99.69879,99.69879,99.69879,99.69879,99.69879,99.69879,99.69879,99.69879
99.69879,99.69879,99.69879,99.69879,99.69879,99.69879,99.69879,99.69879,99.69879,99.69879,99.69879,99.69879,99.69879,99.69879,0,2.710843,99.69879,3.313253,99.69879,99.69879,99.69879,99.69879,99.69879,99.69879,99.69879,99.69879,99.69879,0,99.69879,3.313253,99.69879,99.69879,99.69879,99.69879,99.69879,99.69879,99.69879,99.69879,99.69879,0,99.69879,3.313253,99.69879,99.69879,99.69879,99.69879,99.69879,99.69879,99.69879,99.69879
99.69879,99.69879,99.69879,99.69879,99.69879,99.69879,99.69879,99.69879,99.69879,99.69879,99.69879,99.69879,27.71084,35.24096,35.24096,0.3012048,99.69879,3.313253,99.69879,99.69879,99.69879,99.69879,99.69879,99.69879,99.69879,99.69879,99.69879,0,99.69879,3.313253,99.69879,99.69879,99.69879,99.69879,99.69879,99.69879,99.69879,99.69879,99.69879,0,99.69879,3.313253,99.69879,99.69879,99.69879,99.69879,99.69879,99.69879,99.69879,99.69879
99.69879,99.69879,99.69879,99.69879,99.69879,99.69879,99.69879,99.69879,99.69879,99.69879,99.69879,99.69879,0,0.3012048,99.69879,50.60241,99.69879,3.313253,99.69879,99.69879,99.69879,99.69879,99.69879,99.69879,99.69879,99.69879,99.69879,0,99.69879,3.313253,99.69879,99.69879,99.69879,99.69879,99.69879,99.69879,99.69879,99.69879,99.69879,0,99.69879,3.313253,99.69879,99.69879,99.69879,99.69879,99.69879,99.69879,99.69879,99.69879
99.69879,99.69879,99.69879,99.69879,99.69879,99.69879,99.69879,99.69879,99.69879,99.69879,99.69879,99.69879,3.915663,2.409639,0,51.50602,99.69879,3.313253,99.69879,99.69879,99.69879,99.69879,99.69879,99.69879,99.69879,99.69879,99.69879,0,99.69879,3.313253,99.69879,99.69879,99.69879,99.69879,99.69879,99.69879,99.69879,99.69879,99.69879,0,99.69879,3.313253,99.69879,99.69879,99.69879,99.69879,99.69879,99.69879,99.69879,99.69879
99.69879,99.69879,99.69879,99.69879,99.69879,99.69879,99.69879,99.69879,99.69879,99.69879,99.69879,99.69879,99.69879,27.71084,0,35.54217,99.69879,3.313253,99.69879,99.69879,99.69879,99.69879,99.69879,99.69879,99.69879,99.69879,99.69879,0,99.69879,3.313253,99.69879,99.69879,99.69879,99.69879,99.69879,99.69879,99.69879,99.69879,99.69879,0,99.69879,3.313253,99.69879,99.69879,99.69879,99.69879,99.69879,99.69879,99.69879,99.69879
99.69879,99.69879,99.69879,99.69879,99.69879,99.69879,99.69879,99.69879,99.69879,99.69879,99.69879,99.69879,0,0,35.84337,99.69879,99.69879,3.313253,99.69879,99.69879,99.69879,99.69879,99.69879,99.69879,99.69879,99.69879,99.69879,0,99.69879,3.313253,99.69879,99.69879,99.69879,99.69879,99.69879,99.69879,99.69879,99.69879,99.69879,0,99.69879,3.313253,99.69879,99.69879,99.69879,99.69879,99.69879,99.69879,99.69879,99.69879
99.69879,99.69879,99.69879,99.69879,99.69879,99.69879,99.69879,99.69879,99.69879,99.69879,99.69879,99.69879,0,99.69879,0,0.3012048,99.69879,3.313253,99.69879,99.69879,99.69879,99.69879,99.69879,99.69879,99.69879,99.69879,99.69879,0,99.69879,3.313253,99.69879,99.69879,99.69879,99.69879,99.69879,99.69879,99.69879,99.69879,99.69879,0,99.69879,3.313253,99.69879,99.69879,99.69879,99.69879,99.69879,99.69879,99.69879,99.69879
99.69879,99.69879,99.69879,99.69879,99.69879,99.69879,99.69879,99.69879,99.69879,99.69879,99.69879,99.69879,99.69879,0,45.48193,0,99.69879,3.313253,99.69879,99.69879,99.69879,99.69879,99.69879,99.69879,99.69879,99.69879,99.69879,0,99.69879,3.313253,99.69879,99.69879,99.69879,99.69879,99.69879,99.69879,99.69879,99.69879,99.69879,0,99.69879,3.313253,99.69879,99.69879,99.69879,99.69879,99.69879,99.69879,99.69879,99.69879
99.69879,99.69879,99.69879,99.69879,99.69879,99.69879,99.69879,99.69879,99.69879,99.69879,99.69879,99.69879,45.18072,46.08434,0,0,99.69879,3.313253,99.69879,99.69879,99.69879,99.69879,99.69879,99.69879,99.69879,99.69879,99.69879,0,99.69879,3.313253,99.69879,99.69879,99.69879,99.69879,99.69879,99.69879,99.69879,99.69879,99.69879,0,99.69879,3.313253,99.69879,99.69879,99.69879,99.69879,99.69879,99.69879,99.69879,99.69879
99.69879,99.69879,99.69879,99.69879,99.69879,99.69879,99.69879,99.69879,99.69879,99.69879,99.69879,99.69879,0,0,0,3.614458,99.69879,3.313253,99.69879,99.69879,99.69879,99.69879,99.69879,99.69879,99.69879,99.69879,99.69879,0,99.69879,3.313253,99.69879,99.69879,99.69879,99.69879,99.69879,99.69879,99.69879,99.69879,99.69879,0,99.69879,3.313253,99.69879,99.69879,99.69879,99.69879,99.69879,99.69879,99.69879,99.69879
99.69879,99.69879,99.69879,99.69879,99.69879,99.69879,99.69879,99.69879,99.69879,99.69879,99.69879,99.69879,0,99.69879,0.3012048,0,99.69879,3.313253,99.69879,99.69879,99.69879,99.69879,99.69879,99.69879,99.69879,99.69879,99.69879,0,99.69879,3.313253,99.69879,99.69879,99.69879,99.69879,99.69879,99.69879,99.69879,99.69879,99.69879,0,99.69879,3.313253,99.69879,99.69879,99.69879,99.69879,99.69879,99.69879,99.69879,99.69879
99.69879,99.69879,99.69879,99.69879,99.69879,99.69879,99.69879,99.69879,99.69879,99.69879,99.69879,99.69879,50.3012,3.614458,0,46.08434,99.69879,3.313253,99.69879,99.69879,99.69879,99.69879,99.69879,99.69879,99.69879,99.69879,99.69879,0,99.69879,3.313253,99.69879,99.69879,99.69879,99.69879,99.69879,99.69879,99.69879,99.69879,99.69879,0,99.69879,3.313253,99.69879,99.69879,99.69879,99.69879,99.69879,99.69879,99.69879,99.69879
99.69879,99.69879,99.69879,99.69879,99.69879,99.69879,99.69879,99.69879,99.69879,99.69879,99.69879,99.69879,0,35.24096,0,0.3012048,99.69879,3.313253,99.69879,99.69879,99.69879,99.69879,99.69879,99.69879,99.69879,99.69879,99.69879,0,99.69879,3.313253,99.69879,99.69879,99.69879,99.69879,99.69879,99.69879,99.69879,99.69879,99.69879,0,99.69879,3.313253,99.69879,99.69879,99.69879,99.69879,99.69879,99.69879,99.69879,99.69879
99.69879,99.69879,99.69879,99.69879,99.69879,99.69879,99.69879,99.69879,99.69879,99.69879,99.69879,99.69879,0,0,2.710843,0,99.69879,3.313253,99.69879,99.69879,99.69879,99.69879,99.69879,99.69879,99.69879,99.69879,99.69879,0,99.69879,3.313253,99.69879,99.69879,99.69879,99.69879,99.69879,99.69879,99.69879,99.69879,99.69879,0,99.69879,3.313253,99.69879,99.69879,99.69879,99.69879,99.69879,99.69879,99.69879,99.69879
99.69879,99.69879,99.69879,99.69879,99.69879,99.69879,99.69879,99.69879,99.69879,99.69879,99.69879,99.69879,99.69879,29.51807,12.95181,0,99.69879,3.313253,99.69879,99.69879,99.69879,99.69879,99.69879,99.69879,99.69879,99.69879,99.69879,0,99.69879,3.313253,99.69879,99.69879,99.69879,99.69879,99.69879,99.69879,99.69879,99.69879,99.69879,0,99.69879,3.313253,99.69879,99.69879,99.69879,99.69879,99.69879,99.69879,99.69879,99.69879
99.69879,99.69879,99.69879,99.69879,99.69879,99.69879,99.69879,99.69879,99.69879,99.69879,99.69879,99.69879,99.69879,0,0,3.012048,99.69879,3.313253,99.69879,99.69879,99.69879,99.69879,99.69879,99.69879,99.69879,99.69879,99.69879,0,99.69879,3.313253,99.69879,99.69879,99.69879,99.69879,99.69879,99.69879,99.69879,99.69879,99.69879,0,99.69879,3.313253,99.69879,99.69879,99.69879,99.69879,99.69879,99.69879,99.69879,99.69879
99.69879,99.69879,99.69879,99.69879,99.69879,99.69879,99.69879,99.69879,99.69879,99.69879,99.69879,99.69879,99.69879,34.93976,19.87952,2.108434,99.69879,3.313253,99.69879,99.69879,99.69879,99.69879,99.69879,99.69879,99.69879,99.69879,99.69879,0,99.69879,3.313253,99.69879,99.69879,99.69879,99.69879,99.69879,99.69879,99.69879,99.69879,99.69879,0,99.69879,3.313253,99.69879,99.69879,99.69879,99.69879,99.69879,99.69879,99.69879,99.69879
99.69879,99.69879,99.69879,99.69879,99.69879,99.69879,99.69879,99.69879,99.69879,99.69879,99.69879,99.69879,0,3.614458,0,0.3012048,99.69879,3.313253,99.69879,99.69879,99.69879,99.69879,99.69879,99.69879,99.69879,99.69879,99.69879,0,99.69879,3.313253,99.69879,99.69879,99.69879,99.69879,99.69879,99.69879,99.69879,99.69879,99.69879,0,99.69879,3.313253,99.69879,99.69879,99.69879,99.69879,99.69879,99.69879,99.69879,99.69879
99.69879,99.69879,99.69879,99.69879,99.69879,99.69879,99.69879,99.69879,99.69879,99.69879,99.69879,99.69879,35.84337,0,0.3012048,35.24096,99.69879,3.313253,99.69879,99.69879,99.69879,99.69879,99.69879,99.69879,99.69879,99.69879,99.69879,0,99.69879,3.313253,99.69879,99.69879,99.69879,99.69879,99.69879,99.69879,99.69879,99.69879,99.69879,0,99.69879,3.313253,99.69879,99.69879,99.69879,99.69879,99.69879,99.69879,99.69879,99.69879
99.69879,99.69879,99.69879,99.69879,99.69879,99.69879,99.69879,99.69879,99.69879,99.69879,99.69879,99.69879,99.69879,99.69879,0,99.69879,99.69879,3.313253,99.69879,99.69879,99.69879,99.69879,99.69879,99.69879,99.69879,99.69879,99.69879,0,99.69879,3.313253,99.69879,99.69879,99.69879,99.69879,99.69879,99.69879,99.69879,99.69879,99.69879,0,99.69879,3.313253,99.69879,99.69879,99.69879,99.69879,99.69879,99.69879,99.69879,99.69879
99.69879,99.69879,99.69879,99.69879,99.69879,99.69879,99.69879,99.69879,99.69879,99.69879,99.69879,99.69879,0,0,36.44578,2.409639,99.69879,3.313253,99.69879,99.69879,99.69879,99.69879,99.69879,99.69879,99.69879,99.69879,99.69879,0,99.69879,3.313253,99.69879,99.69879,99.69879,99.69879,99.69879,99.69879,99.69879,99.69879,99.69879,0,99.69879,3.313253,99.69879,99.69879,99.69879,99.69879,99.69879,99.69879,99.69879,99.69879
99.69879,99.69879,99.69879,99.69879,99.69879,99.69879,99.69879,99.69879,99.69879,99.69879,99.69879,99.69879,0,0,2.409639,35.84337,99.69879,3.313253,99.69879,99.69879,99.69879,99.69879,99.69879,99.69879,99.69879,99.69879,99.69879,0,99.69879,3.313253,99.69879,99.69879,99.69879,99.69879,99.69879,99.69879,99.69879,99.69879,99.69879,0,99.69879,3.313253,99.69879,99.69879,99.69879,99.69879,99.69879,99.69879,99.69879,99.69879
99.69879,99.69879,99.69879,99.69879,99.69879,99.69879,99.69879,99.69879,99.69879,99.69879,99.69879,99.69879,50.60241,99.69879,27.40964,0,99.69879,3.313253,99.69879,99.69879,99.69879,99.69879,99.69879,99.69879,99.69879,99.69879,99.69879,0,99.69879,3.313253,99.69879,99.69879,99.69879,99.69879,99.69879,99.69879,99.69879,99.69879,99.69879,0,99.69879,3.313253,99.69879,99.69879,99.69879,99.69879,99.69879,99.69879,99.69879,99.69879
99.69879,99.69879,99.69879,99.69879,99.69879,99.69879,99.69879,99.69879,99.69879,99.69879,99.69879,99.69879,0,99.69879,0,45.78313,99.69879,3.313253,99.69879,99.69879,99.69879,99.69879,99.69879,99.69879,99.69879,99.69879,99.69879,0,99.69879,3.313253,99.69879,99.69879,99.69879,99.69879,99.69879,99.69879,99.69879,99.69879,99.69879,0,99.69879,3.313253,99.69879,99.69879,99.69879,99.69879,99.69879,99.69879,99.69879,99.69879
