0.373057
0.3765112
0.9395509
2.880829
8.200345
12.16926
22.13471
21.77893
22.7323
25.93782
40.77375
92.41106
92.18653
94.4076
92.56304
92.3316
92.71848
96
92.45941
93.02591
94.80829
84.29707
84.92228
85.95509
86.89119
85.82729
84.31088
84.92919
85.27461
84.48014
84.60449
84.79793
85.5095
86.44559
82.00346
79.30225
80.59413
81.46805
78.51468
80.50086
82.33506
79.10881
78.95337
80.50086
78.4905
80.96027
80.81865
78.33852
79.88947
80.97409
81.13299
78.33852
82.3247
78.92228
82.3316
79.41278
80.50777
81.48186
79.93782
80.81865
78.82211
82.8152
82.01727
78.97755
82.32816
81.30225
81.12263
78.981
79.45423
