0.1588946
0.3074266
0.417962
0.8981002
1.519862
1.509499
1.512953
1.668394
1.93437
2.92228
5.03627
11.48532
28.63903
34.17962
35.81347
41.16062
55.54404
88.84974
91.4715
94.65285
92.56304
95.02936
94.88774
92.81865
94.39724
88.40414
88.03455
90.1209
88.1209
88.62177
89.97237
90.61831
88.93264
90.26943
87.93092
89.83074
91.46805
90.99828
89.78584
92.25906
87.68912
85.95509
85.41278
84.70121
86.10017
87.70293
86.7392
85.22625
84.51122
86.73575
85.07772
88.72884
85.4715
85.3057
87.36097
85.69948
84.3247
84.91882
86.59758
86.04836
85.22971
84.75993
86.58376
87.20553
86.74266
87.31606
87.40242
85.07426
86.7323
86.18653
84.91882
