0,0,2.936097,0,0,0,0.1727116,0,0,0,0,0,0,0,0,0,0.1727116,0.1727116,0,0,0,0,0,0,0,0,0.1727116,0,0,0,0,0,0,0,0,0,0,4.145078,0,0,0,0,0,0,0,0,0,0.1727116,0,0
0,0,2.936097,0,0,0,0.1727116,0.1727116,6.390328,0,0,0,0,0,0,0,0.1727116,0.1727116,0.1727116,0,0,0,0,0,0.1727116,0,0.1727116,0,0,0,0,0.1727116,0,0,0,0,0,4.145078,0.1727116,0,0,0,0,0,0.1727116,0,0,0.1727116,0,0
0.1727116,0,2.936097,0,0.1727116,0,0.1727116,0.1727116,6.390328,0.1727116,0,0,0,0.1727116,0,0,0.1727116,0.1727116,0.1727116,0,0,0,2.24525,0,0.1727116,0.1727116,0.1727116,0,0,0,0.1727116,0.1727116,0,0,0,0,0,4.145078,0.1727116,2.24525,0,0.1727116,0,0,0,0.1727116,0,0,0,0
0.1727116,0.1727116,2.936097,7.081174,0.1727116,2.763385,0.1727116,0.1727116,6.390328,0.1727116,3.454232,0,0,0.1727116,0.1727116,2.24525,0.1727116,0,0,0.1727116,0,0,2.24525,0,0,2.24525,0,0,0.1727116,2.24525,0,0,0.1727116,0,0,0,0,4.145078,2.24525,2.24525,0,0,0.1727116,2.24525,0,0,0.1727116,0,0,0
0.3454231,0.1727116,2.936097,7.081174,0.1727116,2.763385,0,0.1727116,6.390328,0,3.454232,2.24525,2.24525,2.24525,2.24525,2.24525,2.24525,0.1727116,0,0,0,0.1727116,2.24525,0.1727116,0,2.24525,2.24525,2.24525,2.24525,2.24525,2.24525,2.24525,0.1727116,0,0,0,0.1727116,4.145078,2.24525,2.24525,0.1727116,0,2.24525,2.24525,2.24525,2.24525,2.24525,0.1727116,0,0
0,0,2.936097,7.081174,0,2.763385,0.1727116,0.1727116,6.390328,0,3.454232,2.24525,2.24525,2.24525,2.24525,2.24525,2.24525,2.24525,2.24525,2.24525,2.24525,2.24525,0.1727116,0,0,0,0.1727116,0.1727116,0,2.24525,2.24525,2.24525,2.24525,2.24525,0.1727116,0,0,4.145078,0,0.1727116,0.1727116,0,2.24525,2.24525,2.24525,2.24525,2.24525,0.1727116,0,0
0.1727116,0,2.936097,7.081174,0.1727116,2.763385,0,0.1727116,6.390328,0,3.454232,2.24525,2.24525,2.24525,2.24525,2.24525,2.24525,2.24525,2.24525,2.24525,2.24525,2.24525,0.1727116,0,0,0,0.1727116,0.1727116,0,2.24525,2.24525,2.24525,2.24525,2.24525,0.1727116,0,0,4.145078,0,0.1727116,0.1727116,0,2.24525,2.24525,2.24525,2.24525,2.24525,0.1727116,0,0
7.772021,0,2.936097,7.081174,0.1727116,2.763385,0.1727116,0.1727116,6.390328,0,3.454232,2.24525,2.24525,2.24525,2.24525,2.24525,2.24525,2.24525,2.24525,2.24525,2.24525,2.24525,0.1727116,0,0,0,0.1727116,0.1727116,0,2.24525,2.24525,2.24525,2.24525,2.24525,0.1727116,0,0,4.145078,0,0.1727116,0.1727116,0,2.24525,2.24525,2.24525,2.24525,2.24525,0.1727116,0,0
7.772021,7.944732,2.936097,7.081174,0,2.763385,0.1727116,0.3454231,6.390328,0.1727116,3.454232,2.24525,2.24525,2.24525,2.24525,2.24525,0.1727116,0,2.24525,2.24525,2.24525,2.24525,0,4.835924,0,0,0,0.1727116,0.1727116,0,2.24525,2.24525,2.24525,2.24525,0,4.835924,0,4.145078,0,0,0.1727116,0.1727116,0,2.24525,2.24525,2.24525,2.24525,0,4.835924,0
7.772021,7.944732,2.936097,7.081174,36.44214,2.763385,0.1727116,2.590674,6.390328,0,3.454232,2.24525,4.835924,4.835924,0.1727116,0,0.1727116,0.1727116,0,0.8635579,0,4.835924,0,4.835924,0,4.835924,4.835924,0.1727116,0,0.1727116,0.1727116,0,0.8635579,0,4.835924,4.835924,0,4.145078,0,4.835924,4.835924,0.1727116,0,0.1727116,0.1727116,0,0.8635579,0,4.835924,4.835924
7.772021,7.944732,0,7.081174,36.44214,24.35233,0,0.1727116,6.390328,0,4.835924,4.835924,4.835924,4.835924,4.835924,4.835924,4.835924,4.835924,5.181347,5.181347,0,4.835924,4.835924,4.835924,0,4.835924,4.835924,0,4.835924,4.835924,4.835924,4.835924,4.835924,4.835924,4.835924,5.181347,5.181347,0,4.835924,0,0,4.835924,4.835924,4.835924,4.835924,4.835924,4.835924,5.181347,5.181347,0
7.772021,7.944732,23.48877,7.081174,36.44214,24.35233,7.944732,0.1727116,6.390328,0,0,0,5.181347,36.44214,5.181347,36.44214,5.181347,36.44214,5.181347,5.181347,4.835924,7.599309,0,4.835924,0,0,5.181347,36.44214,5.181347,36.44214,5.181347,36.44214,4.835924,7.599309,0,5.181347,5.181347,4.835924,0,0,5.181347,36.44214,5.181347,36.44214,5.181347,36.44214,4.835924,5.181347,5.181347,7.599309
8.462867,0,23.48877,8.462867,36.44214,24.35233,0,36.44214,36.44214,36.44214,36.44214,36.44214,4.835924,36.44214,8.462867,36.44214,17.27116,36.44214,36.44214,36.44214,36.44214,36.44214,36.44214,36.44214,36.44214,36.44214,36.44214,36.44214,4.835924,36.44214,8.462867,36.44214,17.27116,36.44214,36.44214,36.44214,36.44214,36.44214,36.44214,36.44214,36.44214,36.44214,36.44214,36.44214,4.835924,36.44214,8.462867,17.27116,36.44214,36.44214
24.35233,8.117444,0,0.1727116,36.44214,36.44214,36.44214,36.44214,36.44214,36.44214,36.44214,36.44214,36.44214,36.44214,36.44214,36.44214,36.44214,36.44214,36.44214,36.44214,36.44214,36.44214,36.44214,36.44214,36.44214,36.44214,36.44214,36.44214,36.44214,36.44214,36.44214,36.44214,36.44214,36.44214,36.44214,36.44214,36.44214,36.44214,36.44214,36.44214,36.44214,36.44214,36.44214,36.44214,36.44214,36.44214,36.44214,36.44214,36.44214,36.44214
7.772021,6.735751,99.65458,0.1727116,36.44214,36.44214,36.44214,36.44214,36.44214,36.44214,36.44214,36.44214,36.44214,36.44214,36.44214,36.44214,36.44214,36.44214,36.44214,36.44214,36.44214,36.44214,36.44214,36.44214,36.44214,36.44214,36.44214,36.44214,36.44214,36.44214,36.44214,36.44214,36.44214,36.44214,36.44214,36.44214,36.44214,36.44214,36.44214,36.44214,36.44214,36.44214,36.44214,36.44214,36.44214,36.44214,36.44214,36.44214,36.44214,36.44214
99.82729,4.490501,99.65458,24.52504,36.44214,36.44214,36.44214,36.44214,36.44214,36.44214,36.44214,36.44214,36.44214,36.44214,36.44214,0,36.44214,36.44214,36.44214,36.44214,36.44214,36.44214,36.44214,36.44214,99.65458,36.44214,36.44214,36.44214,36.44214,36.44214,36.44214,36.44214,36.44214,36.44214,36.44214,36.44214,99.65458,36.44214,36.44214,36.44214,36.44214,36.44214,36.44214,36.44214,36.44214,36.44214,36.44214,36.44214,99.65458,36.44214
99.82729,0,99.65458,4.490501,36.44214,36.44214,36.44214,36.44214,36.44214,36.44214,36.44214,36.09672,5.181347,99.65458,36.44214,36.44214,36.44214,36.44214,36.44214,36.44214,8.80829,99.65458,99.65458,99.65458,99.65458,99.65458,99.65458,36.44214,36.44214,36.44214,36.44214,36.44214,36.44214,8.80829,99.65458,99.65458,99.65458,99.65458,99.65458,99.65458,36.44214,36.44214,36.44214,36.44214,36.44214,36.44214,8.80829,99.65458,99.65458,99.65458
99.82729,0.1727116,99.65458,24.52504,0,23.66149,99.65458,99.65458,99.65458,99.65458,99.65458,99.65458,99.65458,99.65458,36.26943,99.65458,99.65458,99.65458,99.65458,99.65458,99.65458,99.65458,99.65458,99.65458,99.65458,99.65458,99.65458,99.65458,99.65458,99.65458,99.65458,99.65458,36.26943,99.65458,99.65458,99.65458,99.65458,99.65458,99.65458,99.65458,99.65458,99.65458,99.65458,99.65458,99.65458,99.65458,99.65458,36.26943,99.65458,99.65458
99.82729,0,99.65458,35.92401,9.326425,7.426598,99.65458,99.65458,99.65458,99.65458,99.65458,99.65458,99.65458,99.65458,99.65458,99.65458,99.65458,99.65458,99.65458,99.65458,99.65458,99.65458,99.65458,99.65458,99.65458,99.65458,99.65458,99.65458,99.65458,99.65458,99.65458,99.65458,99.65458,99.65458,99.65458,99.65458,99.65458,99.65458,99.65458,99.65458,99.65458,99.65458,99.65458,99.65458,99.65458,99.65458,99.65458,36.26943,99.65458,99.65458
99.82729,24.52504,99.65458,0,99.65458,23.66149,99.65458,99.65458,99.65458,99.65458,99.65458,99.65458,99.65458,99.65458,99.65458,99.65458,99.65458,99.65458,99.65458,99.65458,99.65458,99.65458,99.65458,99.82729,99.65458,99.65458,99.65458,99.65458,99.65458,99.65458,99.65458,99.65458,99.65458,99.65458,99.65458,99.82729,99.65458,99.65458,99.65458,99.65458,99.65458,99.65458,99.65458,99.65458,99.65458,99.65458,99.65458,99.82729,99.65458,99.65458
99.82729,0.1727116,99.65458,24.17962,99.65458,16.92573,99.65458,99.65458,99.65458,99.65458,99.65458,99.65458,0.1727116,99.65458,99.65458,99.65458,99.65458,99.65458,99.65458,99.65458,99.82729,99.82729,99.82729,99.82729,99.82729,99.65458,99.65458,99.65458,99.65458,99.65458,99.65458,99.65458,99.65458,99.82729,99.82729,99.82729,99.82729,99.82729,99.65458,99.65458,99.65458,99.65458,99.65458,99.65458,99.65458,99.65458,99.82729,99.82729,99.82729,99.82729
99.82729,0,99.65458,35.7513,24.00691,99.82729,99.82729,99.82729,99.82729,99.82729,99.82729,99.82729,99.82729,99.82729,99.82729,99.82729,99.82729,99.82729,99.82729,99.82729,99.82729,99.82729,99.82729,99.82729,99.82729,99.82729,99.82729,99.82729,99.82729,99.82729,99.82729,99.82729,99.82729,99.82729,99.82729,99.82729,99.82729,99.82729,99.82729,99.82729,99.82729,99.82729,99.82729,99.82729,99.82729,99.82729,99.82729,99.82729,99.82729,99.82729
99.82729,35.7513,16.92573,99.65458,0,99.82729,99.82729,99.82729,99.82729,99.82729,99.82729,99.82729,99.82729,99.82729,99.82729,99.82729,99.82729,99.82729,99.82729,99.82729,99.82729,99.82729,99.82729,99.82729,99.82729,99.82729,99.82729,99.82729,99.82729,99.82729,99.82729,99.82729,99.82729,99.82729,99.82729,99.82729,99.82729,99.82729,99.82729,99.82729,99.82729,99.82729,99.82729,99.82729,99.82729,99.82729,99.82729,99.82729,99.82729,99.82729
99.82729,23.8342,0.1727116,24.69775,0.1727116,99.82729,99.82729,99.82729,99.82729,99.82729,99.82729,99.82729,99.82729,99.82729,99.82729,99.82729,99.82729,99.82729,99.82729,99.82729,99.82729,99.82729,99.82729,99.82729,99.82729,99.82729,99.82729,99.82729,99.82729,99.82729,99.82729,99.82729,99.82729,99.82729,99.82729,99.82729,99.82729,99.82729,99.82729,99.82729,99.82729,99.82729,99.82729,99.82729,99.82729,99.82729,99.82729,99.82729,99.82729,99.82729
99.82729,0,24.35233,99.82729,3.626943,99.82729,99.82729,99.82729,99.82729,99.82729,99.82729,99.82729,99.82729,99.82729,99.82729,99.82729,99.82729,99.82729,99.82729,99.82729,99.82729,99.82729,99.82729,99.82729,99.82729,99.82729,99.82729,99.82729,99.82729,99.82729,99.82729,99.82729,99.82729,99.82729,99.82729,99.82729,99.82729,99.82729,99.82729,99.82729,99.82729,99.82729,99.82729,99.82729,99.82729,99.82729,99.82729,99.82729,99.82729,99.82729
99.82729,99.82729,24.00691,99.82729,3.799654,99.82729,99.82729,99.82729,99.82729,99.82729,99.82729,99.82729,99.82729,99.82729,99.82729,0,99.82729,99.82729,99.82729,99.82729,99.82729,99.82729,99.82729,99.82729,0.1727116,99.65458,99.82729,99.82729,99.82729,99.82729,99.82729,99.82729,99.82729,99.82729,99.82729,99.82729,0.1727116,99.65458,99.82729,99.82729,99.82729,99.82729,99.82729,99.82729,99.82729,99.82729,99.82729,99.82729,0.1727116,99.65458
99.82729,99.82729,0,99.82729,24.00691,99.82729,99.82729,99.82729,99.82729,99.82729,99.82729,99.82729,99.82729,99.82729,8.290155,3.626943,99.82729,99.82729,99.82729,99.82729,99.82729,99.82729,99.82729,99.82729,99.82729,24.52504,99.65458,99.82729,99.82729,99.82729,99.82729,99.82729,99.82729,99.82729,99.82729,99.82729,99.82729,24.52504,99.65458,99.82729,99.82729,99.82729,99.82729,99.82729,99.82729,99.82729,99.82729,99.82729,99.82729,24.52504
99.82729,99.82729,7.944732,99.82729,99.82729,99.82729,99.82729,99.82729,99.82729,99.82729,99.82729,99.82729,99.82729,99.82729,24.17962,8.290155,99.82729,99.82729,99.82729,99.82729,99.82729,99.82729,99.82729,99.82729,99.82729,24.52504,99.65458,99.82729,99.82729,99.82729,99.82729,99.82729,99.82729,99.82729,99.82729,99.82729,99.82729,24.52504,99.65458,99.82729,99.82729,99.82729,99.82729,99.82729,99.82729,99.82729,99.82729,99.82729,99.82729,24.52504
99.82729,99.82729,24.35233,99.82729,99.82729,99.82729,99.82729,99.82729,99.82729,99.82729,99.82729,99.82729,99.82729,0,7.772021,8.462867,99.82729,99.82729,99.82729,99.82729,99.82729,99.82729,99.82729,99.82729,99.82729,24.52504,99.65458,99.65458,99.82729,99.82729,99.82729,99.82729,99.82729,99.82729,99.82729,99.82729,99.82729,24.52504,99.65458,99.65458,99.82729,99.82729,99.82729,99.82729,99.82729,99.82729,99.82729,99.82729,99.82729,24.52504
99.82729,99.82729,8.80829,99.82729,99.82729,99.82729,99.82729,99.82729,99.82729,99.82729,99.82729,99.82729,99.82729,24.00691,24.35233,8.462867,99.82729,99.82729,99.82729,99.82729,99.82729,99.82729,99.82729,99.82729,99.82729,24.52504,99.65458,99.65458,99.82729,99.82729,99.82729,99.82729,99.82729,99.82729,99.82729,99.82729,99.82729,24.52504,99.65458,99.65458,99.82729,99.82729,99.82729,99.82729,99.82729,99.82729,99.82729,99.82729,99.82729,24.52504
99.82729,99.82729,99.65458,99.82729,99.82729,99.82729,99.82729,99.82729,99.82729,99.82729,99.82729,99.82729,99.82729,24.35233,0.1727116,8.981002,99.82729,99.82729,99.82729,99.82729,99.82729,99.82729,99.82729,99.82729,99.82729,24.52504,99.65458,99.65458,99.82729,99.82729,99.82729,99.82729,99.82729,99.82729,99.82729,99.82729,99.82729,24.52504,99.65458,99.65458,99.82729,99.82729,99.82729,99.82729,99.82729,99.82729,99.82729,99.82729,99.82729,24.52504
99.82729,99.82729,24.35233,99.82729,99.82729,99.82729,99.82729,99.82729,99.82729,99.82729,99.82729,99.82729,99.82729,99.82729,17.09845,24.17962,99.82729,99.82729,99.82729,99.82729,99.82729,99.82729,99.82729,99.82729,99.82729,24.52504,99.65458,99.65458,99.82729,99.82729,99.82729,99.82729,99.82729,99.82729,99.82729,99.82729,99.82729,24.52504,99.65458,99.65458,99.82729,99.82729,99.82729,99.82729,99.82729,99.82729,99.82729,99.82729,99.82729,24.52504
99.82729,99.82729,8.117444,99.82729,99.82729,99.82729,99.82729,99.82729,99.82729,99.82729,99.82729,99.82729,99.82729,24.00691,24.35233,24.69775,99.82729,99.82729,99.82729,99.82729,99.82729,99.82729,99.82729,99.82729,99.82729,24.52504,99.65458,99.65458,99.82729,99.82729,99.82729,99.82729,99.82729,99.82729,99.82729,99.82729,99.82729,24.52504,99.65458,99.65458,99.82729,99.82729,99.82729,99.82729,99.82729,99.82729,99.82729,99.82729,99.82729,24.52504
99.82729,99.82729,0,99.82729,99.82729,99.82729,99.82729,99.82729,99.82729,99.82729,99.82729,99.82729,99.82729,24.00691,99.82729,24.17962,99.82729,99.82729,99.82729,99.82729,99.82729,99.82729,99.82729,99.82729,99.82729,24.52504,99.65458,99.65458,99.82729,99.82729,99.82729,99.82729,99.82729,99.82729,99.82729,99.82729,99.82729,24.52504,99.65458,99.65458,99.82729,99.82729,99.82729,99.82729,99.82729,99.82729,99.82729,99.82729,99.82729,24.52504
99.82729,99.82729,0.1727116,99.82729,99.82729,99.82729,99.82729,99.82729,99.82729,99.82729,99.82729,99.82729,99.82729,0,23.31606,7.599309,99.82729,99.82729,99.82729,99.82729,99.82729,99.82729,99.82729,99.82729,99.82729,24.52504,99.65458,99.65458,99.82729,99.82729,99.82729,99.82729,99.82729,99.82729,99.82729,99.82729,99.82729,24.52504,99.65458,99.65458,99.82729,99.82729,99.82729,99.82729,99.82729,99.82729,99.82729,99.82729,99.82729,24.52504
99.82729,99.82729,99.65458,99.82729,99.82729,99.82729,99.82729,99.82729,99.82729,99.82729,99.82729,99.82729,99.82729,0.1727116,2.417962,23.8342,99.82729,99.82729,99.82729,99.82729,99.82729,99.82729,99.82729,99.82729,99.82729,24.52504,99.65458,99.65458,99.82729,99.82729,99.82729,99.82729,99.82729,99.82729,99.82729,99.82729,99.82729,24.52504,99.65458,99.65458,99.82729,99.82729,99.82729,99.82729,99.82729,99.82729,99.82729,99.82729,99.82729,24.52504
99.82729,99.82729,0.1727116,99.82729,99.82729,99.82729,99.82729,99.82729,99.82729,99.82729,99.82729,99.82729,99.82729,99.65458,8.462867,99.65458,99.82729,99.82729,99.82729,99.82729,99.82729,99.82729,99.82729,99.82729,99.82729,24.52504,99.65458,99.65458,99.82729,99.82729,99.82729,99.82729,99.82729,99.82729,99.82729,99.82729,99.82729,24.52504,99.65458,99.65458,99.82729,99.82729,99.82729,99.82729,99.82729,99.82729,99.82729,99.82729,99.82729,24.52504
99.82729,99.82729,24.35233,99.82729,99.82729,99.82729,99.82729,99.82729,99.82729,99.82729,99.82729,99.82729,99.82729,99.82729,35.92401,24.35233,99.82729,99.82729,99.82729,99.82729,99.82729,99.82729,99.82729,99.82729,99.82729,24.52504,99.65458,99.65458,99.82729,99.82729,99.82729,99.82729,99.82729,99.82729,99.82729,99.82729,99.82729,24.52504,99.65458,99.65458,99.82729,99.82729,99.82729,99.82729,99.82729,99.82729,99.82729,99.82729,99.82729,24.52504
99.82729,99.82729,0.1727116,99.82729,99.82729,99.82729,99.82729,99.82729,99.82729,99.82729,99.82729,99.82729,99.82729,23.66149,0.1727116,99.82729,99.82729,99.82729,99.82729,99.82729,99.82729,99.82729,99.82729,99.82729,99.82729,24.52504,99.65458,99.65458,99.82729,99.82729,99.82729,99.82729,99.82729,99.82729,99.82729,99.82729,99.82729,24.52504,99.65458,99.65458,99.82729,99.82729,99.82729,99.82729,99.82729,99.82729,99.82729,99.82729,99.82729,24.52504
99.82729,99.82729,99.82729,99.82729,99.82729,99.82729,99.82729,99.82729,99.82729,99.82729,99.82729,99.82729,99.82729,99.82729,24.35233,23.48877,99.82729,99.82729,99.82729,99.82729,99.82729,99.82729,99.82729,99.82729,99.82729,24.52504,99.65458,99.65458,99.82729,99.82729,99.82729,99.82729,99.82729,99.82729,99.82729,99.82729,99.82729,24.52504,99.65458,99.65458,99.82729,99.82729,99.82729,99.82729,99.82729,99.82729,99.82729,99.82729,99.82729,24.52504
99.82729,99.82729,99.82729,99.82729,99.82729,99.82729,99.82729,99.82729,99.82729,99.82729,99.82729,99.82729,35.7513,99.65458,35.7513,0.1727116,99.65458,99.82729,99.82729,99.82729,99.82729,99.82729,99.82729,99.82729,99.82729,24.00691,24.52504,99.65458,99.65458,99.82729,99.82729,99.82729,99.82729,99.82729,99.82729,99.82729,99.82729,24.00691,24.52504,99.65458,99.65458,99.82729,99.82729,99.82729,99.82729,99.82729,99.82729,99.82729,99.82729,24.00691
99.82729,99.82729,99.82729,99.82729,99.82729,99.82729,99.82729,99.82729,99.82729,99.82729,99.82729,99.82729,24.17962,35.7513,24.69775,0,99.65458,99.82729,99.82729,99.82729,99.82729,99.82729,99.82729,99.82729,99.82729,24.00691,24.52504,99.65458,99.65458,99.82729,99.82729,99.82729,99.82729,99.82729,99.82729,99.82729,99.82729,24.00691,24.52504,99.65458,99.65458,99.82729,99.82729,99.82729,99.82729,99.82729,99.82729,99.82729,99.82729,24.00691
99.82729,99.82729,99.82729,99.82729,99.82729,99.82729,99.82729,99.82729,99.82729,99.82729,99.82729,99.82729,0,24.69775,24.17962,8.635578,99.65458,99.82729,99.82729,99.82729,99.82729,99.82729,99.82729,99.82729,99.82729,24.00691,24.52504,99.65458,99.65458,99.82729,99.82729,99.82729,99.82729,99.82729,99.82729,99.82729,99.82729,24.00691,24.52504,99.65458,99.65458,99.82729,99.82729,99.82729,99.82729,99.82729,99.82729,99.82729,99.82729,24.00691
99.82729,99.82729,99.82729,99.82729,99.82729,99.82729,99.82729,99.82729,99.82729,99.82729,99.82729,99.82729,4.835924,0.1727116,0,16.92573,99.65458,99.82729,99.82729,99.82729,99.82729,99.82729,99.82729,99.82729,99.82729,24.00691,24.52504,99.65458,99.65458,99.82729,99.82729,99.82729,99.82729,99.82729,99.82729,99.82729,99.82729,24.00691,24.52504,99.65458,99.65458,99.82729,99.82729,99.82729,99.82729,99.82729,99.82729,99.82729,99.82729,24.00691
99.82729,99.82729,99.82729,99.82729,99.82729,99.82729,99.82729,99.82729,99.82729,99.82729,99.82729,99.82729,8.462867,24.00691,35.7513,23.66149,99.65458,99.82729,99.82729,99.82729,99.82729,99.82729,99.82729,99.82729,99.82729,24.00691,24.52504,99.65458,99.65458,99.82729,99.82729,99.82729,99.82729,99.82729,99.82729,99.82729,99.82729,24.00691,24.52504,99.65458,99.65458,99.82729,99.82729,99.82729,99.82729,99.82729,99.82729,99.82729,99.82729,24.00691
99.82729,99.82729,99.82729,99.82729,99.82729,99.82729,99.82729,99.82729,99.82729,99.82729,99.82729,99.82729,24.17962,24.00691,24.17962,99.65458,99.65458,99.82729,99.82729,99.82729,99.82729,99.82729,99.82729,99.82729,99.82729,24.00691,24.52504,99.65458,99.65458,99.82729,99.82729,99.82729,99.82729,99.82729,99.82729,99.82729,99.82729,24.00691,24.52504,99.65458,99.65458,99.82729,99.82729,99.82729,99.82729,99.82729,99.82729,99.82729,99.82729,24.00691
99.82729,99.82729,99.82729,99.82729,99.82729,99.82729,99.82729,99.82729,99.82729,99.82729,99.82729,99.82729,0,24.00691,99.65458,0.1727116,99.65458,99.82729,99.82729,99.82729,99.82729,99.82729,99.82729,99.82729,99.82729,24.00691,24.52504,99.65458,99.65458,99.82729,99.82729,99.82729,99.82729,99.82729,99.82729,99.82729,99.82729,24.00691,24.52504,99.65458,99.65458,99.82729,99.82729,99.82729,99.82729,99.82729,99.82729,99.82729,99.82729,24.00691
99.82729,99.82729,99.82729,99.82729,99.82729,99.82729,99.82729,99.82729,99.82729,99.82729,99.82729,99.82729,23.8342,0,0.1727116,24.17962,99.65458,99.82729,99.82729,99.82729,99.82729,99.82729,99.82729,99.82729,99.82729,24.00691,24.52504,99.65458,99.65458,99.82729,99.82729,99.82729,99.82729,99.82729,99.82729,99.82729,99.82729,24.00691,24.52504,99.65458,99.65458,99.82729,99.82729,99.82729,99.82729,99.82729,99.82729,99.82729,99.82729,24.00691
99.82729,99.82729,99.82729,99.82729,99.82729,99.82729,99.82729,99.82729,99.82729,99.82729,99.82729,99.82729,8.290155,0,0.1727116,3.972366,99.65458,99.82729,99.82729,99.82729,99.82729,99.82729,99.82729,99.82729,99.82729,24.00691,24.52504,99.65458,99.65458,99.82729,99.82729,99.82729,99.82729,99.82729,99.82729,99.82729,99.82729,24.00691,24.52504,99.65458,99.65458,99.82729,99.82729,99.82729,99.82729,99.82729,99.82729,99.82729,99.82729,24.00691
99.82729,99.82729,99.82729,99.82729,99.82729,99.82729,99.82729,99.82729,99.82729,99.82729,99.82729,99.82729,99.65458,23.8342,0.1727116,0,99.65458,99.82729,99.82729,99.82729,99.82729,99.82729,99.82729,99.82729,99.82729,24.00691,24.52504,99.65458,99.65458,99.82729,99.82729,99.82729,99.82729,99.82729,99.82729,99.82729,99.82729,24.00691,24.52504,99.65458,99.65458,99.82729,99.82729,99.82729,99.82729,99.82729,99.82729,99.82729,99.82729,24.00691
99.82729,99.82729,99.82729,99.82729,99.82729,99.82729,99.82729,99.82729,99.82729,99.82729,99.82729,99.82729,16.75302,23.8342,0.1727116,0,99.65458,99.82729,99.82729,99.82729,99.82729,99.82729,99.82729,99.82729,99.82729,24.00691,24.52504,99.65458,99.65458,99.82729,99.82729,99.82729,99.82729,99.82729,99.82729,99.82729,99.82729,24.00691,24.52504,99.65458,99.65458,99.82729,99.82729,99.82729,99.82729,99.82729,99.82729,99.82729,99.82729,24.00691
99.82729,99.82729,99.82729,99.82729,99.82729,99.82729,99.82729,99.82729,99.82729,99.82729,99.82729,99.82729,0,99.65458,99.82729,23.8342,99.65458,99.82729,99.82729,99.82729,99.82729,99.82729,99.82729,99.82729,99.82729,24.00691,24.52504,99.65458,99.65458,99.82729,99.82729,99.82729,99.82729,99.82729,99.82729,99.82729,99.82729,24.00691,24.52504,99.65458,99.65458,99.82729,99.82729,99.82729,99.82729,99.82729,99.82729,99.82729,99.82729,24.00691
99.82729,99.82729,99.82729,99.82729,99.82729,99.82729,99.82729,99.82729,99.82729,99.82729,99.82729,99.82729,0.1727116,24.52504,0.1727116,35.57858,99.65458,99.82729,99.82729,99.82729,99.82729,99.82729,99.82729,99.82729,99.82729,24.00691,24.52504,99.65458,99.65458,99.82729,99.82729,99.82729,99.82729,99.82729,99.82729,99.82729,99.82729,24.00691,24.52504,99.65458,99.65458,99.82729,99.82729,99.82729,99.82729,99.82729,99.82729,99.82729,99.82729,24.00691
99.82729,99.82729,99.82729,99.82729,99.82729,99.82729,99.82729,99.82729,99.82729,99.82729,99.82729,99.82729,24.00691,24.35233,3.626943,0.1727116,99.65458,99.82729,99.82729,99.82729,99.82729,99.82729,99.82729,99.82729,99.82729,24.00691,24.52504,99.65458,99.65458,99.82729,99.82729,99.82729,99.82729,99.82729,99.82729,99.82729,99.82729,24.00691,24.52504,99.65458,99.65458,99.82729,99.82729,99.82729,99.82729,99.82729,99.82729,99.82729,99.82729,24.00691
99.82729,99.82729,99.82729,99.82729,99.82729,99.82729,99.82729,99.82729,99.82729,99.82729,99.82729,99.82729,23.31606,99.82729,7.772021,24.00691,99.65458,99.82729,99.82729,99.82729,99.82729,99.82729,99.82729,99.82729,99.82729,24.00691,24.52504,99.65458,99.65458,99.82729,99.82729,99.82729,99.82729,99.82729,99.82729,99.82729,99.82729,24.00691,24.52504,99.65458,99.65458,99.82729,99.82729,99.82729,99.82729,99.82729,99.82729,99.82729,99.82729,24.00691
99.82729,99.82729,99.82729,99.82729,99.82729,99.82729,99.82729,99.82729,99.82729,99.82729,99.82729,99.82729,24.00691,23.8342,0,24.00691,99.65458,99.82729,99.82729,99.82729,99.82729,99.82729,99.82729,99.82729,99.82729,24.00691,24.52504,99.65458,99.65458,99.82729,99.82729,99.82729,99.82729,99.82729,99.82729,99.82729,99.82729,24.00691,24.52504,99.65458,99.65458,99.82729,99.82729,99.82729,99.82729,99.82729,99.82729,99.82729,99.82729,24.00691
99.82729,99.82729,99.82729,99.82729,99.82729,99.82729,99.82729,99.82729,99.82729,99.82729,99.82729,99.82729,0,0.1727116,2.763385,0.1727116,99.65458,99.82729,99.82729,99.82729,99.82729,99.82729,99.82729,99.82729,99.82729,24.00691,24.52504,99.65458,99.65458,99.82729,99.82729,99.82729,99.82729,99.82729,99.82729,99.82729,99.82729,24.00691,24.52504,99.65458,99.65458,99.82729,99.82729,99.82729,99.82729,99.82729,99.82729,99.82729,99.82729,24.00691
99.82729,99.82729,99.82729,99.82729,99.82729,99.82729,99.82729,99.82729,99.82729,99.82729,99.82729,99.82729,24.00691,0,0,8.80829,99.65458,99.82729,99.82729,99.82729,99.82729,99.82729,99.82729,99.82729,99.82729,24.00691,24.52504,99.65458,99.65458,99.82729,99.82729,99.82729,99.82729,99.82729,99.82729,99.82729,99.82729,24.00691,24.52504,99.65458,99.65458,99.82729,99.82729,99.82729,99.82729,99.82729,99.82729,99.82729,99.82729,24.00691
99.82729,99.82729,99.82729,99.82729,99.82729,99.82729,99.82729,99.82729,99.82729,99.82729,99.82729,99.82729,99.65458,16.75302,0.1727116,0.1727116,99.65458,99.82729,99.82729,99.82729,99.82729,99.82729,99.82729,99.82729,99.82729,24.00691,24.52504,99.65458,99.65458,99.82729,99.82729,99.82729,99.82729,99.82729,99.82729,99.82729,99.82729,24.00691,24.52504,99.65458,99.65458,99.82729,99.82729,99.82729,99.82729,99.82729,99.82729,99.82729,99.82729,24.00691
99.82729,99.82729,99.82729,99.82729,99.82729,99.82729,99.82729,99.82729,99.82729,99.82729,99.82729,99.82729,4.835924,35.92401,24.17962,24.35233,99.65458,99.82729,99.82729,99.82729,99.82729,99.82729,99.82729,99.82729,99.82729,24.00691,24.52504,99.65458,99.65458,99.82729,99.82729,99.82729,99.82729,99.82729,99.82729,99.82729,99.82729,24.00691,24.52504,99.65458,99.65458,99.82729,99.82729,99.82729,99.82729,99.82729,99.82729,99.82729,99.82729,24.00691
99.82729,99.82729,99.82729,99.82729,99.82729,99.82729,99.82729,99.82729,99.82729,99.82729,99.82729,99.82729,23.48877,8.290155,8.117444,8.462867,99.65458,99.82729,99.82729,99.82729,99.82729,99.82729,99.82729,99.82729,99.82729,24.00691,24.52504,99.65458,99.65458,99.82729,99.82729,99.82729,99.82729,99.82729,99.82729,99.82729,99.82729,24.00691,24.52504,99.65458,99.65458,99.82729,99.82729,99.82729,99.82729,99.82729,99.82729,99.82729,99.82729,24.00691
99.82729,99.82729,99.82729,99.82729,99.82729,99.82729,99.82729,99.82729,99.82729,99.82729,99.82729,99.82729,0,0,24.87047,0,99.65458,99.82729,99.82729,99.82729,99.82729,99.82729,99.82729,99.82729,99.82729,24.00691,24.52504,99.65458,99.65458,99.82729,99.82729,99.82729,99.82729,99.82729,99.82729,99.82729,99.82729,24.00691,24.52504,99.65458,99.65458,99.82729,99.82729,99.82729,99.82729,99.82729,99.82729,99.82729,99.82729,24.00691
99.82729,99.82729,99.82729,99.82729,99.82729,99.82729,99.82729,99.82729,99.82729,99.82729,99.82729,99.82729,0,16.4076,99.65458,0,99.65458,99.82729,99.82729,99.82729,99.82729,99.82729,99.82729,99.82729,99.82729,24.00691,24.52504,99.65458,99.65458,99.82729,99.82729,99.82729,99.82729,99.82729,99.82729,99.82729,99.82729,24.00691,24.52504,99.65458,99.65458,99.82729,99.82729,99.82729,99.82729,99.82729,99.82729,99.82729,99.82729,24.00691
99.82729,99.82729,99.82729,99.82729,99.82729,99.82729,99.82729,99.82729,99.82729,99.82729,99.82729,99.82729,99.65458,24.00691,23.48877,0,99.65458,99.82729,99.82729,99.82729,99.82729,99.82729,99.82729,99.82729,99.82729,24.00691,24.52504,99.65458,99.65458,99.82729,99.82729,99.82729,99.82729,99.82729,99.82729,99.82729,99.82729,24.00691,24.52504,99.65458,99.65458,99.82729,99.82729,99.82729,99.82729,99.82729,99.82729,99.82729,99.82729,24.00691
99.82729,99.82729,99.82729,99.82729,99.82729,99.82729,99.82729,99.82729,99.82729,99.82729,99.82729,99.82729,24.35233,99.65458,0,0,99.65458,99.82729,99.82729,99.82729,99.82729,99.82729,99.82729,99.82729,99.82729,24.00691,24.52504,99.65458,99.65458,99.82729,99.82729,99.82729,99.82729,99.82729,99.82729,99.82729,99.82729,24.00691,24.52504,99.65458,99.65458,99.82729,99.82729,99.82729,99.82729,99.82729,99.82729,99.82729,99.82729,24.00691
99.82729,99.82729,99.82729,99.82729,99.82729,99.82729,99.82729,99.82729,99.82729,99.82729,99.82729,99.82729,24.00691,24.35233,4.490501,99.82729,99.65458,99.82729,99.82729,99.82729,99.82729,99.82729,99.82729,99.82729,99.82729,24.00691,24.52504,99.65458,99.65458,99.82729,99.82729,99.82729,99.82729,99.82729,99.82729,99.82729,99.82729,24.00691,24.52504,99.65458,99.65458,99.82729,99.82729,99.82729,99.82729,99.82729,99.82729,99.82729,99.82729,24.00691
99.82729,99.82729,99.82729,99.82729,99.82729,99.82729,99.82729,99.82729,99.82729,99.82729,99.82729,99.82729,24.35233,99.82729,8.80829,24.00691,99.65458,99.82729,99.82729,99.82729,99.82729,99.82729,99.82729,99.82729,99.82729,24.00691,24.52504,99.65458,99.65458,99.82729,99.82729,99.82729,99.82729,99.82729,99.82729,99.82729,99.82729,24.00691,24.52504,99.65458,99.65458,99.82729,99.82729,99.82729,99.82729,99.82729,99.82729,99.82729,99.82729,24.00691
99.82729,99.82729,99.82729,99.82729,99.82729,99.82729,99.82729,99.82729,99.82729,99.82729,99.82729,99.82729,0.1727116,16.4076,0,24.00691,99.65458,99.82729,99.82729,99.82729,99.82729,99.82729,99.82729,99.82729,99.82729,24.00691,24.52504,99.65458,99.65458,99.82729,99.82729,99.82729,99.82729,99.82729,99.82729,99.82729,99.82729,24.00691,24.52504,99.65458,99.65458,99.82729,99.82729,99.82729,99.82729,99.82729,99.82729,99.82729,99.82729,24.00691
99.82729,99.82729,99.82729,99.82729,99.82729,99.82729,99.82729,99.82729,99.82729,99.82729,99.82729,99.82729,0,23.8342,99.65458,0,99.65458,99.82729,99.82729,99.82729,99.82729,99.82729,99.82729,99.82729,99.82729,24.00691,24.52504,99.65458,99.65458,99.82729,99.82729,99.82729,99.82729,99.82729,99.82729,99.82729,99.82729,24.00691,24.52504,99.65458,99.65458,99.82729,99.82729,99.82729,99.82729,99.82729,99.82729,99.82729,99.82729,24.00691
99.82729,99.82729,99.82729,99.82729,99.82729,99.82729,99.82729,99.82729,99.82729,99.82729,99.82729,99.82729,24.35233,23.48877,23.8342,24.52504,99.65458,99.82729,99.82729,99.82729,99.82729,99.82729,99.82729,99.82729,99.82729,24.00691,24.52504,99.65458,99.65458,99.82729,99.82729,99.82729,99.82729,99.82729,99.82729,99.82729,99.82729,24.00691,24.52504,99.65458,99.65458,99.82729,99.82729,99.82729,99.82729,99.82729,99.82729,99.82729,99.82729,24.00691
99.82729,99.82729,99.82729,99.82729,99.82729,99.82729,99.82729,99.82729,99.82729,99.82729,99.82729,99.82729,0,24.52504,8.290155,0,99.65458,99.82729,99.82729,99.82729,99.82729,99.82729,99.82729,99.82729,99.82729,24.00691,24.52504,99.65458,99.65458,99.82729,99.82729,99.82729,99.82729,99.82729,99.82729,99.82729,99.82729,24.00691,24.52504,99.65458,99.65458,99.82729,99.82729,99.82729,99.82729,99.82729,99.82729,99.82729,99.82729,24.00691
