0.8461539
1.450549
8.115385
23.59341
63.12637
70.5989
70.93956
69.90659
83.96154
90.74725
81.65385
80.76373
83.50549
77.06044
76.47802
75.56593
75.1978
76.6978
79.16483
77.78571
79.24725
81.07143
80.01649
79.00549
82.06593
81.25824
83.9011
81.02198
80.61539
80.50549
80.10439
82.18681
81.54945
79.85165
82.1978
84.52198
80.18681
80.21978
80.50549
79.35165
79.85165
80.98901
79.24176
78.28022
81.48901
80.32417
79.95055
79.29121
80.49451
81.94505
78.24725
79.00549
80.17033
81.04395
80.25824
81.45605
79.98351
78.18132
78.28022
79.52198
82.21978
80.22527
82.99451
81.01099
83
80.60989
78.21429
79.7967
78.27473
80.97802
83.45055
