0.2747253,0.2747253,0.5494506,1.923077,0.2747253,0.2747253,0.2747253,0.2747253,10.43956,0.2747253,0.2747253,0.2747253,0.2747253,0.2747253,0.5494506,0.2747253,0.2747253,0.2747253,0.2747253,0.2747253,0.2747253,1.923077,0.5494506,0.5494506,0.5494506,0.2747253,0.8241758,5.21978,0.2747253,0.2747253,0.2747253,2.747253,0.5494506,0.2747253,0.5494506,2.197802,2.472528,0.2747253,0.2747253,0.2747253,0.2747253,1.373626,0.2747253,0.2747253,0.2747253,0.2747253,0.2747253,0.2747253,0.2747253,0.2747253
2.472528,0.8241758,0.5494506,1.923077,0.5494506,0.2747253,0.5494506,0.2747253,10.43956,0.2747253,0.2747253,0.2747253,4.67033,0.2747253,0.5494506,1.923077,0.8241758,2.472528,0.2747253,0.8241758,0.5494506,1.923077,0.5494506,0.2747253,0.2747253,0.2747253,0.8241758,5.21978,0.2747253,4.67033,0.2747253,2.747253,1.923077,0.8241758,2.472528,2.197802,2.472528,0.2747253,0.8241758,0.5494506,0.2747253,1.373626,0.2747253,0.2747253,0.2747253,4.67033,0.2747253,1.923077,0.8241758,2.472528
2.472528,0.2747253,0.2747253,0.2747253,3.846154,0.2747253,3.296703,1.373626,10.43956,2.472528,76.92308,0.8241758,4.67033,12.63736,12.08791,0.8241758,1.098901,2.472528,4.67033,4.67033,0.2747253,3.296703,1.373626,2.472528,76.92308,0.8241758,12.63736,5.21978,12.08791,4.67033,0.8241758,2.747253,1.098901,4.67033,2.472528,2.197802,2.472528,4.67033,0.2747253,3.296703,1.373626,2.472528,76.92308,0.8241758,12.63736,4.67033,12.08791,0.8241758,1.098901,2.472528
0.5494506,99.72527,80.49451,2.472528,12.63736,1.923077,12.08791,12.08791,10.43956,12.08791,76.92308,0.8241758,4.67033,12.63736,12.08791,1.098901,0.2747253,76.92308,76.92308,12.63736,12.63736,12.63736,1.923077,12.08791,76.92308,12.08791,12.63736,5.21978,12.08791,12.08791,0.8241758,1.098901,0.2747253,76.92308,76.92308,12.63736,12.63736,12.63736,1.923077,12.08791,12.08791,12.08791,76.92308,0.8241758,12.63736,1.098901,12.08791,0.2747253,76.92308,76.92308
2.472528,99.72527,80.49451,54.94505,12.63736,54.94505,2.472528,76.92308,76.92308,76.92308,76.92308,76.92308,76.92308,76.92308,12.63736,13.73626,51.37363,76.92308,76.92308,76.92308,76.92308,76.92308,76.92308,76.92308,76.92308,76.92308,76.92308,76.92308,76.92308,12.63736,13.73626,51.37363,76.92308,76.92308,76.92308,76.92308,76.92308,76.92308,76.92308,76.92308,76.92308,76.92308,76.92308,76.92308,12.63736,13.73626,51.37363,76.92308,76.92308,76.92308
77.1978,99.72527,80.49451,53.02198,3.296703,99.45055,76.92308,76.92308,76.92308,76.92308,76.92308,76.92308,76.92308,76.92308,76.92308,76.92308,76.92308,76.92308,76.92308,76.92308,76.92308,76.92308,76.92308,13.18681,51.37363,76.92308,76.92308,76.92308,76.92308,76.92308,76.92308,76.92308,76.92308,76.92308,76.92308,13.18681,51.37363,76.92308,76.92308,76.92308,76.92308,76.92308,76.92308,76.92308,76.92308,76.92308,76.92308,13.18681,51.37363,76.92308
77.1978,99.72527,80.49451,99.72527,99.72527,99.45055,76.92308,76.92308,76.92308,76.92308,76.92308,76.92308,76.92308,76.92308,99.72527,53.57143,76.92308,76.92308,76.92308,76.92308,76.92308,76.92308,76.92308,13.73626,52.47253,99.72527,2.472528,51.92308,76.92308,76.92308,76.92308,76.92308,76.92308,76.92308,76.92308,13.73626,52.47253,99.72527,2.472528,51.92308,76.92308,76.92308,76.92308,76.92308,76.92308,76.92308,76.92308,13.73626,52.47253,99.72527
77.1978,99.72527,80.49451,99.72527,99.72527,99.45055,76.92308,76.92308,13.18681,12.91209,52.1978,13.73626,99.72527,99.72527,99.72527,99.45055,99.72527,2.472528,51.92308,76.92308,13.73626,99.72527,1.923077,99.72527,79.39561,99.72527,99.72527,99.72527,99.45055,99.72527,2.472528,51.92308,76.92308,13.73626,99.72527,1.923077,99.72527,99.72527,79.39561,99.72527,99.72527,99.45055,99.72527,2.472528,51.92308,76.92308,13.73626,99.72527,1.923077,99.72527
99.45055,99.72527,16.20879,99.72527,99.72527,99.45055,0.8241758,99.72527,79.39561,99.45055,1.923077,99.72527,99.72527,99.72527,99.72527,99.45055,99.72527,99.72527,13.73626,99.72527,1.923077,99.72527,99.72527,99.72527,99.72527,99.72527,99.72527,99.72527,99.45055,79.39561,99.45055,1.923077,99.72527,99.72527,99.72527,13.73626,99.72527,99.72527,99.72527,99.72527,99.72527,99.45055,99.72527,1.923077,99.72527,99.72527,99.72527,99.72527,99.72527,99.72527
1.923077,99.72527,52.1978,99.72527,99.72527,99.45055,53.84615,99.72527,99.72527,99.72527,99.72527,99.72527,99.72527,99.72527,99.72527,79.39561,99.72527,99.72527,99.72527,99.72527,99.45055,99.72527,99.72527,99.72527,99.72527,99.72527,99.72527,99.72527,99.72527,99.72527,99.72527,79.39561,99.72527,99.45055,99.72527,99.72527,99.72527,1.923077,99.72527,99.72527,99.72527,99.72527,99.72527,79.39561,99.72527,99.45055,99.72527,99.72527,99.72527,1.923077
52.1978,99.72527,53.02198,99.72527,99.72527,2.197802,0.2747253,99.72527,99.72527,99.72527,99.72527,99.72527,99.72527,99.72527,99.72527,99.72527,99.72527,99.72527,99.72527,99.72527,99.72527,99.72527,79.39561,13.73626,99.72527,1.923077,99.72527,99.72527,99.72527,99.72527,99.72527,99.72527,99.72527,99.72527,79.39561,13.73626,99.72527,1.923077,99.72527,99.72527,99.72527,99.72527,99.72527,99.72527,99.72527,99.72527,79.39561,13.73626,99.72527,1.923077
3.296703,99.72527,12.36264,99.72527,99.72527,0.2747253,48.9011,99.72527,99.72527,99.72527,99.72527,99.72527,99.72527,99.72527,99.72527,99.72527,99.72527,99.72527,99.72527,99.72527,99.72527,99.72527,79.39561,13.18681,99.72527,1.923077,99.72527,99.72527,99.72527,99.72527,99.72527,99.72527,99.72527,99.72527,79.39561,13.18681,99.72527,1.923077,99.72527,99.72527,99.72527,99.72527,99.72527,99.72527,99.72527,99.72527,79.39561,13.18681,99.72527,1.923077
1.923077,99.72527,99.72527,99.72527,99.72527,0.5494506,99.72527,99.72527,99.72527,99.72527,99.72527,99.72527,99.72527,99.72527,99.72527,99.72527,99.72527,99.72527,99.72527,99.72527,99.72527,99.72527,79.39561,13.18681,99.72527,1.923077,99.72527,99.72527,99.72527,99.72527,99.72527,99.72527,99.72527,99.72527,79.39561,13.18681,99.72527,1.923077,99.72527,99.72527,99.72527,99.72527,99.72527,99.72527,99.72527,99.72527,79.39561,13.18681,99.72527,1.923077
0.2747253,99.72527,99.72527,99.72527,99.72527,11.53846,99.72527,99.72527,99.72527,99.72527,99.72527,99.72527,99.72527,99.72527,99.72527,99.72527,1.923077,99.72527,99.72527,99.72527,99.72527,99.72527,99.72527,13.73626,99.72527,99.45055,1.923077,0.8241758,1.923077,99.72527,99.72527,99.72527,99.72527,99.72527,99.72527,13.73626,99.72527,99.45055,1.923077,0.8241758,1.923077,99.72527,99.72527,99.72527,99.72527,99.72527,99.72527,13.73626,99.72527,99.45055
49.45055,99.72527,99.72527,99.72527,99.72527,1.923077,99.72527,99.72527,99.72527,99.72527,99.72527,99.72527,99.72527,99.72527,54.12088,76.64835,1.923077,99.72527,99.72527,99.72527,99.72527,99.72527,99.72527,13.73626,99.72527,99.45055,1.923077,0.8241758,1.923077,99.72527,99.72527,99.72527,99.72527,99.72527,99.72527,13.73626,99.72527,99.45055,1.923077,0.8241758,1.923077,99.72527,99.72527,99.72527,99.72527,99.72527,99.72527,13.73626,99.72527,99.45055
2.747253,99.72527,99.72527,99.72527,99.72527,53.02198,99.72527,99.72527,99.72527,99.72527,99.72527,99.72527,99.72527,99.72527,1.373626,79.39561,1.923077,99.72527,99.72527,99.72527,99.72527,99.72527,99.72527,13.73626,99.72527,99.45055,1.923077,0.8241758,1.923077,99.72527,99.72527,99.72527,99.72527,99.72527,99.72527,13.73626,99.72527,99.45055,1.923077,0.8241758,1.923077,99.72527,99.72527,99.72527,99.72527,99.72527,99.72527,13.73626,99.72527,99.45055
1.373626,99.72527,99.72527,99.72527,99.72527,0.5494506,99.72527,99.72527,99.72527,99.72527,99.72527,99.72527,99.72527,99.72527,99.72527,16.48352,1.923077,99.72527,99.72527,99.72527,99.72527,99.72527,99.72527,13.73626,99.72527,99.45055,1.923077,0.8241758,1.923077,99.72527,99.72527,99.72527,99.72527,99.72527,99.72527,13.73626,99.72527,99.45055,1.923077,0.8241758,1.923077,99.72527,99.72527,99.72527,99.72527,99.72527,99.72527,13.73626,99.72527,99.45055
99.72527,99.72527,99.72527,99.72527,99.72527,76.64835,99.72527,99.72527,99.72527,99.72527,99.72527,99.72527,99.72527,99.72527,0.8241758,15.93407,1.923077,99.72527,99.72527,99.72527,99.72527,99.72527,99.72527,13.73626,99.72527,99.45055,1.923077,0.8241758,1.923077,99.72527,99.72527,99.72527,99.72527,99.72527,99.72527,13.73626,99.72527,99.45055,1.923077,0.8241758,1.923077,99.72527,99.72527,99.72527,99.72527,99.72527,99.72527,13.73626,99.72527,99.45055
99.72527,99.72527,99.72527,99.72527,99.72527,13.18681,99.72527,99.72527,99.72527,99.72527,99.72527,99.72527,99.72527,99.72527,12.08791,99.72527,0.8241758,1.923077,99.72527,99.72527,99.72527,99.72527,99.72527,99.45055,77.47253,99.72527,99.45055,1.923077,0.8241758,1.923077,99.72527,99.72527,99.72527,99.72527,99.72527,99.45055,77.47253,99.72527,99.45055,1.923077,0.8241758,1.923077,99.72527,99.72527,99.72527,99.72527,99.72527,99.45055,77.47253,99.72527
99.72527,99.72527,99.72527,99.72527,99.72527,99.72527,99.72527,99.72527,99.72527,99.72527,99.72527,99.72527,99.72527,1.923077,52.74725,1.373626,0.8241758,1.923077,99.72527,99.72527,99.72527,99.72527,99.72527,99.45055,77.47253,99.72527,99.45055,1.923077,0.8241758,1.923077,99.72527,99.72527,99.72527,99.72527,99.72527,99.45055,77.47253,99.72527,99.45055,1.923077,0.8241758,1.923077,99.72527,99.72527,99.72527,99.72527,99.72527,99.45055,77.47253,99.72527
99.72527,99.72527,99.72527,99.72527,99.72527,99.72527,99.72527,99.72527,99.72527,99.72527,99.72527,99.72527,12.36264,53.57143,0.2747253,0.2747253,99.72527,54.67033,1.923077,99.72527,99.72527,99.72527,99.72527,99.72527,77.47253,99.72527,99.45055,1.923077,99.72527,54.67033,1.923077,99.72527,99.72527,99.72527,99.72527,99.72527,77.47253,99.72527,99.45055,1.923077,99.72527,54.67033,1.923077,99.72527,99.72527,99.72527,99.72527,99.72527,77.47253,99.72527
99.72527,99.72527,99.72527,99.72527,99.72527,99.72527,99.72527,99.72527,99.72527,99.72527,99.72527,99.72527,80.49451,0.5494506,0.2747253,76.37363,99.72527,54.67033,1.923077,99.72527,99.72527,99.72527,99.72527,99.72527,77.47253,99.72527,99.45055,1.923077,99.72527,54.67033,1.923077,99.72527,99.72527,99.72527,99.72527,99.72527,77.47253,99.72527,99.45055,1.923077,99.72527,54.67033,1.923077,99.72527,99.72527,99.72527,99.72527,99.72527,77.47253,99.72527
99.72527,99.72527,99.72527,99.72527,99.72527,99.72527,99.72527,99.72527,99.72527,99.72527,99.72527,99.72527,1.373626,99.72527,2.472528,1.373626,99.72527,54.67033,1.923077,99.72527,99.72527,99.72527,99.72527,99.72527,77.47253,99.72527,99.45055,1.923077,99.72527,54.67033,1.923077,99.72527,99.72527,99.72527,99.72527,99.72527,77.47253,99.72527,99.45055,1.923077,99.72527,54.67033,1.923077,99.72527,99.72527,99.72527,99.72527,99.72527,77.47253,99.72527
99.72527,99.72527,99.72527,99.72527,99.72527,99.72527,99.72527,99.72527,99.72527,99.72527,99.72527,99.72527,0.2747253,51.64835,0.2747253,2.197802,99.72527,54.67033,1.923077,99.72527,99.72527,99.72527,99.72527,99.72527,77.47253,99.72527,99.45055,1.923077,99.72527,54.67033,1.923077,99.72527,99.72527,99.72527,99.72527,99.72527,77.47253,99.72527,99.45055,1.923077,99.72527,54.67033,1.923077,99.72527,99.72527,99.72527,99.72527,99.72527,77.47253,99.72527
99.72527,99.72527,99.72527,99.72527,99.72527,99.72527,99.72527,99.72527,99.72527,99.72527,99.72527,99.72527,99.72527,53.57143,0.2747253,53.84615,99.72527,54.67033,1.923077,99.72527,99.72527,99.72527,99.72527,99.72527,77.47253,99.72527,99.45055,1.923077,99.72527,54.67033,1.923077,99.72527,99.72527,99.72527,99.72527,99.72527,77.47253,99.72527,99.45055,1.923077,99.72527,54.67033,1.923077,99.72527,99.72527,99.72527,99.72527,99.72527,77.47253,99.72527
99.72527,99.72527,99.72527,99.72527,99.72527,99.72527,99.72527,99.72527,99.72527,99.72527,99.72527,99.72527,99.72527,12.36264,0.5494506,54.3956,99.72527,54.67033,1.923077,99.72527,99.72527,99.72527,99.72527,99.72527,77.47253,99.72527,99.45055,1.923077,99.72527,54.67033,1.923077,99.72527,99.72527,99.72527,99.72527,99.72527,77.47253,99.72527,99.45055,1.923077,99.72527,54.67033,1.923077,99.72527,99.72527,99.72527,99.72527,99.72527,77.47253,99.72527
99.72527,99.72527,99.72527,99.72527,99.72527,99.72527,99.72527,99.72527,99.72527,99.72527,99.72527,99.72527,99.72527,99.72527,0.2747253,99.45055,99.72527,54.67033,1.923077,99.72527,99.72527,99.72527,99.72527,99.72527,77.47253,99.72527,99.45055,1.923077,99.72527,54.67033,1.923077,99.72527,99.72527,99.72527,99.72527,99.72527,77.47253,99.72527,99.45055,1.923077,99.72527,54.67033,1.923077,99.72527,99.72527,99.72527,99.72527,99.72527,77.47253,99.72527
99.72527,99.72527,99.72527,99.72527,99.72527,99.72527,99.72527,99.72527,99.72527,99.72527,99.72527,99.72527,99.72527,0.5494506,0.5494506,54.3956,99.72527,54.67033,1.923077,99.72527,99.72527,99.72527,99.72527,99.72527,77.47253,99.72527,99.45055,1.923077,99.72527,54.67033,1.923077,99.72527,99.72527,99.72527,99.72527,99.72527,77.47253,99.72527,99.45055,1.923077,99.72527,54.67033,1.923077,99.72527,99.72527,99.72527,99.72527,99.72527,77.47253,99.72527
99.72527,99.72527,99.72527,99.72527,99.72527,99.72527,99.72527,99.72527,99.72527,99.72527,99.72527,99.72527,2.472528,76.92308,0.8241758,54.67033,99.72527,54.67033,1.923077,99.72527,99.72527,99.72527,99.72527,99.72527,77.47253,99.72527,99.45055,1.923077,99.72527,54.67033,1.923077,99.72527,99.72527,99.72527,99.72527,99.72527,77.47253,99.72527,99.45055,1.923077,99.72527,54.67033,1.923077,99.72527,99.72527,99.72527,99.72527,99.72527,77.47253,99.72527
99.72527,99.72527,99.72527,99.72527,99.72527,99.72527,99.72527,99.72527,99.72527,99.72527,99.72527,99.72527,16.20879,12.91209,0.5494506,99.72527,99.72527,54.67033,1.923077,99.72527,99.72527,99.72527,99.72527,99.72527,77.47253,99.72527,99.45055,1.923077,99.72527,54.67033,1.923077,99.72527,99.72527,99.72527,99.72527,99.72527,77.47253,99.72527,99.45055,1.923077,99.72527,54.67033,1.923077,99.72527,99.72527,99.72527,99.72527,99.72527,77.47253,99.72527
99.72527,99.72527,99.72527,99.72527,99.72527,99.72527,99.72527,99.72527,99.72527,99.72527,99.72527,99.72527,0.5494506,15.38461,80.21978,13.18681,99.72527,54.67033,1.923077,99.72527,99.72527,99.72527,99.72527,99.72527,77.47253,99.72527,99.45055,1.923077,99.72527,54.67033,1.923077,99.72527,99.72527,99.72527,99.72527,99.72527,77.47253,99.72527,99.45055,1.923077,99.72527,54.67033,1.923077,99.72527,99.72527,99.72527,99.72527,99.72527,77.47253,99.72527
99.72527,99.72527,99.72527,99.72527,99.72527,99.72527,99.72527,99.72527,99.72527,99.72527,99.72527,99.72527,1.923077,99.72527,12.36264,99.45055,99.72527,54.67033,1.923077,99.72527,99.72527,99.72527,99.72527,99.72527,77.47253,99.72527,99.45055,1.923077,99.72527,54.67033,1.923077,99.72527,99.72527,99.72527,99.72527,99.72527,77.47253,99.72527,99.45055,1.923077,99.72527,54.67033,1.923077,99.72527,99.72527,99.72527,99.72527,99.72527,77.47253,99.72527
99.72527,99.72527,99.72527,99.72527,99.72527,99.72527,99.72527,99.72527,99.72527,99.72527,99.72527,99.72527,99.72527,81.04395,0.5494506,0.2747253,99.72527,54.67033,1.923077,99.72527,99.72527,99.72527,99.72527,99.72527,77.47253,99.72527,99.45055,1.923077,99.72527,54.67033,1.923077,99.72527,99.72527,99.72527,99.72527,99.72527,77.47253,99.72527,99.45055,1.923077,99.72527,54.67033,1.923077,99.72527,99.72527,99.72527,99.72527,99.72527,77.47253,99.72527
99.72527,99.72527,99.72527,99.72527,99.72527,99.72527,99.72527,99.72527,99.72527,99.72527,99.72527,99.72527,12.36264,80.76923,2.747253,0.8241758,99.72527,54.67033,1.923077,99.72527,99.72527,99.72527,99.72527,99.72527,77.47253,99.72527,99.45055,1.923077,99.72527,54.67033,1.923077,99.72527,99.72527,99.72527,99.72527,99.72527,77.47253,99.72527,99.45055,1.923077,99.72527,54.67033,1.923077,99.72527,99.72527,99.72527,99.72527,99.72527,77.47253,99.72527
99.72527,99.72527,99.72527,99.72527,99.72527,99.72527,99.72527,99.72527,99.72527,99.72527,99.72527,99.72527,99.45055,1.923077,99.45055,13.18681,99.72527,54.67033,1.923077,99.72527,99.72527,99.72527,99.72527,99.72527,77.47253,99.72527,99.45055,1.923077,99.72527,54.67033,1.923077,99.72527,99.72527,99.72527,99.72527,99.72527,77.47253,99.72527,99.45055,1.923077,99.72527,54.67033,1.923077,99.72527,99.72527,99.72527,99.72527,99.72527,77.47253,99.72527
99.72527,99.72527,99.72527,99.72527,99.72527,99.72527,99.72527,99.72527,99.72527,99.72527,99.72527,99.72527,76.64835,99.72527,99.72527,54.12088,99.72527,54.67033,1.923077,99.72527,99.72527,99.72527,99.72527,99.72527,77.47253,99.72527,99.45055,1.923077,99.72527,54.67033,1.923077,99.72527,99.72527,99.72527,99.72527,99.72527,77.47253,99.72527,99.45055,1.923077,99.72527,54.67033,1.923077,99.72527,99.72527,99.72527,99.72527,99.72527,77.47253,99.72527
99.72527,99.72527,99.72527,99.72527,99.72527,99.72527,99.72527,99.72527,99.72527,99.72527,99.72527,99.72527,99.72527,12.91209,0.2747253,0.5494506,99.72527,54.67033,1.923077,99.72527,99.72527,99.72527,99.72527,99.72527,77.47253,99.72527,99.45055,1.923077,99.72527,54.67033,1.923077,99.72527,99.72527,99.72527,99.72527,99.72527,77.47253,99.72527,99.45055,1.923077,99.72527,54.67033,1.923077,99.72527,99.72527,99.72527,99.72527,99.72527,77.47253,99.72527
99.72527,99.72527,99.72527,99.72527,99.72527,99.72527,99.72527,99.72527,99.72527,99.72527,99.72527,99.72527,0.2747253,2.197802,12.91209,99.72527,99.72527,54.67033,1.923077,99.72527,99.72527,99.72527,99.72527,99.72527,77.47253,99.72527,99.45055,1.923077,99.72527,54.67033,1.923077,99.72527,99.72527,99.72527,99.72527,99.72527,77.47253,99.72527,99.45055,1.923077,99.72527,54.67033,1.923077,99.72527,99.72527,99.72527,99.72527,99.72527,77.47253,99.72527
99.72527,99.72527,99.72527,99.72527,99.72527,99.72527,99.72527,99.72527,99.72527,99.72527,99.72527,99.72527,76.64835,0.2747253,51.92308,0.5494506,99.72527,54.67033,1.923077,99.72527,99.72527,99.72527,99.72527,99.72527,77.47253,99.72527,99.45055,1.923077,99.72527,54.67033,1.923077,99.72527,99.72527,99.72527,99.72527,99.72527,77.47253,99.72527,99.45055,1.923077,99.72527,54.67033,1.923077,99.72527,99.72527,99.72527,99.72527,99.72527,77.47253,99.72527
99.72527,99.72527,99.72527,99.72527,99.72527,99.72527,99.72527,99.72527,99.72527,99.72527,99.72527,99.72527,2.472528,15.38461,0.5494506,53.2967,99.72527,54.67033,1.923077,99.72527,99.72527,99.72527,99.72527,99.72527,77.47253,99.72527,99.45055,1.923077,99.72527,54.67033,1.923077,99.72527,99.72527,99.72527,99.72527,99.72527,77.47253,99.72527,99.45055,1.923077,99.72527,54.67033,1.923077,99.72527,99.72527,99.72527,99.72527,99.72527,77.47253,99.72527
99.72527,99.72527,99.72527,99.72527,99.72527,99.72527,99.72527,99.72527,99.72527,99.72527,99.72527,99.72527,13.18681,1.373626,80.21978,1.923077,99.72527,54.67033,1.923077,99.72527,99.72527,99.72527,99.72527,99.72527,77.47253,99.72527,99.45055,1.923077,99.72527,54.67033,1.923077,99.72527,99.72527,99.72527,99.72527,99.72527,77.47253,99.72527,99.45055,1.923077,99.72527,54.67033,1.923077,99.72527,99.72527,99.72527,99.72527,99.72527,77.47253,99.72527
99.72527,99.72527,99.72527,99.72527,99.72527,99.72527,99.72527,99.72527,99.72527,99.72527,99.72527,99.72527,0.5494506,51.37363,99.72527,1.923077,99.72527,54.67033,1.923077,99.72527,99.72527,99.72527,99.72527,99.72527,77.47253,99.72527,99.45055,1.923077,99.72527,54.67033,1.923077,99.72527,99.72527,99.72527,99.72527,99.72527,77.47253,99.72527,99.45055,1.923077,99.72527,54.67033,1.923077,99.72527,99.72527,99.72527,99.72527,99.72527,77.47253,99.72527
99.72527,99.72527,99.72527,99.72527,99.72527,99.72527,99.72527,99.72527,99.72527,99.72527,99.72527,99.72527,0.8241758,52.1978,12.91209,0.2747253,99.72527,54.67033,1.923077,99.72527,99.72527,99.72527,99.72527,99.72527,77.47253,99.72527,99.45055,1.923077,99.72527,54.67033,1.923077,99.72527,99.72527,99.72527,99.72527,99.72527,77.47253,99.72527,99.45055,1.923077,99.72527,54.67033,1.923077,99.72527,99.72527,99.72527,99.72527,99.72527,77.47253,99.72527
99.72527,99.72527,99.72527,99.72527,99.72527,99.72527,99.72527,99.72527,99.72527,99.72527,99.72527,99.72527,0.2747253,13.18681,2.472528,2.197802,99.72527,54.67033,1.923077,99.72527,99.72527,99.72527,99.72527,99.72527,77.47253,99.72527,99.45055,1.923077,99.72527,54.67033,1.923077,99.72527,99.72527,99.72527,99.72527,99.72527,77.47253,99.72527,99.45055,1.923077,99.72527,54.67033,1.923077,99.72527,99.72527,99.72527,99.72527,99.72527,77.47253,99.72527
99.72527,99.72527,99.72527,99.72527,99.72527,99.72527,99.72527,99.72527,99.72527,99.72527,99.72527,99.72527,75.54945,99.72527,1.923077,1.373626,99.72527,54.67033,1.923077,99.72527,99.72527,99.72527,99.72527,99.72527,77.47253,99.72527,99.45055,1.923077,99.72527,54.67033,1.923077,99.72527,99.72527,99.72527,99.72527,99.72527,77.47253,99.72527,99.45055,1.923077,99.72527,54.67033,1.923077,99.72527,99.72527,99.72527,99.72527,99.72527,77.47253,99.72527
99.72527,99.72527,99.72527,99.72527,99.72527,99.72527,99.72527,99.72527,99.72527,99.72527,99.72527,99.72527,13.73626,52.1978,3.021978,51.37363,99.72527,54.67033,1.923077,99.72527,99.72527,99.72527,99.72527,99.72527,77.47253,99.72527,99.45055,1.923077,99.72527,54.67033,1.923077,99.72527,99.72527,99.72527,99.72527,99.72527,77.47253,99.72527,99.45055,1.923077,99.72527,54.67033,1.923077,99.72527,99.72527,99.72527,99.72527,99.72527,77.47253,99.72527
99.72527,99.72527,99.72527,99.72527,99.72527,99.72527,99.72527,99.72527,99.72527,99.72527,99.72527,99.72527,0.2747253,99.72527,0.8241758,0.8241758,99.72527,54.67033,1.923077,99.72527,99.72527,99.72527,99.72527,99.72527,77.47253,99.72527,99.45055,1.923077,99.72527,54.67033,1.923077,99.72527,99.72527,99.72527,99.72527,99.72527,77.47253,99.72527,99.45055,1.923077,99.72527,54.67033,1.923077,99.72527,99.72527,99.72527,99.72527,99.72527,77.47253,99.72527
99.72527,99.72527,99.72527,99.72527,99.72527,99.72527,99.72527,99.72527,99.72527,99.72527,99.72527,99.72527,1.923077,52.74725,13.73626,0.2747253,99.72527,54.67033,1.923077,99.72527,99.72527,99.72527,99.72527,99.72527,77.47253,99.72527,99.45055,1.923077,99.72527,54.67033,1.923077,99.72527,99.72527,99.72527,99.72527,99.72527,77.47253,99.72527,99.45055,1.923077,99.72527,54.67033,1.923077,99.72527,99.72527,99.72527,99.72527,99.72527,77.47253,99.72527
99.72527,99.72527,99.72527,99.72527,99.72527,99.72527,99.72527,99.72527,99.72527,99.72527,99.72527,99.72527,0.5494506,51.92308,75.82417,0.5494506,99.72527,54.67033,1.923077,99.72527,99.72527,99.72527,99.72527,99.72527,77.47253,99.72527,99.45055,1.923077,99.72527,54.67033,1.923077,99.72527,99.72527,99.72527,99.72527,99.72527,77.47253,99.72527,99.45055,1.923077,99.72527,54.67033,1.923077,99.72527,99.72527,99.72527,99.72527,99.72527,77.47253,99.72527
99.72527,99.72527,99.72527,99.72527,99.72527,99.72527,99.72527,99.72527,99.72527,99.72527,99.72527,99.72527,99.72527,1.923077,0.2747253,99.45055,99.72527,54.67033,1.923077,99.72527,99.72527,99.72527,99.72527,99.72527,77.47253,99.72527,99.45055,1.923077,99.72527,54.67033,1.923077,99.72527,99.72527,99.72527,99.72527,99.72527,77.47253,99.72527,99.45055,1.923077,99.72527,54.67033,1.923077,99.72527,99.72527,99.72527,99.72527,99.72527,77.47253,99.72527
99.72527,99.72527,99.72527,99.72527,99.72527,99.72527,99.72527,99.72527,99.72527,99.72527,99.72527,99.72527,12.36264,2.747253,0.8241758,0.5494506,99.72527,54.67033,1.923077,99.72527,99.72527,99.72527,99.72527,99.72527,77.47253,99.72527,99.45055,1.923077,99.72527,54.67033,1.923077,99.72527,99.72527,99.72527,99.72527,99.72527,77.47253,99.72527,99.45055,1.923077,99.72527,54.67033,1.923077,99.72527,99.72527,99.72527,99.72527,99.72527,77.47253,99.72527
99.72527,99.72527,99.72527,99.72527,99.72527,99.72527,99.72527,99.72527,99.72527,99.72527,99.72527,99.72527,0.2747253,52.74725,0.8241758,0.5494506,99.72527,54.67033,1.923077,99.72527,99.72527,99.72527,99.72527,99.72527,77.47253,99.72527,99.45055,1.923077,99.72527,54.67033,1.923077,99.72527,99.72527,99.72527,99.72527,99.72527,77.47253,99.72527,99.45055,1.923077,99.72527,54.67033,1.923077,99.72527,99.72527,99.72527,99.72527,99.72527,77.47253,99.72527
99.72527,99.72527,99.72527,99.72527,99.72527,99.72527,99.72527,99.72527,99.72527,99.72527,99.72527,99.72527,0.5494506,99.45055,12.36264,0.2747253,99.72527,54.67033,1.923077,99.72527,99.72527,99.72527,99.72527,99.72527,77.47253,99.72527,99.45055,1.923077,99.72527,54.67033,1.923077,99.72527,99.72527,99.72527,99.72527,99.72527,77.47253,99.72527,99.45055,1.923077,99.72527,54.67033,1.923077,99.72527,99.72527,99.72527,99.72527,99.72527,77.47253,99.72527
99.72527,99.72527,99.72527,99.72527,99.72527,99.72527,99.72527,99.72527,99.72527,99.72527,99.72527,99.72527,0.2747253,76.64835,0.2747253,79.12088,99.72527,54.67033,1.923077,99.72527,99.72527,99.72527,99.72527,99.72527,77.47253,99.72527,99.45055,1.923077,99.72527,54.67033,1.923077,99.72527,99.72527,99.72527,99.72527,99.72527,77.47253,99.72527,99.45055,1.923077,99.72527,54.67033,1.923077,99.72527,99.72527,99.72527,99.72527,99.72527,77.47253,99.72527
99.72527,99.72527,99.72527,99.72527,99.72527,99.72527,99.72527,99.72527,99.72527,99.72527,99.72527,99.72527,2.197802,13.18681,1.923077,99.72527,99.72527,54.67033,1.923077,99.72527,99.72527,99.72527,99.72527,99.72527,77.47253,99.72527,99.45055,1.923077,99.72527,54.67033,1.923077,99.72527,99.72527,99.72527,99.72527,99.72527,77.47253,99.72527,99.45055,1.923077,99.72527,54.67033,1.923077,99.72527,99.72527,99.72527,99.72527,99.72527,77.47253,99.72527
99.72527,99.72527,99.72527,99.72527,99.72527,99.72527,99.72527,99.72527,99.72527,99.72527,99.72527,99.72527,76.37363,99.45055,0.2747253,0.8241758,99.72527,54.67033,1.923077,99.72527,99.72527,99.72527,99.72527,99.72527,77.47253,99.72527,99.45055,1.923077,99.72527,54.67033,1.923077,99.72527,99.72527,99.72527,99.72527,99.72527,77.47253,99.72527,99.45055,1.923077,99.72527,54.67033,1.923077,99.72527,99.72527,99.72527,99.72527,99.72527,77.47253,99.72527
99.72527,99.72527,99.72527,99.72527,99.72527,99.72527,99.72527,99.72527,99.72527,99.72527,99.72527,99.72527,0.5494506,99.72527,0.2747253,2.747253,99.72527,54.67033,1.923077,99.72527,99.72527,99.72527,99.72527,99.72527,77.47253,99.72527,99.45055,1.923077,99.72527,54.67033,1.923077,99.72527,99.72527,99.72527,99.72527,99.72527,77.47253,99.72527,99.45055,1.923077,99.72527,54.67033,1.923077,99.72527,99.72527,99.72527,99.72527,99.72527,77.47253,99.72527
99.72527,99.72527,99.72527,99.72527,99.72527,99.72527,99.72527,99.72527,99.72527,99.72527,99.72527,99.72527,0.5494506,0.2747253,12.08791,0.2747253,99.72527,54.67033,1.923077,99.72527,99.72527,99.72527,99.72527,99.72527,77.47253,99.72527,99.45055,1.923077,99.72527,54.67033,1.923077,99.72527,99.72527,99.72527,99.72527,99.72527,77.47253,99.72527,99.45055,1.923077,99.72527,54.67033,1.923077,99.72527,99.72527,99.72527,99.72527,99.72527,77.47253,99.72527
99.72527,99.72527,99.72527,99.72527,99.72527,99.72527,99.72527,99.72527,99.72527,99.72527,99.72527,99.72527,0.2747253,1.373626,0.5494506,15.93407,99.72527,54.67033,1.923077,99.72527,99.72527,99.72527,99.72527,99.72527,77.47253,99.72527,99.45055,1.923077,99.72527,54.67033,1.923077,99.72527,99.72527,99.72527,99.72527,99.72527,77.47253,99.72527,99.45055,1.923077,99.72527,54.67033,1.923077,99.72527,99.72527,99.72527,99.72527,99.72527,77.47253,99.72527
99.72527,99.72527,99.72527,99.72527,99.72527,99.72527,99.72527,99.72527,99.72527,99.72527,99.72527,99.72527,12.91209,12.91209,3.296703,51.0989,99.72527,54.67033,1.923077,99.72527,99.72527,99.72527,99.72527,99.72527,77.47253,99.72527,99.45055,1.923077,99.72527,54.67033,1.923077,99.72527,99.72527,99.72527,99.72527,99.72527,77.47253,99.72527,99.45055,1.923077,99.72527,54.67033,1.923077,99.72527,99.72527,99.72527,99.72527,99.72527,77.47253,99.72527
99.72527,99.72527,99.72527,99.72527,99.72527,99.72527,99.72527,99.72527,99.72527,99.72527,99.72527,99.72527,99.72527,3.296703,12.36264,99.72527,99.72527,54.67033,1.923077,99.72527,99.72527,99.72527,99.72527,99.72527,77.47253,99.72527,99.45055,1.923077,99.72527,54.67033,1.923077,99.72527,99.72527,99.72527,99.72527,99.72527,77.47253,99.72527,99.45055,1.923077,99.72527,54.67033,1.923077,99.72527,99.72527,99.72527,99.72527,99.72527,77.47253,99.72527
99.72527,99.72527,99.72527,99.72527,99.72527,99.72527,99.72527,99.72527,99.72527,99.72527,99.72527,99.72527,13.73626,99.45055,0.2747253,1.923077,99.72527,54.67033,1.923077,99.72527,99.72527,99.72527,99.72527,99.72527,77.47253,99.72527,99.45055,1.923077,99.72527,54.67033,1.923077,99.72527,99.72527,99.72527,99.72527,99.72527,77.47253,99.72527,99.45055,1.923077,99.72527,54.67033,1.923077,99.72527,99.72527,99.72527,99.72527,99.72527,77.47253,99.72527
99.72527,99.72527,99.72527,99.72527,99.72527,99.72527,99.72527,99.72527,99.72527,99.72527,99.72527,99.72527,99.45055,52.47253,99.45055,2.472528,99.72527,54.67033,1.923077,99.72527,99.72527,99.72527,99.72527,99.72527,77.47253,99.72527,99.45055,1.923077,99.72527,54.67033,1.923077,99.72527,99.72527,99.72527,99.72527,99.72527,77.47253,99.72527,99.45055,1.923077,99.72527,54.67033,1.923077,99.72527,99.72527,99.72527,99.72527,99.72527,77.47253,99.72527
99.72527,99.72527,99.72527,99.72527,99.72527,99.72527,99.72527,99.72527,99.72527,99.72527,99.72527,99.72527,2.472528,99.72527,0.5494506,51.92308,99.72527,54.67033,1.923077,99.72527,99.72527,99.72527,99.72527,99.72527,77.47253,99.72527,99.45055,1.923077,99.72527,54.67033,1.923077,99.72527,99.72527,99.72527,99.72527,99.72527,77.47253,99.72527,99.45055,1.923077,99.72527,54.67033,1.923077,99.72527,99.72527,99.72527,99.72527,99.72527,77.47253,99.72527
99.72527,99.72527,99.72527,99.72527,99.72527,99.72527,99.72527,99.72527,99.72527,99.72527,99.72527,99.72527,99.45055,99.45055,0.8241758,54.3956,99.72527,54.67033,1.923077,99.72527,99.72527,99.72527,99.72527,99.72527,77.47253,99.72527,99.45055,1.923077,99.72527,54.67033,1.923077,99.72527,99.72527,99.72527,99.72527,99.72527,77.47253,99.72527,99.45055,1.923077,99.72527,54.67033,1.923077,99.72527,99.72527,99.72527,99.72527,99.72527,77.47253,99.72527
99.72527,99.72527,99.72527,99.72527,99.72527,99.72527,99.72527,99.72527,99.72527,99.72527,99.72527,99.72527,3.846154,12.91209,99.45055,18.40659,99.72527,54.67033,1.923077,99.72527,99.72527,99.72527,99.72527,99.72527,77.47253,99.72527,99.45055,1.923077,99.72527,54.67033,1.923077,99.72527,99.72527,99.72527,99.72527,99.72527,77.47253,99.72527,99.45055,1.923077,99.72527,54.67033,1.923077,99.72527,99.72527,99.72527,99.72527,99.72527,77.47253,99.72527
99.72527,99.72527,99.72527,99.72527,99.72527,99.72527,99.72527,99.72527,99.72527,99.72527,99.72527,99.72527,0.2747253,1.373626,0.8241758,12.36264,99.72527,54.67033,1.923077,99.72527,99.72527,99.72527,99.72527,99.72527,77.47253,99.72527,99.45055,1.923077,99.72527,54.67033,1.923077,99.72527,99.72527,99.72527,99.72527,99.72527,77.47253,99.72527,99.45055,1.923077,99.72527,54.67033,1.923077,99.72527,99.72527,99.72527,99.72527,99.72527,77.47253,99.72527
99.72527,99.72527,99.72527,99.72527,99.72527,99.72527,99.72527,99.72527,99.72527,99.72527,99.72527,99.72527,0.5494506,76.64835,0.2747253,16.48352,99.72527,54.67033,1.923077,99.72527,99.72527,99.72527,99.72527,99.72527,77.47253,99.72527,99.45055,1.923077,99.72527,54.67033,1.923077,99.72527,99.72527,99.72527,99.72527,99.72527,77.47253,99.72527,99.45055,1.923077,99.72527,54.67033,1.923077,99.72527,99.72527,99.72527,99.72527,99.72527,77.47253,99.72527
99.72527,99.72527,99.72527,99.72527,99.72527,99.72527,99.72527,99.72527,99.72527,99.72527,99.72527,99.72527,0.5494506,15.93407,0.5494506,0.8241758,99.72527,54.67033,1.923077,99.72527,99.72527,99.72527,99.72527,99.72527,77.47253,99.72527,99.45055,1.923077,99.72527,54.67033,1.923077,99.72527,99.72527,99.72527,99.72527,99.72527,77.47253,99.72527,99.45055,1.923077,99.72527,54.67033,1.923077,99.72527,99.72527,99.72527,99.72527,99.72527,77.47253,99.72527
99.72527,99.72527,99.72527,99.72527,99.72527,99.72527,99.72527,99.72527,99.72527,99.72527,99.72527,99.72527,0.2747253,51.92308,1.373626,99.45055,99.72527,54.67033,1.923077,99.72527,99.72527,99.72527,99.72527,99.72527,77.47253,99.72527,99.45055,1.923077,99.72527,54.67033,1.923077,99.72527,99.72527,99.72527,99.72527,99.72527,77.47253,99.72527,99.45055,1.923077,99.72527,54.67033,1.923077,99.72527,99.72527,99.72527,99.72527,99.72527,77.47253,99.72527
99.72527,99.72527,99.72527,99.72527,99.72527,99.72527,99.72527,99.72527,99.72527,99.72527,99.72527,99.72527,76.37363,99.72527,99.72527,0.8241758,99.72527,54.67033,1.923077,99.72527,99.72527,99.72527,99.72527,99.72527,77.47253,99.72527,99.45055,1.923077,99.72527,54.67033,1.923077,99.72527,99.72527,99.72527,99.72527,99.72527,77.47253,99.72527,99.45055,1.923077,99.72527,54.67033,1.923077,99.72527,99.72527,99.72527,99.72527,99.72527,77.47253,99.72527
