1.22992
1.150235
1.304348
1.439263
3.663004
3.313253
3.098592
2.94686
2.619459
4.990842
3.313253
3.098592
2.94686
2.619459
4.990842
3.313253
3.098592
2.94686
2.619459
4.990842
3.313253
3.098592
3.019324
2.777778
5.059524
8.584337
15.6338
6.763285
4.116292
22.55037
31.4759
66.54929
23.71981
12.39206
82.41758
99.69879
92.46479
33.16425
24.10766
99.61081
99.69879
91.29108
33.20048
24.12205
99.58791
99.69879
92.48827
33.15217
24.12205
99.58791
99.69879
92.48827
37.19807
24.13644
99.58791
99.69879
93.66197
34.79469
24.07887
99.61081
99.69879
93.66197
34.79469
24.07887
99.61081
99.69879
93.66197
34.79469
24.07887
99.61081
