3.434066
11.50549
25.82967
66.05495
94.06593
93.56593
95.59341
94.52198
94.76923
91.90659
87.60989
84.96703
84.92308
90.29121
86.56044
86.17033
88.39561
85.84615
89.72527
87.28022
85.11539
88.76373
85.66483
84.84066
88.52747
84.5989
84.92857
86.57692
87.08242
87.07143
87.01099
88.54395
85.77473
85.89561
87.25824
88.38461
84.2033
84.79121
83.36264
82.28022
86.96703
85.54395
90.10439
84.47253
84.46154
82.60989
88.15934
86.37912
84.1978
84.46703
84.60439
85.44505
88.14835
84.70879
86.38461
83.47802
85.20879
84.48351
84.15385
86.08791
82.25275
86.00549
84.21978
84.23627
84.67033
82.78571
84.38461
83.44505
83.71429
