60.39377
58.98594
52.98122
31.9686
27.60507
99.72527
99.69879
90.18779
62.82609
68.26425
99.72527
95.68273
91.24413
61.01449
68.30743
99.72527
95.68273
91.24413
61.01449
68.30743
99.72527
95.68273
91.19718
54.84299
68.27864
99.72527
95.68273
90.07042
61.00241
68.29304
99.72527
95.68273
90.07042
61.00241
68.29304
99.72527
95.68273
90.07042
61.00241
68.29304
99.72527
95.68273
90.07042
61.00241
68.29304
99.72527
95.68273
90.07042
61.00241
68.29304
99.72527
95.68273
90.07042
61.00241
68.29304
99.72527
95.68273
90.07042
61.00241
68.29304
99.72527
95.68273
90.07042
61.00241
68.29304
99.72527
95.68273
90.07042
61.00241
68.29304
