2.873626
5.357143
17.86813
43.8022
59.36264
60.48352
74.22527
76.62088
77.42857
82.32417
89.13736
84.38461
80.00549
82.07692
83.08791
83.47253
81.74176
81.58791
79.50549
84.53846
82.39011
82.65934
85.47802
71.8022
69.56044
67.39011
67.38461
66.06593
67.08242
70.93407
67.10439
71.05495
67.5989
69.06593
67.92857
65.61539
67.8022
70.71978
65.60439
69.09341
67.0989
67.56044
65.81868
69.80769
70.73627
66.98901
67.57143
69.78571
69.56593
69.61539
66.24725
70.14835
67.1978
67.81868
69.15385
71.52747
70.15385
68.42308
69.76923
70.63736
69.37363
69.12088
69.53846
68.64286
67.69231
71.85714
65.82417
69.78022
67.83517
