0.7507246
1.669545
6.753663
1.757028
1.643193
5.182609
7.65688
12.36264
27.20884
25.35211
5.252174
7.772021
12.91209
28.01205
25.91549
5.55942
8.290155
29.7848
29.06627
27.55869
6.156522
23.66149
99.45055
46.08434
85.35211
6.226087
24.00691
99.45055
99.69879
76.90141
17.38551
24.06448
99.70238
95.58233
85.11737
17.80869
24.00691
99.45055
99.69879
86.19718
19.88406
24.32355
99.70238
99.69879
86.78403
23.96522
24.30915
99.67949
99.69879
90.23474
23.96522
24.32355
99.67949
99.69879
91.40845
23.96522
24.32355
99.67949
99.69879
91.40845
23.96522
24.32355
99.67949
99.69879
91.40845
23.96522
24.32355
99.67949
99.69879
91.40845
