3.313253
3.098592
0.8937198
2.489925
19.13919
4.116466
3.849765
1.231884
3.353483
30.4945
6.25
5.868545
2.983092
3.82844
33.95147
28.43876
26.97183
22.45169
9.196891
60.50824
36.94779
50.53991
27.30676
16.53713
88.576
62.2741
85.32864
31.99275
30.33967
99.49634
99.69879
87.58216
42.69324
31.60622
99.54212
99.69879
88.77934
48.86473
37.8814
99.56502
99.69879
88.77934
48.86473
37.8814
99.56502
99.69879
88.77934
48.86473
37.8814
99.56502
99.69879
88.77934
48.86473
37.8814
99.56502
99.69879
88.77934
48.86473
37.8814
99.56502
99.69879
88.77934
48.86473
37.8814
99.56502
99.69879
88.77934
48.86473
37.8814
99.56502
