0,0,0,0,1.014493,0,0,1.014493,0.1449275,0,0,0,0.1449275,0,0,0,0,0,0,0.1449275,0.1449275,0.1449275,0,0,0.1449275,0,1.014493,0,0,0,0,0,0,0,0,0,0,0.1449275,0,2.898551,0,0,0.1449275,0.7246377,0.1449275,0,0,0,0.1449275,0
0.1449275,0.1449275,0,2.898551,0.1449275,0,0,1.014493,0,0,0,0.1449275,0,0,0.1449275,21.5942,0,0.1449275,0,0.1449275,0.1449275,0.1449275,0,0,0.1449275,0,1.014493,0,0.1449275,0,0,0.1449275,21.5942,0,0.1449275,0,0,0.1449275,0,2.898551,0,0,0.1449275,0.7246377,0.1449275,0.1449275,0,0,0.1449275,0.1449275
0.1449275,25.36232,0,0,0,0.1449275,0.1449275,0,0,0.1449275,0,0.7246377,21.5942,0,0.1449275,21.5942,1.014493,0.1449275,0,0.1449275,0.1449275,0.1449275,0,0.1449275,0.1449275,0.1449275,0,0,0.1449275,0.1449275,0,0.1449275,21.5942,0.7246377,21.5942,0,1.014493,0,0,2.898551,0.1449275,0.1449275,0,0.7246377,0,0.1449275,0,0.7246377,21.5942,0
1.304348,25.36232,1.014493,0,21.88406,21.5942,21.5942,0.7246377,3.768116,0,0,0.1449275,21.5942,1.014493,0,21.5942,21.5942,21.5942,21.5942,21.5942,21.5942,0.1449275,0.7246377,0.1449275,0.1449275,0.1449275,3.768116,0,0,0.1449275,1.014493,0,21.5942,21.5942,21.5942,21.5942,21.5942,21.5942,21.5942,0.7246377,3.768116,0,0,0.7246377,0.1449275,1.014493,0,0.7246377,21.5942,21.5942
0.1449275,25.36232,0,21.5942,21.88406,21.5942,21.5942,3.478261,21.5942,21.5942,21.5942,21.5942,21.5942,21.5942,21.5942,21.5942,21.5942,21.5942,21.5942,21.5942,21.5942,21.5942,0,0,0.1449275,21.5942,21.5942,21.5942,21.5942,21.5942,21.5942,21.5942,21.5942,21.5942,21.5942,0,0,0.1449275,21.5942,21.5942,21.5942,21.5942,21.5942,21.5942,21.5942,21.5942,21.5942,0,0,0.1449275
3.478261,25.36232,0.8695652,21.5942,21.88406,21.5942,21.5942,0,21.5942,21.5942,21.5942,21.5942,21.5942,21.5942,21.5942,21.5942,21.5942,21.5942,21.5942,21.5942,21.5942,21.5942,21.5942,0,0,0.1449275,21.5942,21.5942,21.5942,21.5942,21.5942,21.5942,21.5942,21.5942,21.5942,0,0,0.1449275,21.5942,21.5942,21.5942,21.5942,21.5942,21.5942,21.5942,21.5942,21.5942,0,0,0.1449275
25.50725,25.36232,21.5942,3.188406,21.88406,21.5942,21.5942,10.86957,21.5942,21.5942,21.5942,21.5942,21.5942,21.5942,21.5942,21.5942,21.5942,21.5942,21.5942,21.5942,21.5942,21.5942,21.5942,0,0,0.1449275,21.5942,21.5942,21.5942,21.5942,21.5942,21.5942,21.5942,21.5942,21.5942,0,0,0.1449275,21.5942,21.5942,21.5942,21.5942,21.5942,21.5942,21.5942,21.5942,21.5942,0,0,0.1449275
25.50725,25.36232,0,1.014493,21.88406,21.5942,21.5942,0,21.5942,21.5942,21.5942,21.5942,21.5942,21.5942,21.5942,0,21.5942,21.5942,21.5942,21.5942,21.5942,21.5942,21.5942,0.1449275,0.1449275,0,0.1449275,21.5942,21.5942,21.5942,21.5942,21.5942,21.5942,21.5942,21.5942,0.1449275,0.1449275,0,0.1449275,21.5942,21.5942,21.5942,21.5942,21.5942,21.5942,21.5942,21.5942,0.1449275,0.1449275,0
25.50725,25.36232,0.8695652,1.304348,21.88406,21.5942,21.5942,0.1449275,21.5942,21.5942,21.5942,21.5942,21.5942,21.5942,21.5942,21.73913,21.5942,21.5942,21.5942,21.5942,21.5942,21.5942,21.5942,0.1449275,0.1449275,0,0.1449275,21.5942,21.5942,21.5942,21.5942,21.5942,21.5942,21.5942,21.5942,0.1449275,0.1449275,0,0.1449275,21.5942,21.5942,21.5942,21.5942,21.5942,21.5942,21.5942,21.5942,0.1449275,0.1449275,0
25.50725,25.36232,25.7971,1.449275,21.88406,1.15942,21.5942,0.2898551,21.5942,21.5942,21.5942,21.5942,21.5942,21.5942,21.5942,21.73913,21.5942,21.5942,21.5942,21.5942,21.5942,21.5942,21.5942,0.1449275,0.1449275,0,0,2.898551,21.5942,21.5942,21.5942,21.5942,21.5942,21.5942,21.5942,0.1449275,0.1449275,0,0,2.898551,21.5942,21.5942,21.5942,21.5942,21.5942,21.5942,21.5942,0.1449275,0.1449275,0
25.50725,25.36232,25.7971,25.21739,21.88406,3.333333,0.1449275,21.5942,21.5942,21.5942,21.5942,21.5942,21.5942,21.5942,21.5942,21.73913,21.5942,21.5942,21.5942,21.5942,21.5942,21.5942,21.5942,1.304348,3.478261,0,0,2.898551,21.5942,21.5942,21.5942,21.5942,21.5942,21.5942,21.5942,1.304348,3.478261,0,0,2.898551,21.5942,21.5942,21.5942,21.5942,21.5942,21.5942,21.5942,1.304348,3.478261,0
21.88406,25.36232,25.7971,25.21739,21.88406,1.15942,25.7971,0.4347826,21.5942,21.5942,21.5942,21.5942,21.5942,21.5942,21.5942,21.73913,2.898551,21.5942,21.5942,21.5942,21.5942,21.5942,21.5942,1.304348,3.478261,25.21739,0,0,2.898551,21.5942,21.5942,21.5942,21.5942,21.5942,21.5942,1.304348,3.478261,25.21739,0,0,2.898551,21.5942,21.5942,21.5942,21.5942,21.5942,21.5942,1.304348,3.478261,25.21739
0.1449275,0.1449275,25.7971,3.188406,0,0,25.7971,21.5942,21.5942,21.5942,21.5942,21.5942,21.5942,21.5942,21.5942,21.5942,21.5942,21.5942,21.5942,21.5942,1.304348,0.1449275,3.478261,25.21739,25.21739,25.21739,0,21.5942,21.5942,21.5942,21.5942,21.5942,21.5942,1.304348,0.1449275,3.478261,25.21739,25.21739,25.21739,0,21.5942,21.5942,21.5942,21.5942,21.5942,21.5942,1.304348,0.1449275,3.478261,25.21739
25.36232,0,25.7971,0,1.15942,25.21739,25.7971,25.21739,25.21739,25.21739,0,21.5942,21.5942,1.304348,21.5942,21.5942,21.5942,0.1449275,3.478261,25.21739,25.21739,25.21739,25.21739,25.21739,25.21739,25.21739,25.21739,25.21739,0,21.5942,21.5942,1.304348,0.1449275,3.478261,25.21739,25.21739,25.21739,25.21739,25.21739,25.21739,25.21739,25.21739,25.21739,0,21.5942,21.5942,1.304348,0.1449275,3.478261,25.21739
0.1449275,1.304348,25.7971,25.07246,3.478261,25.21739,25.7971,25.21739,25.21739,25.21739,25.21739,25.21739,25.21739,25.21739,25.21739,25.21739,25.07246,0.1449275,3.478261,25.21739,25.21739,25.21739,25.21739,25.21739,25.21739,25.21739,25.21739,25.21739,25.21739,25.21739,25.21739,25.21739,25.21739,25.21739,25.21739,25.07246,0.1449275,3.478261,25.21739,25.21739,25.21739,25.21739,25.21739,25.21739,25.21739,25.21739,25.21739,25.07246,0.1449275,3.478261
0,0.4347826,25.7971,0.1449275,0,25.21739,25.7971,25.21739,25.21739,25.21739,25.21739,25.21739,25.21739,25.21739,25.21739,25.21739,25.21739,25.21739,25.21739,25.21739,25.21739,25.21739,25.21739,25.07246,0.1449275,3.478261,25.21739,25.21739,25.21739,25.21739,25.21739,25.21739,25.21739,25.21739,25.21739,25.07246,0.1449275,3.478261,25.21739,25.21739,25.21739,25.21739,25.21739,25.21739,25.21739,25.21739,25.21739,25.07246,0.1449275,3.478261
0,0,25.7971,1.014493,1.304348,25.21739,25.7971,25.21739,25.21739,25.21739,25.21739,25.21739,25.21739,25.21739,25.21739,25.21739,25.21739,25.21739,25.21739,25.21739,25.21739,25.21739,25.21739,25.07246,0.1449275,3.478261,25.21739,25.21739,25.21739,25.21739,25.21739,25.21739,25.21739,25.21739,25.21739,25.07246,0.1449275,3.478261,25.21739,25.21739,25.21739,25.21739,25.21739,25.21739,25.21739,25.21739,25.21739,25.07246,0.1449275,3.478261
25.36232,1.304348,25.7971,0.1449275,0,25.21739,25.7971,25.21739,25.21739,25.21739,25.21739,25.21739,25.21739,25.21739,25.21739,25.21739,25.21739,25.21739,25.21739,25.21739,25.21739,25.21739,25.21739,25.07246,0.1449275,3.478261,25.21739,25.21739,25.21739,25.21739,25.21739,25.21739,25.21739,25.21739,25.21739,25.07246,0.1449275,3.478261,25.21739,25.21739,25.21739,25.21739,25.21739,25.21739,25.21739,25.21739,25.21739,25.07246,0.1449275,3.478261
3.478261,11.44928,25.7971,25.36232,3.333333,25.21739,25.7971,25.21739,25.21739,25.21739,25.21739,25.21739,25.21739,25.21739,25.21739,25.21739,25.21739,25.21739,25.21739,25.21739,25.21739,25.21739,25.21739,25.07246,0.1449275,3.478261,25.21739,25.21739,25.21739,25.21739,25.21739,25.21739,25.21739,25.21739,25.21739,25.07246,0.1449275,3.478261,25.21739,25.21739,25.21739,25.21739,25.21739,25.21739,25.21739,25.21739,25.21739,25.07246,0.1449275,3.478261
74.05797,0,25.7971,25.21739,0,25.21739,25.7971,25.21739,25.21739,25.21739,25.21739,25.21739,25.21739,25.21739,25.21739,25.21739,25.21739,25.21739,25.21739,25.21739,25.21739,25.21739,25.21739,25.07246,0.1449275,3.478261,25.21739,25.21739,25.21739,25.21739,25.21739,25.21739,25.21739,25.21739,25.21739,25.07246,0.1449275,3.478261,25.21739,25.21739,25.21739,25.21739,25.21739,25.21739,25.21739,25.21739,25.21739,25.07246,0.1449275,3.478261
74.05797,1.014493,25.7971,0.1449275,1.304348,25.21739,25.7971,25.21739,25.21739,25.21739,25.21739,25.21739,25.21739,25.21739,25.21739,0.4347826,25.21739,25.21739,25.21739,25.21739,25.21739,25.21739,25.21739,25.50725,3.333333,0.1449275,3.478261,25.21739,25.21739,25.21739,25.21739,25.21739,25.21739,25.21739,25.21739,25.50725,3.333333,0.1449275,3.478261,25.21739,25.21739,25.21739,25.21739,25.21739,25.21739,25.21739,25.21739,25.50725,3.333333,0.1449275
74.05797,0.1449275,25.7971,0,3.188406,0,25.7971,25.50725,25.21739,25.21739,25.21739,25.21739,25.21739,25.21739,25.21739,25.21739,25.21739,25.21739,25.21739,25.21739,25.50725,3.333333,0.1449275,25.50725,21.5942,25.50725,25.50725,25.21739,25.21739,25.21739,25.21739,25.21739,25.21739,25.50725,3.333333,25.50725,0.1449275,21.5942,25.50725,25.50725,25.21739,25.21739,25.21739,25.21739,25.21739,25.21739,25.50725,25.50725,3.333333,0.1449275
74.05797,0.1449275,25.7971,3.478261,0.1449275,22.46377,25.7971,25.50725,25.50725,25.50725,25.50725,25.50725,25.50725,25.50725,25.50725,25.50725,3.333333,0.1449275,21.5942,25.50725,25.50725,25.50725,25.50725,25.50725,25.50725,25.50725,25.50725,25.50725,25.50725,25.50725,25.50725,25.50725,3.333333,25.50725,0.1449275,25.50725,21.5942,25.50725,25.50725,25.50725,25.50725,25.50725,25.50725,25.50725,25.50725,25.50725,25.50725,25.50725,3.333333,0.1449275
74.05797,3.478261,25.7971,25.50725,0,0,25.7971,25.50725,25.50725,25.50725,25.50725,25.50725,25.50725,25.50725,25.50725,25.50725,25.50725,25.50725,25.50725,25.50725,25.50725,25.50725,25.50725,25.50725,3.333333,0.1449275,21.5942,25.50725,25.50725,25.50725,25.50725,25.50725,25.50725,25.50725,25.50725,25.50725,3.333333,0.1449275,21.5942,25.50725,25.50725,25.50725,25.50725,25.50725,25.50725,25.50725,25.50725,25.50725,3.333333,0.1449275
74.05797,0.1449275,25.7971,0.4347826,0,0.1449275,25.7971,25.50725,25.50725,25.50725,25.50725,25.50725,25.50725,25.50725,25.50725,25.50725,25.50725,25.50725,25.50725,25.50725,25.50725,25.50725,25.50725,25.50725,3.333333,0.1449275,21.5942,25.50725,25.50725,25.50725,25.50725,25.50725,25.50725,25.50725,25.50725,25.50725,3.333333,0.1449275,21.5942,25.50725,25.50725,25.50725,25.50725,25.50725,25.50725,25.50725,25.50725,25.50725,3.333333,0.1449275
74.05797,24.92754,25.7971,24.05797,0.1449275,21.5942,25.7971,25.50725,25.50725,25.50725,25.50725,25.50725,25.50725,25.50725,25.50725,25.50725,25.50725,25.50725,25.50725,25.50725,25.50725,25.50725,25.50725,25.50725,3.333333,0.1449275,21.5942,25.50725,25.50725,25.50725,25.50725,25.50725,25.50725,25.50725,25.50725,25.50725,3.333333,0.1449275,21.5942,25.50725,25.50725,25.50725,25.50725,25.50725,25.50725,25.50725,25.50725,25.50725,3.333333,0.1449275
74.05797,0,25.7971,0,0.1449275,25.50725,25.7971,25.50725,25.50725,25.50725,25.50725,25.50725,25.50725,25.50725,25.50725,25.50725,25.50725,25.50725,25.50725,25.50725,25.50725,25.50725,25.50725,25.50725,3.333333,0.1449275,21.5942,25.50725,25.50725,25.50725,25.50725,25.50725,25.50725,25.50725,25.50725,25.50725,3.333333,0.1449275,21.5942,25.50725,25.50725,25.50725,25.50725,25.50725,25.50725,25.50725,25.50725,25.50725,3.333333,0.1449275
74.05797,0.1449275,25.7971,0,0.1449275,0,25.7971,25.50725,25.50725,25.50725,25.50725,25.50725,25.50725,25.50725,25.50725,25.50725,25.50725,25.50725,25.50725,25.50725,25.50725,25.50725,25.50725,25.50725,3.333333,0.1449275,21.5942,25.50725,25.50725,25.50725,25.50725,25.50725,25.50725,25.50725,25.50725,25.50725,3.333333,0.1449275,21.5942,25.50725,25.50725,25.50725,25.50725,25.50725,25.50725,25.50725,25.50725,25.50725,3.333333,0.1449275
74.05797,55.21739,25.7971,25.65217,0.1449275,1.304348,25.7971,25.50725,25.50725,25.50725,25.50725,25.50725,25.50725,25.50725,25.50725,25.50725,25.50725,25.50725,25.50725,25.50725,25.50725,25.50725,25.50725,25.50725,3.333333,0.1449275,21.5942,25.50725,25.50725,25.50725,25.50725,25.50725,25.50725,25.50725,25.50725,25.50725,3.333333,0.1449275,21.5942,25.50725,25.50725,25.50725,25.50725,25.50725,25.50725,25.50725,25.50725,25.50725,3.333333,0.1449275
74.05797,55.21739,25.7971,24.92754,99.85507,0,25.7971,25.50725,25.50725,25.50725,25.50725,25.50725,25.50725,25.50725,25.50725,0.1449275,25.50725,25.50725,25.50725,25.50725,25.50725,25.50725,25.50725,25.50725,25.36232,99.85507,0.1449275,21.5942,25.50725,25.50725,25.50725,25.50725,25.50725,25.50725,25.50725,25.50725,25.36232,99.85507,0.1449275,21.5942,25.50725,25.50725,25.50725,25.50725,25.50725,25.50725,25.50725,25.50725,25.36232,99.85507
0.1449275,55.21739,25.7971,0.1449275,99.85507,25.50725,25.50725,25.50725,25.50725,25.50725,25.50725,25.50725,25.50725,25.50725,25.50725,25.50725,25.50725,25.50725,25.50725,25.50725,25.36232,0.1449275,99.85507,99.85507,55.50725,99.85507,25.50725,25.50725,25.50725,25.50725,25.50725,25.50725,25.50725,25.36232,0.1449275,99.85507,99.85507,99.85507,55.50725,25.50725,25.50725,25.50725,25.50725,25.50725,25.50725,25.50725,25.36232,0.1449275,99.85507,99.85507
3.333333,25.21739,0,25.21739,99.85507,99.85507,99.85507,99.85507,99.85507,55.50725,25.50725,25.50725,25.50725,25.50725,25.50725,25.36232,0.1449275,99.85507,99.85507,99.85507,99.85507,99.85507,99.85507,99.85507,99.85507,99.85507,99.85507,55.50725,25.50725,25.50725,25.36232,0.1449275,99.85507,99.85507,99.85507,99.85507,99.85507,99.85507,99.85507,99.85507,99.85507,99.85507,55.50725,25.50725,25.50725,25.36232,0.1449275,99.85507,99.85507,99.85507
55.07246,0.1449275,0.1449275,25.50725,99.85507,99.85507,99.85507,99.85507,99.85507,99.85507,99.85507,99.85507,99.85507,99.85507,99.85507,99.85507,99.85507,99.85507,99.85507,99.85507,99.85507,99.85507,99.85507,99.85507,0.1449275,99.85507,99.85507,99.85507,99.85507,99.85507,99.85507,99.85507,99.85507,99.85507,99.85507,99.85507,99.85507,99.85507,99.85507,99.85507,99.85507,99.85507,99.85507,99.85507,99.85507,99.85507,99.85507,99.85507,99.85507,99.85507
25.65217,55.36232,25.36232,0.1449275,99.85507,99.85507,99.85507,99.85507,99.85507,99.85507,99.85507,99.85507,99.85507,99.85507,99.85507,99.85507,99.85507,99.85507,99.85507,99.85507,99.85507,99.85507,99.85507,99.85507,0.1449275,99.85507,99.85507,99.85507,99.85507,99.85507,99.85507,99.85507,99.85507,99.85507,99.85507,99.85507,0.1449275,99.85507,99.85507,99.85507,99.85507,99.85507,99.85507,99.85507,99.85507,99.85507,99.85507,99.85507,0.1449275,99.85507
25.50725,74.34782,25.21739,3.333333,99.85507,99.85507,99.85507,99.85507,99.85507,99.85507,99.85507,99.85507,99.85507,99.85507,99.85507,99.85507,99.85507,99.85507,99.85507,99.85507,99.85507,99.85507,99.85507,99.85507,0.1449275,99.85507,99.85507,99.85507,99.85507,99.85507,99.85507,99.85507,99.85507,99.85507,99.85507,99.85507,0.1449275,99.85507,99.85507,99.85507,99.85507,99.85507,99.85507,99.85507,99.85507,99.85507,99.85507,99.85507,0.1449275,99.85507
54.92754,25.94203,3.333333,74.2029,99.85507,99.85507,99.85507,99.85507,99.85507,99.85507,99.85507,99.85507,99.85507,99.85507,99.85507,99.85507,99.85507,99.85507,99.85507,99.85507,99.85507,99.85507,99.85507,99.85507,0.1449275,99.85507,99.85507,99.85507,99.85507,99.85507,99.85507,99.85507,99.85507,99.85507,99.85507,99.85507,0.1449275,99.85507,99.85507,99.85507,99.85507,99.85507,99.85507,99.85507,99.85507,99.85507,99.85507,99.85507,0.1449275,99.85507
3.043478,0,1.304348,0.1449275,99.85507,99.85507,99.85507,99.85507,99.85507,99.85507,99.85507,99.85507,99.85507,99.85507,99.85507,99.85507,99.85507,99.85507,99.85507,99.85507,99.85507,99.85507,99.85507,99.85507,0.1449275,99.85507,99.85507,99.85507,99.85507,99.85507,99.85507,99.85507,99.85507,99.85507,99.85507,99.85507,0.1449275,99.85507,99.85507,99.85507,99.85507,99.85507,99.85507,99.85507,99.85507,99.85507,99.85507,99.85507,0.1449275,99.85507
0,25.21739,25.94203,74.34782,99.85507,99.85507,99.85507,99.85507,99.85507,99.85507,99.85507,99.85507,99.85507,99.85507,99.85507,99.85507,99.85507,99.85507,99.85507,99.85507,99.85507,99.85507,99.85507,99.85507,0.1449275,99.85507,99.85507,99.85507,99.85507,99.85507,99.85507,99.85507,99.85507,99.85507,99.85507,99.85507,0.1449275,99.85507,99.85507,99.85507,99.85507,99.85507,99.85507,99.85507,99.85507,99.85507,99.85507,99.85507,0.1449275,99.85507
0.1449275,25.07246,0,0,99.85507,99.85507,99.85507,99.85507,99.85507,99.85507,99.85507,99.85507,99.85507,99.85507,99.85507,99.85507,99.85507,99.85507,99.85507,99.85507,99.85507,99.85507,99.85507,99.85507,0.1449275,99.85507,99.85507,99.85507,99.85507,99.85507,99.85507,99.85507,99.85507,99.85507,99.85507,99.85507,0.1449275,99.85507,99.85507,99.85507,99.85507,99.85507,99.85507,99.85507,99.85507,99.85507,99.85507,99.85507,0.1449275,99.85507
0.1449275,0,0.1449275,0,99.85507,99.85507,99.85507,99.85507,99.85507,99.85507,99.85507,99.85507,99.85507,99.85507,99.85507,99.85507,99.85507,99.85507,99.85507,99.85507,99.85507,99.85507,99.85507,99.85507,0.1449275,99.85507,99.85507,99.85507,99.85507,99.85507,99.85507,99.85507,99.85507,99.85507,99.85507,99.85507,0.1449275,99.85507,99.85507,99.85507,99.85507,99.85507,99.85507,99.85507,99.85507,99.85507,99.85507,99.85507,0.1449275,99.85507
0.1449275,3.333333,25.94203,0,99.85507,99.85507,99.85507,99.85507,99.85507,99.85507,99.85507,99.85507,99.85507,99.85507,99.85507,99.85507,99.85507,99.85507,99.85507,99.85507,99.85507,99.85507,99.85507,99.85507,0.1449275,99.85507,99.85507,99.85507,99.85507,99.85507,99.85507,99.85507,99.85507,99.85507,99.85507,99.85507,0.1449275,99.85507,99.85507,99.85507,99.85507,99.85507,99.85507,99.85507,99.85507,99.85507,99.85507,99.85507,0.1449275,99.85507
0.1449275,25.21739,1.014493,48.69565,99.85507,99.85507,99.85507,99.85507,99.85507,99.85507,99.85507,99.85507,99.85507,99.85507,99.85507,99.85507,99.85507,99.85507,99.85507,99.85507,99.85507,99.85507,99.85507,99.85507,0.1449275,99.85507,99.85507,99.85507,99.85507,99.85507,99.85507,99.85507,99.85507,99.85507,99.85507,99.85507,0.1449275,99.85507,99.85507,99.85507,99.85507,99.85507,99.85507,99.85507,99.85507,99.85507,99.85507,99.85507,0.1449275,99.85507
74.34782,48.84058,74.2029,0.1449275,99.85507,99.85507,99.85507,99.85507,99.85507,99.85507,99.85507,99.85507,99.85507,99.85507,99.85507,99.85507,99.85507,99.85507,99.85507,99.85507,99.85507,99.85507,99.85507,99.85507,0.1449275,99.85507,99.85507,99.85507,99.85507,99.85507,99.85507,99.85507,99.85507,99.85507,99.85507,99.85507,0.1449275,99.85507,99.85507,99.85507,99.85507,99.85507,99.85507,99.85507,99.85507,99.85507,99.85507,99.85507,0.1449275,99.85507
25.94203,0,25.36232,3.333333,99.85507,99.85507,99.85507,99.85507,99.85507,99.85507,99.85507,99.85507,99.85507,99.85507,99.85507,99.85507,99.85507,99.85507,99.85507,99.85507,99.85507,99.85507,99.85507,99.85507,0.1449275,99.85507,99.85507,99.85507,99.85507,99.85507,99.85507,99.85507,99.85507,99.85507,99.85507,99.85507,0.1449275,99.85507,99.85507,99.85507,99.85507,99.85507,99.85507,99.85507,99.85507,99.85507,99.85507,99.85507,0.1449275,99.85507
21.5942,0.1449275,0.1449275,0.1449275,99.85507,99.85507,99.85507,99.85507,99.85507,99.85507,99.85507,99.85507,99.85507,99.85507,99.85507,99.85507,99.85507,99.85507,99.85507,99.85507,99.85507,99.85507,99.85507,99.85507,0.1449275,99.85507,99.85507,99.85507,99.85507,99.85507,99.85507,99.85507,99.85507,99.85507,99.85507,99.85507,0.1449275,99.85507,99.85507,99.85507,99.85507,99.85507,99.85507,99.85507,99.85507,99.85507,99.85507,99.85507,0.1449275,99.85507
10.72464,25.65217,0.1449275,0.1449275,99.85507,99.85507,99.85507,99.85507,99.85507,99.85507,99.85507,99.85507,99.85507,99.85507,99.85507,99.85507,99.85507,99.85507,99.85507,99.85507,99.85507,99.85507,99.85507,99.85507,0.1449275,99.85507,99.85507,99.85507,99.85507,99.85507,99.85507,99.85507,99.85507,99.85507,99.85507,99.85507,0.1449275,99.85507,99.85507,99.85507,99.85507,99.85507,99.85507,99.85507,99.85507,99.85507,99.85507,99.85507,0.1449275,99.85507
99.85507,25.07246,0.1449275,0,99.85507,99.85507,99.85507,99.85507,99.85507,99.85507,99.85507,99.85507,99.85507,99.85507,99.85507,99.85507,99.85507,99.85507,99.85507,99.85507,99.85507,99.85507,99.85507,99.85507,0.1449275,99.85507,99.85507,99.85507,99.85507,99.85507,99.85507,99.85507,99.85507,99.85507,99.85507,99.85507,0.1449275,99.85507,99.85507,99.85507,99.85507,99.85507,99.85507,99.85507,99.85507,99.85507,99.85507,99.85507,0.1449275,99.85507
99.85507,0,54.78261,0,99.85507,99.85507,99.85507,99.85507,99.85507,99.85507,99.85507,99.85507,99.85507,99.85507,99.85507,25.50725,99.85507,99.85507,99.85507,99.85507,99.85507,99.85507,99.85507,99.85507,99.85507,0.1449275,99.85507,99.85507,99.85507,99.85507,99.85507,99.85507,99.85507,99.85507,99.85507,99.85507,99.85507,0.1449275,99.85507,99.85507,99.85507,99.85507,99.85507,99.85507,99.85507,99.85507,99.85507,99.85507,99.85507,0.1449275
99.85507,2.753623,0.1449275,0,99.85507,99.85507,99.85507,99.85507,99.85507,99.85507,99.85507,99.85507,99.85507,99.85507,99.85507,0,99.85507,99.85507,99.85507,99.85507,99.85507,99.85507,99.85507,99.85507,99.85507,0.1449275,99.85507,99.85507,99.85507,99.85507,99.85507,99.85507,99.85507,99.85507,99.85507,99.85507,99.85507,0.1449275,99.85507,99.85507,99.85507,99.85507,99.85507,99.85507,99.85507,99.85507,99.85507,99.85507,99.85507,0.1449275
99.85507,21.5942,0.1449275,4.782609,99.85507,99.85507,99.85507,99.85507,99.85507,99.85507,99.85507,99.85507,99.85507,99.85507,99.85507,55.50725,99.85507,99.85507,99.85507,99.85507,99.85507,99.85507,99.85507,99.85507,99.85507,0.1449275,99.85507,99.85507,99.85507,99.85507,99.85507,99.85507,99.85507,99.85507,99.85507,99.85507,99.85507,0.1449275,99.85507,99.85507,99.85507,99.85507,99.85507,99.85507,99.85507,99.85507,99.85507,99.85507,99.85507,0.1449275
99.85507,99.85507,0,0,99.85507,99.85507,99.85507,99.85507,99.85507,99.85507,99.85507,99.85507,99.85507,99.85507,99.85507,0,99.85507,99.85507,99.85507,99.85507,99.85507,99.85507,99.85507,99.85507,99.85507,0.1449275,99.85507,99.85507,99.85507,99.85507,99.85507,99.85507,99.85507,99.85507,99.85507,99.85507,99.85507,0.1449275,99.85507,99.85507,99.85507,99.85507,99.85507,99.85507,99.85507,99.85507,99.85507,99.85507,99.85507,0.1449275
99.85507,99.85507,0.1449275,99.85507,99.85507,99.85507,99.85507,99.85507,99.85507,99.85507,99.85507,99.85507,99.85507,99.85507,54.92754,0,99.85507,99.85507,99.85507,99.85507,99.85507,99.85507,99.85507,99.85507,99.85507,99.85507,0.1449275,99.85507,99.85507,99.85507,99.85507,99.85507,99.85507,99.85507,99.85507,99.85507,99.85507,99.85507,0.1449275,99.85507,99.85507,99.85507,99.85507,99.85507,99.85507,99.85507,99.85507,99.85507,99.85507,99.85507
99.85507,99.85507,0,99.85507,99.85507,99.85507,99.85507,99.85507,99.85507,99.85507,99.85507,99.85507,99.85507,48.98551,1.15942,55.07246,99.85507,99.85507,99.85507,99.85507,99.85507,99.85507,99.85507,99.85507,99.85507,99.85507,99.85507,0.1449275,99.85507,99.85507,99.85507,99.85507,99.85507,99.85507,99.85507,99.85507,99.85507,99.85507,99.85507,0.1449275,99.85507,99.85507,99.85507,99.85507,99.85507,99.85507,99.85507,99.85507,99.85507,99.85507
99.85507,99.85507,0,99.85507,99.85507,99.85507,99.85507,99.85507,99.85507,99.85507,99.85507,99.85507,99.85507,0,0,0,99.85507,99.85507,99.85507,99.85507,99.85507,99.85507,99.85507,99.85507,99.85507,99.85507,99.85507,0.1449275,99.85507,99.85507,99.85507,99.85507,99.85507,99.85507,99.85507,99.85507,99.85507,99.85507,99.85507,0.1449275,99.85507,99.85507,99.85507,99.85507,99.85507,99.85507,99.85507,99.85507,99.85507,99.85507
99.85507,99.85507,25.36232,99.85507,99.85507,99.85507,99.85507,99.85507,99.85507,99.85507,99.85507,99.85507,99.85507,99.85507,99.85507,0,99.85507,99.85507,99.85507,99.85507,99.85507,99.85507,99.85507,99.85507,99.85507,99.85507,99.85507,0.1449275,99.85507,99.85507,99.85507,99.85507,99.85507,99.85507,99.85507,99.85507,99.85507,99.85507,99.85507,0.1449275,99.85507,99.85507,99.85507,99.85507,99.85507,99.85507,99.85507,99.85507,99.85507,99.85507
99.85507,99.85507,0.1449275,99.85507,99.85507,99.85507,99.85507,99.85507,99.85507,99.85507,99.85507,99.85507,99.85507,99.85507,99.85507,99.85507,99.85507,99.85507,99.85507,99.85507,99.85507,99.85507,99.85507,99.85507,99.85507,99.85507,99.85507,0.1449275,99.85507,99.85507,99.85507,99.85507,99.85507,99.85507,99.85507,99.85507,99.85507,99.85507,99.85507,0.1449275,99.85507,99.85507,99.85507,99.85507,99.85507,99.85507,99.85507,99.85507,99.85507,99.85507
99.85507,99.85507,0,99.85507,99.85507,99.85507,99.85507,99.85507,99.85507,99.85507,99.85507,99.85507,99.85507,0.1449275,1.014493,74.34782,99.85507,99.85507,99.85507,99.85507,99.85507,99.85507,99.85507,99.85507,99.85507,99.85507,99.85507,0.1449275,99.85507,99.85507,99.85507,99.85507,99.85507,99.85507,99.85507,99.85507,99.85507,99.85507,99.85507,0.1449275,99.85507,99.85507,99.85507,99.85507,99.85507,99.85507,99.85507,99.85507,99.85507,99.85507
99.85507,99.85507,24.78261,99.85507,99.85507,99.85507,99.85507,99.85507,99.85507,99.85507,99.85507,99.85507,99.85507,0,0,24.63768,99.85507,99.85507,99.85507,99.85507,99.85507,99.85507,99.85507,99.85507,99.85507,99.85507,99.85507,0.1449275,99.85507,99.85507,99.85507,99.85507,99.85507,99.85507,99.85507,99.85507,99.85507,99.85507,99.85507,0.1449275,99.85507,99.85507,99.85507,99.85507,99.85507,99.85507,99.85507,99.85507,99.85507,99.85507
99.85507,99.85507,21.5942,99.85507,99.85507,99.85507,99.85507,99.85507,99.85507,99.85507,99.85507,99.85507,99.85507,0,0,99.85507,99.85507,99.85507,99.85507,99.85507,99.85507,99.85507,99.85507,99.85507,99.85507,99.85507,99.85507,0.1449275,99.85507,99.85507,99.85507,99.85507,99.85507,99.85507,99.85507,99.85507,99.85507,99.85507,99.85507,0.1449275,99.85507,99.85507,99.85507,99.85507,99.85507,99.85507,99.85507,99.85507,99.85507,99.85507
99.85507,99.85507,1.15942,99.85507,99.85507,99.85507,99.85507,99.85507,99.85507,99.85507,99.85507,99.85507,99.85507,0,0,25.7971,99.85507,99.85507,99.85507,99.85507,99.85507,99.85507,99.85507,99.85507,99.85507,99.85507,99.85507,0.1449275,99.85507,99.85507,99.85507,99.85507,99.85507,99.85507,99.85507,99.85507,99.85507,99.85507,99.85507,0.1449275,99.85507,99.85507,99.85507,99.85507,99.85507,99.85507,99.85507,99.85507,99.85507,99.85507
99.85507,99.85507,0,99.85507,99.85507,99.85507,99.85507,99.85507,99.85507,99.85507,99.85507,99.85507,99.85507,99.85507,2.463768,21.5942,99.85507,99.85507,99.85507,99.85507,99.85507,99.85507,99.85507,99.85507,99.85507,99.85507,99.85507,0.1449275,99.85507,99.85507,99.85507,99.85507,99.85507,99.85507,99.85507,99.85507,99.85507,99.85507,99.85507,0.1449275,99.85507,99.85507,99.85507,99.85507,99.85507,99.85507,99.85507,99.85507,99.85507,99.85507
99.85507,99.85507,0,99.85507,99.85507,99.85507,99.85507,99.85507,99.85507,99.85507,99.85507,99.85507,99.85507,99.85507,99.85507,25.50725,99.85507,99.85507,99.85507,99.85507,99.85507,99.85507,99.85507,99.85507,99.85507,99.85507,99.85507,0.1449275,99.85507,99.85507,99.85507,99.85507,99.85507,99.85507,99.85507,99.85507,99.85507,99.85507,99.85507,0.1449275,99.85507,99.85507,99.85507,99.85507,99.85507,99.85507,99.85507,99.85507,99.85507,99.85507
99.85507,99.85507,0,99.85507,99.85507,99.85507,99.85507,99.85507,99.85507,99.85507,99.85507,99.85507,99.85507,0,25.21739,0,99.85507,99.85507,99.85507,99.85507,99.85507,99.85507,99.85507,99.85507,99.85507,99.85507,99.85507,0.1449275,99.85507,99.85507,99.85507,99.85507,99.85507,99.85507,99.85507,99.85507,99.85507,99.85507,99.85507,0.1449275,99.85507,99.85507,99.85507,99.85507,99.85507,99.85507,99.85507,99.85507,99.85507,99.85507
99.85507,99.85507,54.92754,99.85507,99.85507,99.85507,99.85507,99.85507,99.85507,99.85507,99.85507,99.85507,99.85507,99.85507,0,0,99.85507,99.85507,99.85507,99.85507,99.85507,99.85507,99.85507,99.85507,99.85507,99.85507,99.85507,0.1449275,99.85507,99.85507,99.85507,99.85507,99.85507,99.85507,99.85507,99.85507,99.85507,99.85507,99.85507,0.1449275,99.85507,99.85507,99.85507,99.85507,99.85507,99.85507,99.85507,99.85507,99.85507,99.85507
99.85507,99.85507,74.2029,99.85507,99.85507,99.85507,99.85507,99.85507,99.85507,99.85507,99.85507,99.85507,99.85507,74.2029,0,24.78261,99.85507,99.85507,99.85507,99.85507,99.85507,99.85507,99.85507,99.85507,99.85507,99.85507,99.85507,0.1449275,99.85507,99.85507,99.85507,99.85507,99.85507,99.85507,99.85507,99.85507,99.85507,99.85507,99.85507,0.1449275,99.85507,99.85507,99.85507,99.85507,99.85507,99.85507,99.85507,99.85507,99.85507,99.85507
99.85507,99.85507,99.85507,99.85507,99.85507,99.85507,99.85507,99.85507,99.85507,99.85507,99.85507,99.85507,99.85507,25.50725,0,48.69565,99.85507,99.85507,99.85507,99.85507,99.85507,99.85507,99.85507,99.85507,99.85507,99.85507,99.85507,0.1449275,99.85507,99.85507,99.85507,99.85507,99.85507,99.85507,99.85507,99.85507,99.85507,99.85507,99.85507,0.1449275,99.85507,99.85507,99.85507,99.85507,99.85507,99.85507,99.85507,99.85507,99.85507,99.85507
99.85507,99.85507,99.85507,99.85507,99.85507,99.85507,99.85507,99.85507,99.85507,99.85507,99.85507,99.85507,25.21739,0.1449275,26.08696,0,0.1449275,99.85507,99.85507,99.85507,99.85507,99.85507,99.85507,99.85507,99.85507,99.85507,99.85507,99.85507,0.1449275,99.85507,99.85507,99.85507,99.85507,99.85507,99.85507,99.85507,99.85507,99.85507,99.85507,99.85507,0.1449275,99.85507,99.85507,99.85507,99.85507,99.85507,99.85507,99.85507,99.85507,99.85507
99.85507,99.85507,99.85507,99.85507,99.85507,99.85507,99.85507,99.85507,99.85507,99.85507,99.85507,99.85507,0,0,0,55.36232,0.1449275,99.85507,99.85507,99.85507,99.85507,99.85507,99.85507,99.85507,99.85507,99.85507,99.85507,99.85507,0.1449275,99.85507,99.85507,99.85507,99.85507,99.85507,99.85507,99.85507,99.85507,99.85507,99.85507,99.85507,0.1449275,99.85507,99.85507,99.85507,99.85507,99.85507,99.85507,99.85507,99.85507,99.85507
99.85507,99.85507,99.85507,99.85507,99.85507,99.85507,99.85507,99.85507,99.85507,99.85507,99.85507,99.85507,55.07246,0,48.69565,99.85507,0.1449275,99.85507,99.85507,99.85507,99.85507,99.85507,99.85507,99.85507,99.85507,99.85507,99.85507,99.85507,0.1449275,99.85507,99.85507,99.85507,99.85507,99.85507,99.85507,99.85507,99.85507,99.85507,99.85507,99.85507,0.1449275,99.85507,99.85507,99.85507,99.85507,99.85507,99.85507,99.85507,99.85507,99.85507
