85.91549,3.661972,2.253521,2.253521,2.253521,2.253521,2.253521,2.253521,0,0,0,0
25.94203,1.304348,0.7246377,1.449275,0.7246377,0.7246377,1.449275,0.7246377,0,0,0,0
23.66149,5.181347,1.899827,2.763385,1.899827,1.899827,2.763385,1.899827,0,0,0,0
99.72527,4.120879,12.36264,12.91209,12.36264,12.36264,12.91209,12.36264,0.2747253,0.2747253,0.5494506,0.2747253
45.78313,3.915663,2.409639,2.409639,2.409639,2.409639,2.409639,2.409639,0,0,0,0
85.91549,85.91549,85.91549,85.91549,85.91549,85.91549,85.91549,85.91549,85.91549,85.91549,85.91549,85.91549
25.94203,25.94203,25.94203,25.94203,25.94203,25.94203,25.94203,25.94203,25.94203,25.94203,25.94203,25.94203
23.66149,23.66149,23.66149,23.66149,23.66149,23.66149,23.66149,23.66149,23.66149,23.66149,23.66149,23.66149
99.72527,99.72527,99.72527,99.72527,99.72527,99.72527,99.72527,99.72527,99.72527,99.72527,99.72527,99.72527
45.78313,45.78313,45.78313,45.78313,45.78313,45.78313,45.78313,45.78313,45.78313,45.78313,45.78313,45.78313
85.91549,85.91549,85.91549,85.91549,85.91549,85.91549,85.91549,85.91549,85.91549,85.91549,85.91549,85.91549
25.94203,25.94203,25.94203,25.94203,25.94203,25.94203,25.94203,25.94203,25.94203,25.94203,25.94203,25.94203
23.66149,23.66149,23.66149,23.66149,23.66149,23.66149,23.66149,23.66149,23.66149,23.66149,23.66149,23.66149
99.72527,99.72527,99.72527,99.72527,99.72527,99.72527,99.72527,99.72527,99.72527,99.72527,99.72527,99.72527
45.78313,45.78313,45.78313,45.78313,45.78313,45.78313,45.78313,45.78313,45.78313,45.78313,45.78313,45.78313
99.43662,85.91549,85.91549,85.91549,85.91549,85.91549,85.91549,85.91549,85.91549,85.91549,85.91549,85.91549
25.65217,26.52174,25.94203,25.94203,25.94203,25.94203,25.94203,25.94203,25.94203,25.94203,25.94203,25.94203
23.66149,23.8342,23.66149,23.66149,23.66149,23.66149,23.66149,23.66149,23.66149,23.66149,23.66149,23.66149
99.45055,99.45055,99.72527,99.72527,99.72527,99.72527,99.72527,99.72527,99.72527,99.72527,99.72527,99.72527
35.84337,99.69879,45.78313,45.78313,45.78313,45.78313,45.78313,45.78313,45.78313,45.78313,45.78313,45.78313
99.43662,85.91549,85.91549,85.91549,85.91549,85.91549,85.91549,85.91549,85.91549,85.91549,85.91549,85.91549
25.65217,26.52174,25.94203,25.94203,25.94203,25.94203,25.94203,25.94203,25.94203,25.94203,25.94203,25.94203
23.66149,23.8342,23.66149,23.66149,23.66149,23.66149,23.66149,23.66149,23.66149,23.66149,23.66149,23.66149
99.45055,99.45055,99.72527,99.72527,99.72527,99.72527,99.72527,99.72527,99.72527,99.72527,99.72527,99.72527
35.84337,99.69879,45.78313,45.78313,45.78313,45.78313,45.78313,45.78313,45.78313,45.78313,45.78313,45.78313
99.43662,99.43662,99.43662,90.98592,90.98592,90.98592,90.98592,90.98592,90.98592,90.98592,90.98592,90.98592
25.65217,25.7971,99.85507,25.21739,25.21739,25.21739,25.21739,25.21739,25.21739,25.21739,25.21739,25.21739
23.66149,23.8342,24.87047,23.48877,23.48877,23.48877,23.48877,23.48877,23.48877,23.48877,23.48877,23.48877
99.45055,99.45055,99.72527,54.67033,54.67033,54.67033,54.67033,54.67033,54.67033,54.67033,54.67033,54.67033
35.84337,46.38554,99.69879,35.54217,35.54217,35.54217,35.54217,35.54217,35.54217,35.54217,35.54217,35.54217
99.43662,99.43662,99.43662,99.43662,99.43662,99.43662,99.43662,99.43662,99.43662,99.43662,90.98592,90.98592
25.65217,25.7971,99.85507,25.21739,74.05797,25.36232,74.63768,99.85507,25.36232,25.36232,25.21739,25.21739
23.66149,23.8342,24.87047,23.48877,23.66149,23.31606,24.35233,99.82729,23.31606,23.31606,23.48877,23.48877
99.45055,99.45055,99.72527,80.49451,99.72527,99.45055,99.72527,99.72527,99.45055,99.45055,54.67033,54.67033
35.84337,46.38554,99.69879,35.54217,99.69879,36.14458,99.69879,99.69879,36.14458,36.14458,35.54217,35.54217
99.71831,99.71831,99.71831,99.71831,99.71831,99.71831,99.71831,99.71831,99.71831,99.71831,99.71831,99.71831
56.08696,74.34782,55.50725,74.34782,55.50725,55.50725,55.50725,55.50725,74.34782,55.50725,55.50725,55.50725
99.65458,24.00691,99.65458,24.00691,99.65458,99.65458,99.65458,99.65458,24.00691,99.65458,99.65458,99.65458
99.72527,99.45055,99.45055,99.45055,99.45055,99.45055,99.45055,99.45055,99.45055,99.45055,99.45055,99.45055
99.69879,99.69879,99.69879,99.69879,99.69879,99.69879,99.69879,99.69879,99.69879,99.69879,99.69879,99.69879
99.71831,99.71831,99.71831,99.71831,99.71831,99.71831,99.71831,99.71831,99.71831,99.71831,99.71831,99.71831
56.08696,55.50725,55.50725,74.34782,55.50725,55.50725,55.50725,55.50725,55.50725,55.50725,74.34782,74.34782
99.65458,99.65458,99.65458,24.00691,99.65458,99.65458,99.65458,99.65458,99.65458,99.65458,24.00691,24.00691
99.72527,99.45055,99.45055,99.45055,99.45055,99.45055,99.45055,99.45055,99.45055,99.45055,99.45055,99.45055
99.69879,99.69879,99.69879,99.69879,99.69879,99.69879,99.69879,99.69879,99.69879,99.69879,99.69879,99.69879
99.71831,99.71831,99.71831,99.71831,99.71831,99.71831,99.71831,99.71831,99.71831,99.71831,99.71831,99.71831
56.08696,55.65217,25.50725,55.50725,55.50725,74.34782,55.50725,55.50725,55.50725,55.50725,55.50725,55.50725
99.65458,99.65458,24.00691,99.65458,99.65458,24.00691,99.65458,99.65458,99.65458,99.65458,99.65458,99.65458
99.72527,99.45055,99.45055,99.45055,99.45055,99.45055,99.45055,99.45055,99.45055,99.45055,99.45055,99.45055
99.69879,99.69879,99.69879,99.69879,99.69879,99.69879,99.69879,99.69879,99.69879,99.69879,99.69879,99.69879
99.71831,99.71831,99.71831,99.71831,99.71831,99.71831,99.71831,99.71831,99.71831,99.71831,99.71831,99.71831
56.08696,55.65217,25.50725,55.50725,55.50725,74.34782,55.50725,55.50725,55.50725,55.50725,55.50725,55.50725
99.65458,99.65458,24.00691,99.65458,99.65458,24.00691,99.65458,99.65458,99.65458,99.65458,99.65458,99.65458
99.72527,99.45055,99.45055,99.45055,99.45055,99.45055,99.45055,99.45055,99.45055,99.45055,99.45055,99.45055
99.69879,99.69879,99.69879,99.69879,99.69879,99.69879,99.69879,99.69879,99.69879,99.69879,99.69879,99.69879
99.71831,99.71831,99.71831,99.71831,99.71831,99.71831,99.71831,99.71831,99.71831,99.71831,99.71831,99.71831
56.08696,99.85507,24.78261,55.65217,25.50725,55.50725,55.50725,74.34782,55.50725,55.50725,55.50725,55.50725
99.65458,24.52504,23.48877,99.65458,24.00691,99.65458,99.65458,24.00691,99.65458,99.65458,99.65458,99.65458
99.72527,99.45055,99.72527,99.45055,99.45055,99.45055,99.45055,99.45055,99.45055,99.45055,99.45055,99.45055
99.69879,99.69879,35.54217,99.69879,99.69879,99.69879,99.69879,99.69879,99.69879,99.69879,99.69879,99.69879
99.71831,99.71831,99.71831,99.71831,99.71831,99.71831,99.71831,99.71831,99.71831,99.71831,99.71831,99.71831
56.08696,99.85507,24.78261,55.65217,25.50725,55.50725,55.50725,74.34782,55.50725,55.50725,55.50725,55.50725
99.65458,24.52504,23.48877,99.65458,24.00691,99.65458,99.65458,24.00691,99.65458,99.65458,99.65458,99.65458
99.72527,99.45055,99.72527,99.45055,99.45055,99.45055,99.45055,99.45055,99.45055,99.45055,99.45055,99.45055
99.69879,99.69879,35.54217,99.69879,99.69879,99.69879,99.69879,99.69879,99.69879,99.69879,99.69879,99.69879
99.71831,99.71831,99.71831,99.71831,99.71831,99.71831,99.71831,99.71831,99.71831,99.71831,99.71831,99.71831
56.08696,99.85507,24.78261,55.65217,25.50725,55.50725,55.50725,74.34782,55.50725,55.50725,55.50725,55.50725
99.65458,24.52504,23.48877,99.65458,24.00691,99.65458,99.65458,24.00691,99.65458,99.65458,99.65458,99.65458
99.72527,99.45055,99.72527,99.45055,99.45055,99.45055,99.45055,99.45055,99.45055,99.45055,99.45055,99.45055
99.69879,99.69879,35.54217,99.69879,99.69879,99.69879,99.69879,99.69879,99.69879,99.69879,99.69879,99.69879
