0.1643192
0.7729468
1.583189
2.747253
0.1757028
0.2816902
1.123188
3.770869
3.044872
0.3012048
10.02347
21.28019
7.44099
10.02747
10.69277
26.19718
21.73913
7.944732
11.26374
27.71084
26.22066
21.73913
7.973517
11.33242
27.73594
26.29108
21.75121
8.016695
11.4011
27.78614
41.05634
30.1087
12.00345
33.31044
45.70783
99.57746
93.4058
61.94588
99.54212
99.69879
99.71831
89.67391
24.36672
99.65659
99.69879
99.71831
81.35265
24.32355
99.65659
99.69879
99.71831
75.18116
24.28037
99.6337
99.69879
99.71831
75.18116
24.28037
99.6337
99.69879
99.71831
75.18116
24.28037
99.6337
99.69879
99.71831
75.18116
24.28037
99.6337
99.69879
