0.03943662
0.03943662
0.03943662
0.04507042
0.05070423
0.06760564
0.08450704
0.1183099
0.7774648
2.152113
6.68169
7.290141
7.673239
9.442253
13.46479
24.28732
24.39437
24.27042
24.63099
21.61127
21.48169
21.76338
21.9831
21.56056
21.48169
21.47606
22.47887
21.47042
21.97746
21.62817
21.74648
22.12958
24.70423
38.60282
75.78028
88.15211
96.88451
88.86761
83.67887
72.66479
70.14648
79.64507
85.09859
85.75211
84.68732
83.74648
80.37183
82.61972
83.19437
82.98592
82.98028
79.85352
81.27324
86.55775
84.85071
80.87324
82.57465
82.92958
84.89577
84.67043
82.59155
84.91267
84.56902
84.65916
84.66479
83.2169
84.70422
84.67606
84.57465
