0,0,0,0,0,0,0,0,0,0,0,0,0,0,0.2816902,0,0,0,0,0,0,0,0,0,0,0,0.2816902,0,0,0.2816902,0.2816902,0,0,0,0,0,0,0,0,0,0,0,0,0.2816902,0,0.2816902,0,0,0,0
1.15942,2.463768,0.2898551,0.4347826,3.478261,0.4347826,1.014493,0,0,0,0,0
4.835924,0.6908463,0.6908463,0.6908463,7.081174,0.8635579,4.145078,0,0,0,0,0
3.296703,3.571429,3.846154,3.846154,9.340659,4.67033,2.747253,0.2747253,0.5494506,0.2747253,0.2747253,0.2747253
0.3012048,0.3012048,0.3012048,0.3012048,0.3012048,0.3012048,0.3012048,0,0,0,0,0
0,0,0,0,0,0,0,0,0,0,0,0,0.2816902,0,0.2816902,0,0,0.2816902,0.2816902,0,0.2816902,0,0.2816902,0,0,0,0.2816902,0,0.2816902,0.2816902,0.2816902,0,0,0.2816902,0,0.2816902,0.2816902,0,0,0.2816902,0,0,0,0.2816902,0,0.2816902,0,0,0,0.2816902
0.2898551,1.15942,1.15942,1.15942,1.15942,2.463768,1.15942,1.15942,1.15942,1.15942,0.2898551,1.15942
0.3454231,4.835924,4.835924,4.835924,4.835924,0.6908463,4.835924,4.835924,4.835924,4.835924,0.6908463,4.835924
3.296703,3.296703,3.296703,2.747253,2.747253,3.571429,2.747253,2.747253,2.747253,2.747253,3.846154,2.747253
0.3012048,0.3012048,0.3012048,0.3012048,0.3012048,0.3012048,0.3012048,0.3012048,0.3012048,0.3012048,0.3012048,0.3012048
0,0,0,0,0,0,0,0,0,0,0,0,8.169014,8.169014,8.169014,0,8.169014,8.169014,8.169014,8.169014,8.169014,8.169014,8.169014,9.577465,0.2816902,8.169014,8.169014,8.169014,8.169014,8.169014,8.169014,8.169014,8.169014,8.169014,8.169014,9.577465,0.2816902,8.169014,8.169014,8.169014,8.169014,8.169014,8.169014,8.169014,8.169014,8.169014,8.169014,9.577465,0.2816902,8.169014
21.73913,21.44928,21.44928,21.44928,21.15942,21.15942,21.15942,21.15942,21.15942,21.15942,21.15942,21.15942
7.944732,7.772021,7.772021,7.772021,7.253886,7.253886,7.253886,7.253886,7.253886,7.253886,7.253886,7.253886
11.26374,10.71429,10.71429,10.71429,9.615385,9.615385,9.615385,9.615385,9.615385,9.615385,9.615385,9.615385
27.71084,10.24096,10.24096,10.24096,8.73494,8.73494,8.73494,8.73494,8.73494,8.73494,8.73494,8.73494
0,0,0,0,0,0,0,0,0,0,0,0,26.19718,26.19718,26.19718,26.19718,26.19718,26.19718,26.19718,26.19718,26.19718,26.19718,26.19718,26.19718,26.19718,26.19718,26.19718,26.19718,26.19718,26.19718,26.19718,26.19718,26.19718,26.19718,26.19718,26.19718,26.19718,26.19718,26.19718,26.19718,26.19718,26.19718,26.19718,26.19718,26.19718,26.19718,26.19718,26.19718,26.19718,26.19718
21.73913,21.73913,21.73913,21.73913,21.73913,21.73913,21.73913,21.73913,21.73913,21.73913,21.73913,21.73913
7.944732,7.944732,7.944732,7.944732,7.944732,7.944732,7.944732,7.944732,7.944732,7.944732,7.944732,7.944732
11.26374,11.26374,11.26374,11.26374,11.26374,11.26374,11.26374,11.26374,11.26374,11.26374,11.26374,11.26374
27.71084,27.71084,27.71084,27.71084,27.71084,27.71084,27.71084,27.71084,27.71084,27.71084,27.71084,27.71084
0,0,0,0,0,0,0,0,0,0,0,0,26.19718,26.19718,26.19718,0,26.19718,26.19718,26.19718,26.19718,26.19718,26.19718,26.19718,8.169014,0.2816902,26.19718,26.19718,26.19718,26.19718,26.19718,26.19718,26.19718,26.19718,26.19718,26.19718,8.169014,0.2816902,26.19718,26.19718,26.19718,26.19718,26.19718,26.19718,26.19718,26.19718,26.19718,26.19718,8.169014,0.2816902,26.19718
21.73913,21.73913,21.73913,21.73913,21.73913,21.73913,21.73913,21.73913,21.73913,21.73913,21.73913,21.73913
8.290155,7.944732,7.944732,7.944732,7.944732,7.944732,7.944732,7.944732,7.944732,7.944732,7.944732,7.944732
12.08791,11.26374,11.26374,11.26374,11.26374,11.26374,11.26374,11.26374,11.26374,11.26374,11.26374,11.26374
28.01205,27.71084,27.71084,27.71084,27.71084,27.71084,27.71084,27.71084,27.71084,27.71084,27.71084,27.71084
0,0,0,0,0,0,0,0,0,0,0,0,26.19718,26.19718,0,0,26.19718,26.19718,26.19718,26.19718,26.19718,26.19718,26.19718,8.169014,25.91549,0.2816902,26.19718,26.19718,26.19718,26.19718,26.19718,26.19718,26.19718,26.19718,26.19718,8.169014,25.91549,0.2816902,26.19718,26.19718,26.19718,26.19718,26.19718,26.19718,26.19718,26.19718,26.19718,8.169014,25.91549,0.2816902
21.88406,21.73913,21.73913,21.73913,21.73913,21.73913,21.73913,21.73913,21.73913,21.73913,21.73913,21.73913
8.462867,8.290155,7.944732,7.944732,7.944732,7.944732,7.944732,7.944732,7.944732,7.944732,7.944732,7.944732
12.08791,12.08791,11.26374,11.26374,11.26374,11.26374,11.26374,11.26374,11.26374,11.26374,11.26374,11.26374
28.31325,28.01205,27.71084,27.71084,27.71084,27.71084,27.71084,27.71084,27.71084,27.71084,27.71084,27.71084
0,0,0,0,0,0,0,0,0,0,0,0,26.19718,26.19718,32.95774,0,26.19718,26.19718,26.19718,26.19718,26.19718,26.19718,26.19718,0.2816902,85.6338,0.2816902,26.19718,26.19718,26.19718,26.19718,26.19718,26.19718,26.19718,26.19718,26.19718,0.2816902,85.6338,0.2816902,26.19718,26.19718,26.19718,26.19718,26.19718,26.19718,26.19718,26.19718,26.19718,0.2816902,85.6338,0.2816902
55.21739,55.21739,55.21739,21.73913,21.73913,21.73913,21.73913,21.73913,21.73913,21.73913,21.73913,21.73913
24.17962,24.17962,24.17962,7.944732,7.944732,7.944732,7.944732,7.944732,7.944732,7.944732,7.944732,7.944732
99.45055,99.45055,99.45055,11.26374,11.26374,11.26374,11.26374,11.26374,11.26374,11.26374,11.26374,11.26374
99.69879,99.69879,99.69879,27.71084,27.71084,27.71084,27.71084,27.71084,27.71084,27.71084,27.71084,27.71084
0,0,0,0,0,0,0,0,0,0,0,0,99.43662,99.43662,99.43662,0,99.43662,99.43662,99.43662,99.43662,99.43662,99.43662,99.43662,99.71831,0,88.45071,99.43662,99.43662,99.43662,99.43662,99.43662,99.43662,99.43662,99.43662,99.43662,99.71831,0,88.45071,99.43662,99.43662,99.43662,99.43662,99.43662,99.43662,99.43662,99.43662,99.43662,99.71831,0,88.45071
73.91304,74.05797,74.2029,99.85507,99.85507,99.85507,99.85507,99.85507,99.85507,99.85507,99.85507,99.85507
23.8342,24.00691,24.00691,24.52504,24.52504,24.52504,99.65458,99.65458,99.65458,99.65458,99.65458,99.65458
99.45055,99.45055,99.72527,99.72527,99.72527,99.72527,99.45055,99.45055,99.45055,99.45055,99.45055,99.45055
99.69879,99.69879,99.69879,99.69879,99.69879,99.69879,99.69879,99.69879,99.69879,99.69879,99.69879,99.69879
0,0,0,0,0,0,0,0,0,0,0,0,99.71831,99.71831,99.71831,0,99.71831,99.71831,99.71831,99.71831,99.71831,99.71831,99.71831,99.71831,0,99.71831,0,99.71831,99.71831,99.71831,99.71831,99.71831,99.71831,99.71831,99.71831,99.71831,0,99.71831,0,99.71831,99.71831,99.71831,99.71831,99.71831,99.71831,99.71831,99.71831,99.71831,0,99.71831
73.91304,74.05797,74.2029,55.07246,99.85507,99.85507,99.85507,99.85507,99.85507,99.85507,99.85507,99.85507
23.8342,24.00691,24.00691,24.35233,24.52504,24.52504,24.52504,24.52504,24.52504,24.52504,24.52504,24.52504
99.45055,99.45055,99.72527,99.45055,99.72527,99.72527,99.72527,99.72527,99.72527,99.72527,99.72527,99.72527
99.69879,99.69879,99.69879,99.69879,99.69879,99.69879,99.69879,99.69879,99.69879,99.69879,99.69879,99.69879
0,0,0,0,0,0,0,0,0,0,0,0,99.71831,85.07042,85.91549,0,57.1831,99.71831,99.71831,99.71831,99.71831,99.71831,99.71831,99.71831,99.43662,0,99.71831,0,57.1831,99.71831,99.71831,99.71831,99.71831,99.71831,99.71831,99.71831,99.43662,0,99.71831,0,57.1831,99.71831,99.71831,99.71831,99.71831,99.71831,99.71831,99.71831,99.43662,0
73.91304,25.36232,74.05797,74.2029,74.49275,55.07246,99.85507,99.85507,99.85507,99.85507,99.85507,99.85507
23.8342,24.17962,24.00691,24.00691,24.35233,24.35233,24.52504,24.52504,24.52504,24.52504,24.52504,24.52504
99.45055,99.72527,99.45055,99.72527,99.72527,99.45055,99.72527,99.72527,99.72527,99.72527,99.72527,99.72527
99.69879,99.69879,99.69879,99.69879,99.69879,99.69879,99.69879,99.69879,99.69879,99.69879,99.69879,99.69879
0,0,0,0,0,0,0,0,0,0,0,0,99.71831,0.2816902,3.661972,0,57.1831,99.71831,99.71831,99.71831,99.71831,99.71831,99.71831,99.71831,99.43662,0,99.71831,0,57.1831,99.71831,99.71831,99.71831,99.71831,99.71831,99.71831,99.71831,99.43662,0,99.71831,0,57.1831,99.71831,99.71831,99.71831,99.71831,99.71831,99.71831,99.71831,99.43662,0
73.91304,25.36232,74.05797,74.2029,74.49275,25.7971,55.07246,99.85507,99.85507,99.85507,99.85507,99.85507
23.8342,24.17962,24.00691,24.00691,24.35233,24.00691,24.35233,24.52504,24.52504,24.52504,24.52504,24.52504
99.45055,99.72527,99.45055,99.72527,99.72527,99.45055,99.45055,99.72527,99.72527,99.72527,99.72527,99.72527
99.69879,99.69879,99.69879,99.69879,99.69879,99.69879,99.69879,99.69879,99.69879,99.69879,99.69879,99.69879
0,0,0,0,0,0,0,0,0,0,0,0,99.43662,0.2816902,0,3.098592,99.43662,85.35211,99.71831,99.71831,99.71831,99.71831,99.71831,99.71831,99.43662,0,99.71831,0,99.43662,85.35211,99.71831,99.71831,99.71831,99.71831,99.71831,99.71831,99.43662,0,99.71831,0,99.43662,85.35211,99.71831,99.71831,99.71831,99.71831,99.71831,99.71831,99.43662,0
73.91304,25.36232,74.05797,74.2029,74.49275,25.7971,55.07246,99.85507,99.85507,99.85507,99.85507,99.85507
23.8342,24.17962,24.00691,24.00691,24.35233,24.00691,24.35233,24.52504,24.52504,24.52504,24.52504,24.52504
99.45055,99.72527,99.45055,99.72527,99.72527,99.45055,99.45055,99.72527,99.72527,99.72527,99.72527,99.72527
99.69879,99.69879,99.69879,99.69879,99.69879,99.69879,99.69879,99.69879,99.69879,99.69879,99.69879,99.69879
0,0,0,0,0,0,0,0,0,0,0,0,0,0,85.35211,99.43662,99.43662,85.35211,99.71831,99.71831,99.71831,99.71831,99.71831,99.71831,99.43662,0,99.71831,0,99.43662,85.35211,99.71831,99.71831,99.71831,99.71831,99.71831,99.71831,99.43662,0,99.71831,0,99.43662,85.35211,99.71831,99.71831,99.71831,99.71831,99.71831,99.71831,99.43662,0
73.91304,25.36232,74.05797,74.2029,74.49275,25.7971,55.07246,99.85507,99.85507,99.85507,99.85507,99.85507
23.8342,24.17962,24.00691,24.00691,24.35233,24.00691,24.35233,24.52504,24.52504,24.52504,24.52504,24.52504
99.45055,99.72527,99.45055,99.72527,99.72527,99.45055,99.45055,99.72527,99.72527,99.72527,99.72527,99.72527
99.69879,99.69879,99.69879,99.69879,99.69879,99.69879,99.69879,99.69879,99.69879,99.69879,99.69879,99.69879
0,0,0,0,0,0,0,0,0,0,0,0,0,0,99.71831,90.42254,99.43662,85.35211,99.71831,99.71831,99.71831,99.71831,99.71831,99.71831,99.43662,0,99.71831,0,99.43662,85.35211,99.71831,99.71831,99.71831,99.71831,99.71831,99.71831,99.43662,0,99.71831,0,99.43662,85.35211,99.71831,99.71831,99.71831,99.71831,99.71831,99.71831,99.43662,0
73.91304,25.36232,74.05797,74.2029,74.49275,25.7971,55.07246,99.85507,99.85507,99.85507,99.85507,99.85507
23.8342,24.17962,24.00691,24.00691,24.35233,24.00691,24.35233,24.52504,24.52504,24.52504,24.52504,24.52504
99.45055,99.72527,99.45055,99.72527,99.72527,99.45055,99.45055,99.72527,99.72527,99.72527,99.72527,99.72527
99.69879,99.69879,99.69879,99.69879,99.69879,99.69879,99.69879,99.69879,99.69879,99.69879,99.69879,99.69879
