0.6647887
0.6028169
3.352113
6.219718
19.52676
40.92394
84.07324
79.53802
76.87888
90.69296
99.12676
97.52113
99.12676
93.12676
93.96619
91.66197
93.12112
92.99155
91.14366
98.25352
97.34648
95.50423
94.85634
94.55212
97.10423
88.94084
84.95775
91.17747
88.67043
86.95211
87.01408
86.67606
86.61972
88.60845
88.88451
90.60281
86.89014
86.93521
88.61408
88.90141
85.31831
83.10986
85.05916
81.33521
86.45634
86.27042
85.12676
81.53802
83.32957
85.35775
83.02535
81.43662
81.39155
87.06479
85.00845
81.38592
83.08733
81.40845
83.09859
81.74084
82.0169
83.05352
85.01408
86.75493
82.0169
85.06479
83.03662
83.31831
83.13239
