0.4267068
0.399061
1.050725
0.7196316
3.250916
2.761044
2.605634
1.376812
1.410478
5.952381
2.761044
2.605634
1.449275
1.655153
6.181319
2.761044
2.605634
1.376812
1.410478
5.952381
38.67972
79.90611
25.16908
23.73345
63.09524
45.78313
57.1831
25.36232
24.00691
75.82417
99.69879
95.6338
37.06522
24.2084
99.54212
99.69879
94.01408
45.60387
24.25158
99.58791
99.69879
94.01408
45.60387
24.25158
99.58791
99.69879
94.01408
45.60387
24.25158
99.58791
99.69879
94.01408
45.60387
24.25158
99.58791
99.69879
94.01408
45.60387
24.25158
99.58791
99.69879
94.01408
45.60387
24.25158
99.58791
99.69879
94.01408
45.60387
24.25158
99.58791
