0.3012048
0.1566265
0.1084337
0.1626506
0.3072289
0.3975904
0.4879518
0.8975903
0.8313253
0.8373494
0.8795181
0.8313253
0.8433735
0.8313253
0.8313253
0.8313253
0.8373494
0.8915663
1.560241
4.626506
10.12651
34.3253
33.96386
35.73494
42.22289
43.23494
42.95181
42.81928
46.16867
47.79518
59.80723
94.43374
93.36144
96.42168
91.77109
94.72289
94.5
96.26506
94.63253
94.42168
93.27711
92.80121
93.19277
94.76506
94.86747
93.89759
93.34338
93.27109
91.72289
94.42168
96.85542
97.31927
93.72289
94.39759
95.71085
94.54217
91.72289
95.69879
94.96988
94.31927
95.62048
97.70482
95.68073
96.27109
96.25301
94.42771
95.28313
94.36144
97.33132
