0,0,0,0,0,0,0,0,0,0,2.108434,0,0,0,0.3012048,0,0,0,0,1.204819,0,0,0,0,2.409639,0,0,0,0.3012048,0,0,0,0,0,0,0,0,0,0,2.108434,0,3.012048,0,0,0,0,0,0,0,3.614458
0,1.506024,0.3012048,0,0,0,0,0,0,0,0,0,0,0,0,0,0,0,0,0,0,0,0,0,0,0,0,0,0.3012048,0,0,0,0,0,0,0,0,0,0,2.108434,0,0,0,0,0,0,0,0,0,3.614458
0,0.3012048,0.3012048,0,0,0,0,0,0,0,0,0,0,0,0,0,0,0,0,0,0,0,0,0.3012048,0,0,0,0,0.3012048,0,0,0,0,0,0,0,0.3012048,0,0,0,0,0,0,0,0,0,0,0,0.3012048,3.614458
0,0,0.3012048,0,0,0.3012048,0,0,0,0,0,0,0,0,0,0,0,0,0,0,0.3012048,0.3012048,0.3012048,0.3012048,0.3012048,0,0,0,0.3012048,0,0,0,0,0,0.3012048,0.3012048,0.3012048,0.3012048,0.3012048,0,0,0,0,0,0,0,0,0.3012048,0.3012048,3.614458
0,0,0,0,0.3012048,0.3012048,0.3012048,0.3012048,0.3012048,0.3012048,0.3012048,0.3012048,0,0,0.3012048,0.3012048,0.3012048,0.3012048,0.3012048,0.3012048,0.3012048,0.3012048,0.3012048,0.3012048,0.3012048,0.3012048,0.3012048,0.3012048,0.3012048,0.3012048,0,0,0.3012048,0.3012048,0.3012048,0.3012048,0.3012048,0.3012048,0.3012048,0.3012048,0.3012048,0.3012048,0.3012048,0.3012048,0.3012048,0.3012048,0,0,0.3012048,3.614458
0,0,4.216867,0.3012048,0.3012048,0.3012048,0.3012048,0.3012048,0.3012048,0.3012048,0.3012048,0.3012048,0.3012048,0.3012048,0.3012048,0.3012048,0.3012048,0.3012048,0.3012048,0.3012048,0.3012048,0.3012048,0,0,0.3012048,0.3012048,0.3012048,0.3012048,0.3012048,0.3012048,0.3012048,0.3012048,0.3012048,0.3012048,0,0,0.3012048,0.3012048,0.3012048,0.3012048,0.3012048,0.3012048,0.3012048,0.3012048,0.3012048,0.3012048,0,0,0.3012048,3.614458
3.012048,3.012048,4.216867,0,0.3012048,0.3012048,0.3012048,0.3012048,0.3012048,0.3012048,0.3012048,0.3012048,0.3012048,0.3012048,0,0.3012048,0.3012048,0.3012048,0.3012048,0.3012048,0.3012048,0.3012048,0,0,0,0.3012048,0.3012048,0.3012048,0.3012048,0.3012048,0.3012048,0.3012048,0.3012048,0.3012048,0,0,0,0.3012048,0.3012048,0.3012048,0.3012048,0.3012048,0.3012048,0.3012048,0.3012048,0.3012048,0,0,0,3.614458
0,0,4.216867,26.50602,0.3012048,0.3012048,0.3012048,0.3012048,0.3012048,0.3012048,0.3012048,0.3012048,0.3012048,0.3012048,0,0.3012048,0.3012048,0.3012048,0.3012048,0.3012048,0.3012048,0.3012048,0,0,0,0.3012048,0.3012048,0.3012048,0.3012048,0.3012048,0.3012048,0.3012048,0.3012048,0.3012048,0,0,0,0.3012048,0.3012048,0.3012048,0.3012048,0.3012048,0.3012048,0.3012048,0.3012048,0.3012048,0,0,0,3.614458
0,0,0,26.50602,0,0.3012048,0.3012048,0.3012048,0.3012048,0.3012048,0.3012048,0.3012048,0.3012048,0.3012048,0.3012048,0.3012048,0.3012048,0.3012048,0.3012048,0.3012048,0.3012048,0.3012048,0.3012048,0,0,0.3012048,0.3012048,0.3012048,0.3012048,0.3012048,0.3012048,0.3012048,0.3012048,0.3012048,0.3012048,0,0,0.3012048,0.3012048,0.3012048,0.3012048,0.3012048,0.3012048,0.3012048,0.3012048,0.3012048,0.3012048,0,0,3.614458
0.3012048,0,0,26.50602,0,0.3012048,0.3012048,0.3012048,0.3012048,0.3012048,0.3012048,0.3012048,0.3012048,0.3012048,0.3012048,0.3012048,0.3012048,0.3012048,0.3012048,0.3012048,0.3012048,0.3012048,0.3012048,0,0,0.3012048,0.3012048,0.3012048,0.3012048,0.3012048,0.3012048,0.3012048,0.3012048,0.3012048,0.3012048,0,0,0.3012048,0.3012048,0.3012048,0.3012048,0.3012048,0.3012048,0.3012048,0.3012048,0.3012048,0.3012048,0,0,3.614458
2.409639,0,0,26.50602,0,0.3012048,0.3012048,0.3012048,0.3012048,0.3012048,0.3012048,0.3012048,0.3012048,0.3012048,0.3012048,0.3012048,0.3012048,0.3012048,0.3012048,0.3012048,0.3012048,0.3012048,0.3012048,0,0,0.3012048,0.3012048,0.3012048,0.3012048,0.3012048,0.3012048,0.3012048,0.3012048,0.3012048,0.3012048,0,0,0.3012048,0.3012048,0.3012048,0.3012048,0.3012048,0.3012048,0.3012048,0.3012048,0.3012048,0.3012048,0,0,3.614458
0,0,0,26.50602,0,0.3012048,0.3012048,0.3012048,0.3012048,0.3012048,0.3012048,0.3012048,0.3012048,0.3012048,0.3012048,0.3012048,0.3012048,0.3012048,0.3012048,0.3012048,0.3012048,0.3012048,0.3012048,0,0,0.3012048,0.3012048,0.3012048,0.3012048,0.3012048,0.3012048,0.3012048,0.3012048,0.3012048,0.3012048,0,0,0.3012048,0.3012048,0.3012048,0.3012048,0.3012048,0.3012048,0.3012048,0.3012048,0.3012048,0.3012048,0,0,3.614458
0,0,0.3012048,26.50602,0.3012048,0.3012048,0.3012048,0.3012048,0.3012048,0.3012048,0.3012048,0.3012048,0.3012048,0.3012048,0.3012048,0.3012048,0.3012048,0.3012048,0.3012048,0.3012048,0.3012048,0.3012048,0.3012048,0,0,0.3012048,0.3012048,0.3012048,0.3012048,0.3012048,0.3012048,0.3012048,0.3012048,0.3012048,0.3012048,0,0,0.3012048,0.3012048,0.3012048,0.3012048,0.3012048,0.3012048,0.3012048,0.3012048,0.3012048,0.3012048,0,0,3.614458
0,0,0,26.50602,0,0.3012048,0.3012048,0.3012048,0.3012048,0.3012048,0.3012048,0.3012048,0.3012048,0.3012048,0.3012048,0.3012048,0.3012048,0.3012048,0.3012048,0.3012048,0.3012048,0.3012048,0.3012048,0,0,0.3012048,0.3012048,0.3012048,0.3012048,0.3012048,0.3012048,0.3012048,0.3012048,0.3012048,0.3012048,0,0,0.3012048,0.3012048,0.3012048,0.3012048,0.3012048,0.3012048,0.3012048,0.3012048,0.3012048,0.3012048,0,0,3.614458
0,0,0,26.50602,0,0.3012048,0.3012048,0.3012048,0.3012048,0.3012048,0.3012048,0.3012048,0.3012048,0.3012048,0.3012048,0.3012048,0.3012048,0.3012048,0.3012048,0.3012048,0.3012048,0.3012048,0.3012048,0,0,0.3012048,0.3012048,0.3012048,0.3012048,0.3012048,0.3012048,0.3012048,0.3012048,0.3012048,0.3012048,0,0,0.3012048,0.3012048,0.3012048,0.3012048,0.3012048,0.3012048,0.3012048,0.3012048,0.3012048,0.3012048,0,0,3.614458
0,0,0,26.50602,0,0.3012048,0.3012048,0.3012048,0.3012048,0.3012048,0.3012048,0.3012048,0.3012048,0.3012048,0.3012048,0.3012048,0.3012048,0.3012048,0.3012048,0.3012048,0.3012048,0.3012048,0.3012048,0,0,0.3012048,0.3012048,0.3012048,0.3012048,0.3012048,0.3012048,0.3012048,0.3012048,0.3012048,0.3012048,0,0,0.3012048,0.3012048,0.3012048,0.3012048,0.3012048,0.3012048,0.3012048,0.3012048,0.3012048,0.3012048,0,0,3.614458
0.3012048,0,0,26.50602,0,0.3012048,0.3012048,0.3012048,0.3012048,0.3012048,0.3012048,0.3012048,0.3012048,0.3012048,0.3012048,0.3012048,0.3012048,0.3012048,0.3012048,0.3012048,0.3012048,0.3012048,0.3012048,0,0,0.3012048,0.3012048,0.3012048,0.3012048,0.3012048,0.3012048,0.3012048,0.3012048,0.3012048,0.3012048,0,0,0.3012048,0.3012048,0.3012048,0.3012048,0.3012048,0.3012048,0.3012048,0.3012048,0.3012048,0.3012048,0,0,3.614458
3.012048,0,0,26.50602,0,0.3012048,0.3012048,0.3012048,0.3012048,0.3012048,0.3012048,0.3012048,0.3012048,0.3012048,0.3012048,0.3012048,0.3012048,0.3012048,0.3012048,0.3012048,0.3012048,0.3012048,0.3012048,0,0,0.3012048,0.3012048,0.3012048,0.3012048,0.3012048,0.3012048,0.3012048,0.3012048,0.3012048,0.3012048,0,0,0.3012048,0.3012048,0.3012048,0.3012048,0.3012048,0.3012048,0.3012048,0.3012048,0.3012048,0.3012048,0,0,3.614458
34.93976,0,1.506024,26.50602,0,0.3012048,0.3012048,0.3012048,0.3012048,0.3012048,0.3012048,0.3012048,0.3012048,0.3012048,0.3012048,0.3012048,0.3012048,0.3012048,0.3012048,0.3012048,0.3012048,0.3012048,0.3012048,0,0,0.3012048,0.3012048,0.3012048,0.3012048,0.3012048,0.3012048,0.3012048,0.3012048,0.3012048,0.3012048,0,0,0.3012048,0.3012048,0.3012048,0.3012048,0.3012048,0.3012048,0.3012048,0.3012048,0.3012048,0.3012048,0,0,3.614458
34.93976,27.40964,0,26.50602,0,0,0.3012048,0.3012048,0.3012048,0.3012048,0.3012048,0.3012048,0.3012048,0.3012048,0.3012048,0.3012048,0.3012048,0.3012048,0.3012048,0.3012048,0.3012048,0.3012048,35.24096,7.831326,0,0,0.3012048,0.3012048,0.3012048,0.3012048,0.3012048,0.3012048,0.3012048,0.3012048,35.24096,7.831326,0,0,0.3012048,0.3012048,0.3012048,0.3012048,0.3012048,0.3012048,0.3012048,0.3012048,35.24096,7.831326,0,3.614458
2.409639,4.518072,0,4.518072,7.831326,0,0,0.3012048,0.3012048,0.3012048,0.3012048,0.3012048,0.3012048,0.3012048,0.3012048,0.3012048,35.24096,35.24096,35.24096,0.3012048,7.831326,7.831326,35.24096,7.831326,0,0,0.3012048,0.3012048,0.3012048,0.3012048,35.24096,35.24096,35.24096,0.3012048,35.24096,7.831326,7.831326,7.831326,0,0,0.3012048,0.3012048,0.3012048,0.3012048,35.24096,35.24096,35.24096,7.831326,35.24096,3.614458
27.71084,18.9759,45.78313,2.710843,35.24096,35.24096,35.24096,35.24096,35.24096,35.24096,35.24096,35.24096,35.24096,35.24096,35.24096,35.24096,35.24096,35.24096,35.24096,35.24096,35.24096,35.24096,35.24096,35.24096,35.24096,35.24096,35.24096,35.24096,35.24096,35.24096,35.24096,35.24096,35.24096,35.24096,35.24096,35.24096,35.24096,35.24096,35.24096,35.24096,35.24096,35.24096,35.24096,35.24096,35.24096,35.24096,35.24096,35.24096,35.24096,35.24096
0.3012048,0,45.78313,35.24096,35.24096,35.24096,35.24096,35.24096,35.24096,35.24096,35.24096,35.24096,35.24096,35.24096,35.24096,0.3012048,35.24096,35.24096,35.24096,35.24096,35.24096,35.24096,35.24096,45.48193,35.24096,35.24096,35.24096,35.24096,35.24096,35.24096,35.24096,35.24096,35.24096,35.24096,35.24096,45.48193,35.24096,35.24096,35.24096,35.24096,35.24096,35.24096,35.24096,35.24096,35.24096,35.24096,35.24096,45.48193,35.24096,35.24096
0,2.409639,45.78313,0,8.433735,35.24096,35.24096,35.24096,35.24096,35.24096,35.24096,35.24096,35.24096,35.24096,35.24096,35.24096,35.24096,35.24096,35.24096,35.24096,45.48193,45.78313,45.48193,45.48193,45.48193,35.24096,35.24096,35.24096,35.24096,35.24096,35.24096,35.24096,35.24096,45.48193,45.78313,45.48193,45.48193,45.48193,35.24096,35.24096,35.24096,35.24096,35.24096,35.24096,35.24096,35.24096,45.48193,45.48193,45.78313,45.48193
0,8.13253,45.78313,6.626506,0,45.48193,45.48193,45.48193,45.48193,45.48193,45.48193,45.48193,45.48193,45.78313,45.78313,45.78313,45.78313,45.48193,45.48193,45.48193,45.48193,45.78313,45.48193,45.48193,45.48193,45.48193,45.48193,45.78313,45.78313,45.78313,45.78313,45.48193,45.48193,45.48193,45.78313,45.48193,45.48193,45.48193,45.48193,45.48193,45.48193,45.48193,45.48193,45.48193,45.78313,45.78313,45.48193,45.48193,45.78313,45.48193
0,0,45.78313,28.01205,27.71084,45.78313,45.78313,45.78313,45.78313,45.78313,45.78313,45.78313,45.78313,45.78313,45.78313,45.78313,45.78313,45.78313,45.78313,45.78313,45.78313,45.78313,45.78313,45.78313,45.78313,45.78313,45.78313,45.78313,45.78313,45.78313,45.78313,45.78313,45.78313,45.78313,45.78313,45.78313,45.78313,45.78313,45.78313,45.78313,45.78313,45.78313,45.78313,45.78313,45.78313,45.78313,45.78313,45.78313,45.78313,45.78313
0,35.24096,45.78313,2.409639,3.915663,45.78313,45.78313,45.78313,45.78313,45.78313,45.78313,45.78313,45.78313,45.78313,45.78313,45.78313,45.78313,45.78313,45.78313,45.78313,45.78313,45.78313,45.78313,45.78313,45.78313,45.78313,45.78313,45.78313,45.78313,45.78313,45.78313,45.78313,45.78313,45.78313,45.78313,45.78313,45.78313,45.78313,45.78313,45.78313,45.78313,45.78313,45.78313,45.78313,45.78313,45.78313,45.78313,45.78313,45.78313,45.78313
7.228916,0,45.78313,27.71084,0,45.78313,45.78313,45.78313,45.78313,45.78313,45.78313,45.78313,45.78313,45.78313,45.78313,45.78313,45.78313,45.78313,45.78313,45.78313,45.78313,45.78313,45.78313,45.78313,45.78313,45.78313,45.78313,45.78313,45.78313,45.78313,45.78313,45.78313,45.78313,45.78313,45.78313,45.78313,45.78313,45.78313,45.78313,45.78313,45.78313,45.78313,45.78313,45.78313,45.78313,45.78313,45.78313,45.78313,45.78313,45.78313
99.69879,3.012048,45.78313,0,99.69879,45.78313,45.78313,45.78313,45.78313,45.78313,45.78313,45.78313,45.78313,45.78313,45.78313,45.78313,45.78313,45.78313,45.78313,45.78313,45.78313,45.78313,45.78313,45.78313,45.78313,45.78313,45.78313,45.78313,45.78313,45.78313,45.78313,45.78313,45.78313,45.78313,45.78313,45.78313,45.78313,45.78313,45.78313,45.78313,45.78313,45.78313,45.78313,45.78313,45.78313,45.78313,45.78313,45.78313,45.78313,45.78313
99.69879,27.71084,46.08434,0,99.69879,45.78313,45.78313,45.78313,45.78313,45.78313,45.78313,45.78313,45.78313,45.78313,45.78313,27.10843,45.78313,45.78313,45.78313,45.78313,45.78313,45.78313,45.78313,27.71084,99.69879,34.93976,45.78313,45.78313,45.78313,45.78313,45.78313,45.78313,45.78313,45.78313,45.78313,27.71084,99.69879,34.93976,45.78313,45.78313,45.78313,45.78313,45.78313,45.78313,45.78313,45.78313,45.78313,27.71084,99.69879,34.93976
99.69879,46.38554,0,50.3012,99.69879,34.93976,45.18072,45.78313,45.78313,45.78313,45.78313,45.78313,45.78313,45.78313,45.78313,45.78313,45.78313,45.78313,45.78313,45.78313,27.71084,99.69879,99.69879,99.69879,99.69879,99.69879,45.18072,45.78313,45.78313,45.78313,45.78313,45.78313,45.78313,27.71084,99.69879,99.69879,99.69879,99.69879,99.69879,45.18072,45.78313,45.78313,45.78313,45.78313,45.78313,45.78313,27.71084,99.69879,99.69879,99.69879
99.69879,0,0,99.69879,99.69879,35.84337,99.69879,99.69879,99.69879,99.69879,99.69879,99.69879,99.69879,99.69879,99.69879,99.69879,99.69879,99.69879,99.69879,99.69879,99.69879,99.69879,99.69879,99.69879,99.69879,99.69879,99.69879,99.69879,99.69879,99.69879,99.69879,99.69879,99.69879,99.69879,99.69879,99.69879,99.69879,99.69879,99.69879,99.69879,99.69879,99.69879,99.69879,99.69879,99.69879,99.69879,99.69879,99.69879,99.69879,99.69879
99.69879,46.38554,0,99.69879,99.69879,0,99.69879,99.69879,99.69879,99.69879,99.69879,99.69879,99.69879,99.69879,99.69879,35.54217,99.69879,99.69879,99.69879,99.69879,99.69879,99.69879,99.69879,99.69879,99.69879,99.69879,99.69879,99.69879,99.69879,99.69879,99.69879,99.69879,99.69879,99.69879,99.69879,99.69879,99.69879,99.69879,99.69879,99.69879,99.69879,99.69879,99.69879,99.69879,99.69879,99.69879,99.69879,99.69879,99.69879,99.69879
99.69879,35.24096,99.69879,99.69879,99.69879,99.69879,99.69879,99.69879,99.69879,99.69879,99.69879,99.69879,99.69879,99.69879,99.69879,0.3012048,99.69879,99.69879,99.69879,99.69879,99.69879,99.69879,99.69879,99.69879,99.69879,99.69879,99.69879,99.69879,99.69879,99.69879,99.69879,99.69879,99.69879,99.69879,99.69879,99.69879,99.69879,99.69879,99.69879,99.69879,99.69879,99.69879,99.69879,99.69879,99.69879,99.69879,99.69879,99.69879,99.69879,99.69879
99.69879,2.108434,99.69879,99.69879,99.69879,99.69879,99.69879,99.69879,99.69879,99.69879,99.69879,99.69879,99.69879,0.3012048,0,0,99.69879,99.69879,99.69879,99.69879,99.69879,99.69879,99.69879,99.69879,99.69879,99.69879,99.69879,99.69879,99.69879,99.69879,99.69879,99.69879,99.69879,99.69879,99.69879,99.69879,99.69879,99.69879,99.69879,99.69879,99.69879,99.69879,99.69879,99.69879,99.69879,99.69879,99.69879,99.69879,99.69879,99.69879
99.69879,0,99.69879,99.69879,99.69879,99.69879,99.69879,99.69879,99.69879,99.69879,99.69879,99.69879,99.69879,99.69879,50.3012,0,99.69879,99.69879,99.69879,99.69879,99.69879,99.69879,99.69879,99.69879,99.69879,99.69879,99.69879,99.69879,99.69879,99.69879,99.69879,99.69879,99.69879,99.69879,99.69879,99.69879,99.69879,99.69879,99.69879,99.69879,99.69879,99.69879,99.69879,99.69879,99.69879,99.69879,99.69879,99.69879,99.69879,99.69879
99.69879,35.54217,99.69879,99.69879,99.69879,99.69879,99.69879,99.69879,99.69879,99.69879,99.69879,99.69879,99.69879,3.614458,99.69879,0,99.69879,99.69879,99.69879,99.69879,99.69879,99.69879,99.69879,99.69879,99.69879,99.69879,99.69879,99.69879,99.69879,99.69879,99.69879,99.69879,99.69879,99.69879,99.69879,99.69879,99.69879,99.69879,99.69879,99.69879,99.69879,99.69879,99.69879,99.69879,99.69879,99.69879,99.69879,99.69879,99.69879,99.69879
99.69879,99.69879,99.69879,99.69879,99.69879,99.69879,99.69879,99.69879,99.69879,99.69879,99.69879,99.69879,99.69879,99.69879,27.71084,0,99.69879,99.69879,99.69879,99.69879,99.69879,99.69879,99.69879,99.69879,99.69879,99.69879,99.69879,99.69879,99.69879,99.69879,99.69879,99.69879,99.69879,99.69879,99.69879,99.69879,99.69879,99.69879,99.69879,99.69879,99.69879,99.69879,99.69879,99.69879,99.69879,99.69879,99.69879,99.69879,99.69879,99.69879
99.69879,99.69879,99.69879,99.69879,99.69879,99.69879,99.69879,99.69879,99.69879,99.69879,99.69879,99.69879,45.78313,0,0,99.69879,99.69879,99.69879,99.69879,99.69879,99.69879,99.69879,99.69879,99.69879,99.69879,99.69879,99.69879,99.69879,99.69879,99.69879,99.69879,99.69879,99.69879,99.69879,99.69879,99.69879,99.69879,99.69879,99.69879,99.69879,99.69879,99.69879,99.69879,99.69879,99.69879,99.69879,99.69879,99.69879,99.69879,99.69879
99.69879,99.69879,99.69879,99.69879,99.69879,99.69879,99.69879,99.69879,99.69879,99.69879,99.69879,99.69879,0,35.24096,99.69879,0,99.69879,99.69879,99.69879,99.69879,99.69879,99.69879,99.69879,99.69879,99.69879,99.69879,99.69879,99.69879,99.69879,99.69879,99.69879,99.69879,99.69879,99.69879,99.69879,99.69879,99.69879,99.69879,99.69879,99.69879,99.69879,99.69879,99.69879,99.69879,99.69879,99.69879,99.69879,99.69879,99.69879,99.69879
99.69879,99.69879,99.69879,99.69879,99.69879,99.69879,99.69879,99.69879,99.69879,99.69879,99.69879,99.69879,0,50.3012,27.40964,0,99.69879,99.69879,99.69879,99.69879,99.69879,99.69879,99.69879,99.69879,99.69879,99.69879,99.69879,99.69879,99.69879,99.69879,99.69879,99.69879,99.69879,99.69879,99.69879,99.69879,99.69879,99.69879,99.69879,99.69879,99.69879,99.69879,99.69879,99.69879,99.69879,99.69879,99.69879,99.69879,99.69879,99.69879
99.69879,99.69879,99.69879,99.69879,99.69879,99.69879,99.69879,99.69879,99.69879,99.69879,99.69879,99.69879,2.710843,0,51.20482,0,99.69879,99.69879,99.69879,99.69879,99.69879,99.69879,99.69879,99.69879,99.69879,99.69879,99.69879,99.69879,99.69879,99.69879,99.69879,99.69879,99.69879,99.69879,99.69879,99.69879,99.69879,99.69879,99.69879,99.69879,99.69879,99.69879,99.69879,99.69879,99.69879,99.69879,99.69879,99.69879,99.69879,99.69879
99.69879,99.69879,99.69879,99.69879,99.69879,99.69879,99.69879,99.69879,99.69879,99.69879,99.69879,99.69879,0,0,45.48193,28.01205,99.69879,99.69879,99.69879,99.69879,99.69879,99.69879,99.69879,99.69879,99.69879,99.69879,99.69879,99.69879,99.69879,99.69879,99.69879,99.69879,99.69879,99.69879,99.69879,99.69879,99.69879,99.69879,99.69879,99.69879,99.69879,99.69879,99.69879,99.69879,99.69879,99.69879,99.69879,99.69879,99.69879,99.69879
99.69879,99.69879,99.69879,99.69879,99.69879,99.69879,99.69879,99.69879,99.69879,99.69879,99.69879,99.69879,28.01205,27.10843,50.3012,46.68675,99.69879,99.69879,99.69879,99.69879,99.69879,99.69879,99.69879,99.69879,99.69879,99.69879,99.69879,99.69879,99.69879,99.69879,99.69879,99.69879,99.69879,99.69879,99.69879,99.69879,99.69879,99.69879,99.69879,99.69879,99.69879,99.69879,99.69879,99.69879,99.69879,99.69879,99.69879,99.69879,99.69879,99.69879
99.69879,99.69879,99.69879,99.69879,99.69879,99.69879,99.69879,99.69879,99.69879,99.69879,99.69879,99.69879,0,6.927711,50.60241,99.69879,99.69879,99.69879,99.69879,99.69879,99.69879,99.69879,99.69879,99.69879,99.69879,99.69879,99.69879,99.69879,99.69879,99.69879,99.69879,99.69879,99.69879,99.69879,99.69879,99.69879,99.69879,99.69879,99.69879,99.69879,99.69879,99.69879,99.69879,99.69879,99.69879,99.69879,99.69879,99.69879,99.69879,99.69879
99.69879,99.69879,99.69879,99.69879,99.69879,99.69879,99.69879,99.69879,99.69879,99.69879,99.69879,99.69879,0,27.71084,35.84337,45.18072,99.69879,99.69879,99.69879,99.69879,99.69879,99.69879,99.69879,99.69879,99.69879,99.69879,99.69879,99.69879,99.69879,99.69879,99.69879,99.69879,99.69879,99.69879,99.69879,99.69879,99.69879,99.69879,99.69879,99.69879,99.69879,99.69879,99.69879,99.69879,99.69879,99.69879,99.69879,99.69879,99.69879,99.69879
99.69879,99.69879,99.69879,99.69879,99.69879,99.69879,99.69879,99.69879,99.69879,99.69879,99.69879,99.69879,0,0,45.78313,35.24096,99.69879,99.69879,99.69879,99.69879,99.69879,99.69879,99.69879,99.69879,99.69879,99.69879,99.69879,99.69879,99.69879,99.69879,99.69879,99.69879,99.69879,99.69879,99.69879,99.69879,99.69879,99.69879,99.69879,99.69879,99.69879,99.69879,99.69879,99.69879,99.69879,99.69879,99.69879,99.69879,99.69879,99.69879
99.69879,99.69879,99.69879,99.69879,99.69879,99.69879,99.69879,99.69879,99.69879,99.69879,99.69879,99.69879,0,45.48193,3.614458,28.31325,99.69879,99.69879,99.69879,99.69879,99.69879,99.69879,99.69879,99.69879,99.69879,99.69879,99.69879,99.69879,99.69879,99.69879,99.69879,99.69879,99.69879,99.69879,99.69879,99.69879,99.69879,99.69879,99.69879,99.69879,99.69879,99.69879,99.69879,99.69879,99.69879,99.69879,99.69879,99.69879,99.69879,99.69879
99.69879,99.69879,99.69879,99.69879,99.69879,99.69879,99.69879,99.69879,99.69879,99.69879,99.69879,99.69879,0,0,0,0,99.69879,99.69879,99.69879,99.69879,99.69879,99.69879,99.69879,99.69879,99.69879,99.69879,99.69879,99.69879,99.69879,99.69879,99.69879,99.69879,99.69879,99.69879,99.69879,99.69879,99.69879,99.69879,99.69879,99.69879,99.69879,99.69879,99.69879,99.69879,99.69879,99.69879,99.69879,99.69879,99.69879,99.69879
99.69879,99.69879,99.69879,99.69879,99.69879,99.69879,99.69879,99.69879,99.69879,99.69879,99.69879,99.69879,34.93976,0,0.3012048,99.69879,99.69879,99.69879,99.69879,99.69879,99.69879,99.69879,99.69879,99.69879,99.69879,99.69879,99.69879,99.69879,99.69879,99.69879,99.69879,99.69879,99.69879,99.69879,99.69879,99.69879,99.69879,99.69879,99.69879,99.69879,99.69879,99.69879,99.69879,99.69879,99.69879,99.69879,99.69879,99.69879,99.69879,99.69879
99.69879,99.69879,99.69879,99.69879,99.69879,99.69879,99.69879,99.69879,99.69879,99.69879,99.69879,99.69879,50.60241,6.626506,99.69879,99.69879,99.69879,99.69879,99.69879,99.69879,99.69879,99.69879,99.69879,99.69879,99.69879,99.69879,99.69879,99.69879,99.69879,99.69879,99.69879,99.69879,99.69879,99.69879,99.69879,99.69879,99.69879,99.69879,99.69879,99.69879,99.69879,99.69879,99.69879,99.69879,99.69879,99.69879,99.69879,99.69879,99.69879,99.69879
99.69879,99.69879,99.69879,99.69879,99.69879,99.69879,99.69879,99.69879,99.69879,99.69879,99.69879,99.69879,44.87952,35.54217,99.69879,99.69879,99.69879,99.69879,99.69879,99.69879,99.69879,99.69879,99.69879,99.69879,99.69879,99.69879,99.69879,99.69879,99.69879,99.69879,99.69879,99.69879,99.69879,99.69879,99.69879,99.69879,99.69879,99.69879,99.69879,99.69879,99.69879,99.69879,99.69879,99.69879,99.69879,99.69879,99.69879,99.69879,99.69879,99.69879
99.69879,99.69879,99.69879,99.69879,99.69879,99.69879,99.69879,99.69879,99.69879,99.69879,99.69879,99.69879,0,0,0.3012048,99.69879,99.69879,99.69879,99.69879,99.69879,99.69879,99.69879,99.69879,99.69879,99.69879,99.69879,99.69879,99.69879,99.69879,99.69879,99.69879,99.69879,99.69879,99.69879,99.69879,99.69879,99.69879,99.69879,99.69879,99.69879,99.69879,99.69879,99.69879,99.69879,99.69879,99.69879,99.69879,99.69879,99.69879,99.69879
99.69879,99.69879,99.69879,99.69879,99.69879,99.69879,99.69879,99.69879,99.69879,99.69879,99.69879,99.69879,99.69879,2.409639,27.71084,3.915663,99.69879,99.69879,99.69879,99.69879,99.69879,99.69879,99.69879,99.69879,99.69879,99.69879,99.69879,99.69879,99.69879,99.69879,99.69879,99.69879,99.69879,99.69879,99.69879,99.69879,99.69879,99.69879,99.69879,99.69879,99.69879,99.69879,99.69879,99.69879,99.69879,99.69879,99.69879,99.69879,99.69879,99.69879
99.69879,99.69879,99.69879,99.69879,99.69879,99.69879,99.69879,99.69879,99.69879,99.69879,99.69879,99.69879,99.69879,0,99.69879,0,99.69879,99.69879,99.69879,99.69879,99.69879,99.69879,99.69879,99.69879,99.69879,99.69879,99.69879,99.69879,99.69879,99.69879,99.69879,99.69879,99.69879,99.69879,99.69879,99.69879,99.69879,99.69879,99.69879,99.69879,99.69879,99.69879,99.69879,99.69879,99.69879,99.69879,99.69879,99.69879,99.69879,99.69879
99.69879,99.69879,99.69879,99.69879,99.69879,99.69879,99.69879,99.69879,99.69879,99.69879,99.69879,99.69879,0.3012048,0,99.69879,40.96386,99.69879,99.69879,99.69879,99.69879,99.69879,99.69879,99.69879,99.69879,99.69879,99.69879,99.69879,99.69879,99.69879,99.69879,99.69879,99.69879,99.69879,99.69879,99.69879,99.69879,99.69879,99.69879,99.69879,99.69879,99.69879,99.69879,99.69879,99.69879,99.69879,99.69879,99.69879,99.69879,99.69879,99.69879
99.69879,99.69879,99.69879,99.69879,99.69879,99.69879,99.69879,99.69879,99.69879,99.69879,99.69879,99.69879,0,0,0,0,99.69879,99.69879,99.69879,99.69879,99.69879,99.69879,99.69879,99.69879,99.69879,99.69879,99.69879,99.69879,99.69879,99.69879,99.69879,99.69879,99.69879,99.69879,99.69879,99.69879,99.69879,99.69879,99.69879,99.69879,99.69879,99.69879,99.69879,99.69879,99.69879,99.69879,99.69879,99.69879,99.69879,99.69879
99.69879,99.69879,99.69879,99.69879,99.69879,99.69879,99.69879,99.69879,99.69879,99.69879,99.69879,99.69879,27.71084,35.24096,36.14458,99.69879,99.69879,99.69879,99.69879,99.69879,99.69879,99.69879,99.69879,99.69879,99.69879,99.69879,99.69879,99.69879,99.69879,99.69879,99.69879,99.69879,99.69879,99.69879,99.69879,99.69879,99.69879,99.69879,99.69879,99.69879,99.69879,99.69879,99.69879,99.69879,99.69879,99.69879,99.69879,99.69879,99.69879,99.69879
99.69879,99.69879,99.69879,99.69879,99.69879,99.69879,99.69879,99.69879,99.69879,99.69879,99.69879,99.69879,34.93976,27.71084,99.69879,0,99.69879,99.69879,99.69879,99.69879,99.69879,99.69879,99.69879,99.69879,99.69879,99.69879,99.69879,99.69879,99.69879,99.69879,99.69879,99.69879,99.69879,99.69879,99.69879,99.69879,99.69879,99.69879,99.69879,99.69879,99.69879,99.69879,99.69879,99.69879,99.69879,99.69879,99.69879,99.69879,99.69879,99.69879
99.69879,99.69879,99.69879,99.69879,99.69879,99.69879,99.69879,99.69879,99.69879,99.69879,99.69879,99.69879,0,28.01205,99.69879,2.108434,99.69879,99.69879,99.69879,99.69879,99.69879,99.69879,99.69879,99.69879,99.69879,99.69879,99.69879,99.69879,99.69879,99.69879,99.69879,99.69879,99.69879,99.69879,99.69879,99.69879,99.69879,99.69879,99.69879,99.69879,99.69879,99.69879,99.69879,99.69879,99.69879,99.69879,99.69879,99.69879,99.69879,99.69879
99.69879,99.69879,99.69879,99.69879,99.69879,99.69879,99.69879,99.69879,99.69879,99.69879,99.69879,99.69879,44.87952,0,50.3012,99.69879,99.69879,99.69879,99.69879,99.69879,99.69879,99.69879,99.69879,99.69879,99.69879,99.69879,99.69879,99.69879,99.69879,99.69879,99.69879,99.69879,99.69879,99.69879,99.69879,99.69879,99.69879,99.69879,99.69879,99.69879,99.69879,99.69879,99.69879,99.69879,99.69879,99.69879,99.69879,99.69879,99.69879,99.69879
99.69879,99.69879,99.69879,99.69879,99.69879,99.69879,99.69879,99.69879,99.69879,99.69879,99.69879,99.69879,99.69879,0,99.69879,99.69879,99.69879,99.69879,99.69879,99.69879,99.69879,99.69879,99.69879,99.69879,99.69879,99.69879,99.69879,99.69879,99.69879,99.69879,99.69879,99.69879,99.69879,99.69879,99.69879,99.69879,99.69879,99.69879,99.69879,99.69879,99.69879,99.69879,99.69879,99.69879,99.69879,99.69879,99.69879,99.69879,99.69879,99.69879
99.69879,99.69879,99.69879,99.69879,99.69879,99.69879,99.69879,99.69879,99.69879,99.69879,99.69879,99.69879,51.20482,0,46.98795,99.69879,99.69879,99.69879,99.69879,99.69879,99.69879,99.69879,99.69879,99.69879,99.69879,99.69879,99.69879,99.69879,99.69879,99.69879,99.69879,99.69879,99.69879,99.69879,99.69879,99.69879,99.69879,99.69879,99.69879,99.69879,99.69879,99.69879,99.69879,99.69879,99.69879,99.69879,99.69879,99.69879,99.69879,99.69879
99.69879,99.69879,99.69879,99.69879,99.69879,99.69879,99.69879,99.69879,99.69879,99.69879,99.69879,99.69879,28.01205,0,99.69879,99.69879,99.69879,99.69879,99.69879,99.69879,99.69879,99.69879,99.69879,99.69879,99.69879,99.69879,99.69879,99.69879,99.69879,99.69879,99.69879,99.69879,99.69879,99.69879,99.69879,99.69879,99.69879,99.69879,99.69879,99.69879,99.69879,99.69879,99.69879,99.69879,99.69879,99.69879,99.69879,99.69879,99.69879,99.69879
99.69879,99.69879,99.69879,99.69879,99.69879,99.69879,99.69879,99.69879,99.69879,99.69879,99.69879,99.69879,27.10843,99.69879,99.69879,0,99.69879,99.69879,99.69879,99.69879,99.69879,99.69879,99.69879,99.69879,99.69879,99.69879,99.69879,99.69879,99.69879,99.69879,99.69879,99.69879,99.69879,99.69879,99.69879,99.69879,99.69879,99.69879,99.69879,99.69879,99.69879,99.69879,99.69879,99.69879,99.69879,99.69879,99.69879,99.69879,99.69879,99.69879
99.69879,99.69879,99.69879,99.69879,99.69879,99.69879,99.69879,99.69879,99.69879,99.69879,99.69879,99.69879,35.54217,0,0,99.69879,99.69879,99.69879,99.69879,99.69879,99.69879,99.69879,99.69879,99.69879,99.69879,99.69879,99.69879,99.69879,99.69879,99.69879,99.69879,99.69879,99.69879,99.69879,99.69879,99.69879,99.69879,99.69879,99.69879,99.69879,99.69879,99.69879,99.69879,99.69879,99.69879,99.69879,99.69879,99.69879,99.69879,99.69879
99.69879,99.69879,99.69879,99.69879,99.69879,99.69879,99.69879,99.69879,99.69879,99.69879,99.69879,99.69879,28.01205,99.69879,50.3012,0,99.69879,99.69879,99.69879,99.69879,99.69879,99.69879,99.69879,99.69879,99.69879,99.69879,99.69879,99.69879,99.69879,99.69879,99.69879,99.69879,99.69879,99.69879,99.69879,99.69879,99.69879,99.69879,99.69879,99.69879,99.69879,99.69879,99.69879,99.69879,99.69879,99.69879,99.69879,99.69879,99.69879,99.69879
99.69879,99.69879,99.69879,99.69879,99.69879,99.69879,99.69879,99.69879,99.69879,99.69879,99.69879,99.69879,35.24096,0,46.38554,50.3012,99.69879,99.69879,99.69879,99.69879,99.69879,99.69879,99.69879,99.69879,99.69879,99.69879,99.69879,99.69879,99.69879,99.69879,99.69879,99.69879,99.69879,99.69879,99.69879,99.69879,99.69879,99.69879,99.69879,99.69879,99.69879,99.69879,99.69879,99.69879,99.69879,99.69879,99.69879,99.69879,99.69879,99.69879
99.69879,99.69879,99.69879,99.69879,99.69879,99.69879,99.69879,99.69879,99.69879,99.69879,99.69879,99.69879,35.84337,45.18072,99.69879,99.69879,99.69879,99.69879,99.69879,99.69879,99.69879,99.69879,99.69879,99.69879,99.69879,99.69879,99.69879,99.69879,99.69879,99.69879,99.69879,99.69879,99.69879,99.69879,99.69879,99.69879,99.69879,99.69879,99.69879,99.69879,99.69879,99.69879,99.69879,99.69879,99.69879,99.69879,99.69879,99.69879,99.69879,99.69879
