0.7530121
0.7469879
0.9036145
1.644578
2.259036
2.361446
2.240964
2.192771
2.23494
2.23494
2.36747
2.192771
2.753012
4.662651
6.048193
11.8253
16.43373
20.8253
26.15663
25.11446
27.3494
28.55422
28.51807
26.38554
32.22289
28.39157
29.34337
35.16867
44.53614
81.87952
93.71687
88.84338
86.78915
82.79518
81.80723
81.3735
80.85542
83.00603
78.53615
79.16265
76.48193
77.81326
78.25903
77.51205
77.11446
76.54819
77.40964
77.40964
81.07832
77.30121
79.30723
76.54217
78.52409
76.69277
78.53012
77.59638
77.04819
77.19277
79.02409
77.53615
78.6265
80.46988
77.19277
79.05421
77.19277
76.53012
77.1265
76.69879
76.53012
