0.3098592
0.8112676
1.323944
1.95493
4.056338
8.574648
15.63944
22.37183
27.26197
43.38028
45.87042
49.92113
50.87324
47.40845
48.3493
47.6169
47.44225
53.93803
52.07887
55.68451
49.13239
50.15211
49.21127
48.27042
50.96338
49.81408
50.98592
46.02817
39.81972
42.72676
50.25352
48.3493
50.95774
47.86479
52.52958
47.9324
44.74929
52.02817
48.21972
46.71549
49.23944
49.34648
42.90141
49.25634
44.86761
44.46197
43.13239
48.55775
44.60845
45.04226
47.05915
48.0507
52.27606
48.04507
47.24507
46.37183
52.68732
47.78028
44.62535
46.30423
44.0169
49.70141
44.52394
50.82817
49.60563
48.62535
51.77465
48.67042
50.00563
44.89014
44.51831
