2.049451
6.021978
12.86813
27.56593
48.23626
56.3022
48.58242
70.14835
93.34066
92.63187
91.60439
85.82967
88.68681
83.83517
82.71429
83.01099
83.15385
82.81868
83.70879
85.13187
84.96154
80.47802
81.45055
83.24725
84.75824
80.37912
80.18681
81.96703
81.26373
83.47802
83.71978
85.63187
82.17583
83.63187
82.39561
84.12088
80.45605
83.39011
82.2033
84.77473
82.95605
83.22527
85.18132
81.3022
80.15385
83.16483
81.65385
84.68681
81.6978
80.50549
82.62088
82.97802
80.40659
83.4011
81.68681
83.86813
82.74725
82.44505
85.14835
80.13736
83.20879
86.08791
82.41209
83.7033
83.83517
85.14835
83.24176
80.23627
80.18132
