0.9859155
0.9014084
0.8619719
1.842254
3.414084
11.27887
25.97746
27.10423
32.10704
31.49859
30.83944
32.56338
35.18873
48.24225
79.43098
80.93521
81.58873
79.32394
80.65352
79.98873
79.73521
79.47042
80.34366
79.2169
80.89577
80.11268
79.87042
79.72395
80.28732
79.22817
79.2169
79.74084
79.22253
81.29014
79.22253
81.63943
82.7493
82
84.22535
91.40845
95.27887
86.24789
86.38309
81.29578
77.31831
77.45352
76.14085
78.11831
78.12958
77.72395
79.97183
79.79718
75.85915
79.26197
80.30422
77.77465
76.31549
78.02817
77.50986
76.05634
81.39719
76.33803
76.10141
79.6338
79.40845
68.13521
69.24507
69.79718
61.70704
