0.5250432
1.336788
1.765112
3.892919
7.481865
8.245251
8.279793
8.338514
8.421416
8.379966
8.556131
9.164076
11.10535
16.84629
37.4646
71.56477
93.8411
92.18307
92.63903
92.3247
92.64594
92.62521
93.27116
94.13126
87.79275
87.48878
88.16926
89.80311
94.80829
92.13471
92.30397
92.35233
92.38687
92.1209
92.59413
92.80829
92.11053
91.8411
92.31088
92.31779
93.93092
92.99828
92.50086
92.65285
95.83074
92.14853
92.17271
92.52504
91.92746
94.18307
92.38342
92.47323
92.78411
92.44559
92.64594
92.74957
94.10363
92.81865
94.41451
92.62867
94.02073
92.79793
92.06218
92.64249
93.96891
92.00691
91.93782
92.99828
93.02591
