0.7380282
5.072464
1.784686
5.792125
3.263052
8.045071
25.07246
8.981002
54.12088
29.21687
12.22535
25.27778
14.01842
69.29945
52.71084
20.68732
25.76087
23.87737
99.47344
99.69879
20.68732
25.76087
23.87737
99.47344
99.69879
20.68732
25.76087
23.87737
99.47344
99.69879
20.68732
25.76087
23.87737
99.47344
99.69879
21.74648
25.67633
23.71906
99.47344
79.09136
23.87606
25.43478
23.50317
99.51923
37.02309
23.88732
32.01691
23.6327
99.51923
46.88755
23.93239
64.42029
24.10766
99.70238
89.85944
23.93239
64.42029
24.10766
99.70238
89.85944
23.93239
60.30193
24.03569
99.70238
85.36646
23.93239
54.23913
23.99252
95.92491
79.96988
