3.380282,0,0,0,0,0,0,0,0,7.887324,0.2816902,0,0,0,0,0,0,0,0,0,0,0,0,0,10.42253,0,0,0,0,0,0,0,0.2816902,0,27.04225,0,0,0,0,0,0,0,0,0,0,0,0,0,0,0
0.2816902,0,1.690141,0,0,0,0,0,0,0,0.2816902,0,0,0,0,0,0,0.2816902,0,0.2816902,0,2.535211,0,0,3.098592,0,0,0,0,0.2816902,0,0.2816902,0.2816902,0,27.04225,2.535211,0,0,3.098592,0,0,0,0,0.2816902,0,0.2816902,0,2.535211,0,0
0.2816902,0,0,0,0,0,0,0,0,0.2816902,0,0,0,0,2.535211,0,0,0,0,0.2816902,0,0,0,0,0,0.2816902,0,2.535211,0,0.2816902,0,0.2816902,0.2816902,0,27.04225,0,0,0,3.098592,0,0,0,0.2816902,0.2816902,0,0.2816902,2.535211,2.535211,0,0
33.52113,15.77465,0,0,0,0,0,0,0,0,0.2816902,0,0,0,0,0,2.535211,0,0,0,0,0,0,0,0.2816902,0,0,0,2.535211,0.2816902,0,0.2816902,0.2816902,0,27.04225,0,0,0,3.098592,0,0,0.2816902,0.2816902,0.2816902,0,0.2816902,2.535211,2.535211,0,0
33.52113,0,0,2.535211,0,2.535211,0,0,0.2816902,0,0,0.2816902,0,0,27.04225,0,0,2.535211,2.535211,0,0,0.2816902,0,0,0.2816902,0,27.04225,0,2.535211,0,2.535211,2.535211,0.2816902,0,27.04225,0,0.2816902,0,3.098592,0,0.2816902,0.2816902,0.2816902,0.2816902,0,0.2816902,2.535211,2.535211,27.04225,0
33.52113,0,0,25.35211,0,27.04225,2.535211,2.535211,2.535211,2.535211,0,0.2816902,0.2816902,27.04225,27.04225,27.04225,27.04225,27.04225,27.04225,2.535211,2.535211,2.535211,2.535211,0,0.2816902,0.2816902,27.04225,27.04225,2.535211,27.04225,2.535211,2.535211,27.04225,27.04225,27.04225,27.04225,2.535211,2.535211,2.535211,2.535211,0.2816902,0.2816902,0,0.2816902,0.2816902,27.04225,2.535211,2.535211,27.04225,27.04225
33.52113,2.816901,0,26.19718,0,27.04225,27.04225,27.04225,27.04225,27.04225,27.04225,27.04225,27.04225,27.04225,27.04225,27.04225,27.04225,27.04225,27.04225,33.52113,27.04225,27.04225,27.04225,27.04225,27.04225,27.04225,27.04225,27.04225,27.04225,27.04225,27.04225,27.04225,27.04225,27.04225,27.04225,33.52113,27.04225,27.04225,27.04225,27.04225,27.04225,27.04225,27.04225,27.04225,27.04225,27.04225,27.04225,33.52113,27.04225,27.04225
33.52113,0,10.42253,0,3.661972,27.04225,27.04225,27.04225,27.04225,27.04225,27.04225,27.04225,27.04225,27.04225,27.04225,27.04225,27.04225,27.04225,27.04225,33.52113,27.04225,33.52113,33.52113,33.52113,33.52113,27.04225,27.04225,27.04225,27.04225,27.04225,27.04225,27.04225,27.04225,33.52113,33.52113,33.52113,33.52113,33.52113,27.04225,27.04225,27.04225,27.04225,27.04225,27.04225,27.04225,27.04225,33.52113,33.52113,33.52113,33.52113
33.52113,3.661972,32.95774,0,26.76056,33.52113,33.52113,33.52113,33.52113,33.52113,33.52113,33.52113,33.52113,33.52113,33.52113,33.52113,33.52113,33.52113,33.52113,33.52113,33.52113,33.52113,33.52113,33.52113,33.52113,33.52113,33.52113,33.52113,33.52113,33.52113,33.52113,33.52113,33.52113,33.52113,33.52113,33.52113,33.52113,33.52113,33.52113,33.52113,33.52113,33.52113,33.52113,33.52113,33.52113,33.52113,33.52113,33.52113,33.52113,33.52113
33.52113,0,0,0,32.95774,33.52113,33.52113,33.52113,33.52113,33.52113,33.52113,33.52113,33.52113,33.52113,33.52113,33.52113,33.52113,33.52113,33.52113,33.52113,33.52113,33.52113,33.52113,33.52113,33.52113,33.52113,33.52113,33.52113,33.52113,33.52113,33.52113,33.52113,33.52113,33.52113,33.52113,33.52113,33.52113,33.52113,33.52113,33.52113,33.52113,33.52113,33.52113,33.52113,33.52113,33.52113,33.52113,33.52113,33.52113,33.52113
33.52113,0,0,0,0,33.52113,33.52113,33.52113,33.52113,33.52113,33.52113,33.52113,33.52113,33.52113,33.52113,33.52113,33.52113,33.52113,33.52113,33.52113,33.52113,33.52113,33.52113,33.52113,33.52113,33.52113,33.52113,33.52113,33.52113,33.52113,33.52113,33.52113,33.52113,33.52113,33.52113,33.52113,33.52113,33.52113,33.52113,33.52113,33.52113,33.52113,33.52113,33.52113,33.52113,33.52113,33.52113,33.52113,33.52113,33.52113
33.52113,86.19718,0,0,0,33.52113,33.52113,33.52113,33.52113,33.52113,33.52113,33.52113,33.52113,33.52113,33.52113,33.52113,33.52113,33.52113,33.52113,33.52113,33.52113,33.52113,33.52113,33.52113,33.52113,33.52113,33.52113,33.52113,33.52113,33.52113,33.52113,33.52113,33.52113,33.52113,33.52113,33.52113,33.52113,33.52113,33.52113,33.52113,33.52113,33.52113,33.52113,33.52113,33.52113,33.52113,33.52113,33.52113,33.52113,33.52113
0,86.19718,0,27.04225,0,33.52113,33.52113,33.52113,33.52113,33.52113,33.52113,33.52113,33.52113,33.52113,33.52113,33.52113,33.52113,33.52113,33.52113,33.52113,33.52113,33.52113,33.52113,85.6338,27.32394,33.52113,33.52113,33.52113,33.52113,33.52113,33.52113,33.52113,33.52113,33.52113,33.52113,85.6338,27.32394,33.52113,33.52113,33.52113,33.52113,33.52113,33.52113,33.52113,33.52113,33.52113,33.52113,85.6338,27.32394,33.52113
0,86.19718,86.19718,0,0,33.52113,33.52113,33.52113,33.52113,33.52113,33.52113,33.52113,33.52113,33.52113,33.52113,33.52113,33.52113,33.52113,33.52113,33.52113,85.6338,86.19718,85.6338,85.6338,85.6338,33.52113,33.52113,33.52113,33.52113,33.52113,33.52113,33.52113,33.52113,85.6338,86.19718,85.6338,85.6338,85.6338,33.52113,33.52113,33.52113,33.52113,33.52113,33.52113,33.52113,33.52113,85.6338,85.6338,86.19718,85.6338
0,86.19718,86.19718,0,0.2816902,26.19718,86.19718,85.6338,85.6338,85.6338,85.6338,85.6338,85.6338,85.6338,85.6338,85.35211,86.19718,86.19718,86.19718,85.6338,85.6338,86.19718,85.6338,85.6338,85.6338,85.6338,85.6338,85.6338,85.6338,85.35211,86.19718,86.19718,86.19718,85.6338,86.19718,85.6338,85.6338,85.6338,85.6338,85.6338,85.6338,85.6338,85.6338,85.6338,85.6338,85.6338,85.6338,85.6338,86.19718,85.35211
0,86.19718,86.19718,0,85.91549,0,86.19718,86.19718,86.19718,86.19718,86.19718,86.19718,86.19718,86.19718,86.19718,85.6338,86.19718,86.19718,86.19718,85.35211,86.19718,86.19718,86.19718,86.19718,86.19718,86.19718,86.19718,86.19718,86.19718,86.19718,86.19718,86.19718,86.19718,86.19718,86.19718,85.6338,85.35211,86.19718,86.19718,86.19718,86.19718,86.19718,86.19718,86.19718,86.19718,86.19718,86.19718,85.6338,86.19718,85.35211
85.35211,86.19718,86.19718,25.35211,7.887324,0,86.19718,86.19718,86.19718,86.19718,86.19718,86.19718,86.19718,86.19718,86.19718,86.19718,86.19718,86.19718,86.19718,86.19718,86.19718,86.19718,86.19718,86.19718,85.6338,85.35211,86.19718,86.19718,86.19718,86.19718,86.19718,86.19718,86.19718,86.19718,86.19718,86.19718,85.6338,85.35211,86.19718,86.19718,86.19718,86.19718,86.19718,86.19718,86.19718,86.19718,86.19718,86.19718,85.6338,85.35211
2.535211,86.19718,86.19718,0,2.816901,0,86.19718,86.19718,86.19718,86.19718,86.19718,86.19718,86.19718,86.19718,86.19718,86.19718,86.19718,86.19718,86.19718,86.19718,86.19718,86.19718,86.19718,86.19718,85.6338,85.35211,86.19718,86.19718,86.19718,86.19718,86.19718,86.19718,86.19718,86.19718,86.19718,86.19718,85.6338,85.35211,86.19718,86.19718,86.19718,86.19718,86.19718,86.19718,86.19718,86.19718,86.19718,86.19718,85.6338,85.35211
0,86.19718,86.19718,0,71.83099,0,86.19718,86.19718,86.19718,86.19718,86.19718,86.19718,86.19718,86.19718,86.19718,86.19718,86.19718,86.19718,86.19718,86.19718,86.19718,86.19718,86.19718,86.19718,85.6338,85.35211,86.19718,86.19718,86.19718,86.19718,86.19718,86.19718,86.19718,86.19718,86.19718,86.19718,85.6338,85.35211,86.19718,86.19718,86.19718,86.19718,86.19718,86.19718,86.19718,86.19718,86.19718,86.19718,85.6338,85.35211
32.95774,86.19718,86.19718,3.098592,2.535211,0,86.19718,86.19718,86.19718,86.19718,86.19718,86.19718,86.19718,86.19718,86.19718,86.19718,86.19718,86.19718,86.19718,86.19718,86.19718,86.19718,86.19718,86.19718,85.6338,85.35211,86.19718,86.19718,86.19718,86.19718,86.19718,86.19718,86.19718,86.19718,86.19718,86.19718,85.6338,85.35211,86.19718,86.19718,86.19718,86.19718,86.19718,86.19718,86.19718,86.19718,86.19718,86.19718,85.6338,85.35211
25.91549,86.19718,86.19718,0,0,0,86.19718,86.19718,86.19718,86.19718,86.19718,86.19718,86.19718,86.19718,86.19718,86.19718,86.19718,86.19718,86.19718,86.19718,86.19718,86.19718,86.19718,86.19718,85.6338,85.35211,86.19718,86.19718,86.19718,86.19718,86.19718,86.19718,86.19718,86.19718,86.19718,86.19718,85.6338,85.35211,86.19718,86.19718,86.19718,86.19718,86.19718,86.19718,86.19718,86.19718,86.19718,86.19718,85.6338,85.35211
3.098592,86.19718,86.19718,4.225352,0,5.352113,86.19718,86.19718,86.19718,86.19718,86.19718,86.19718,86.19718,86.19718,86.19718,86.19718,86.19718,86.19718,86.19718,86.19718,86.19718,86.19718,86.19718,86.19718,85.6338,85.35211,86.19718,86.19718,86.19718,86.19718,86.19718,86.19718,86.19718,86.19718,86.19718,86.19718,85.6338,85.35211,86.19718,86.19718,86.19718,86.19718,86.19718,86.19718,86.19718,86.19718,86.19718,86.19718,85.6338,85.35211
25.91549,86.19718,86.19718,0.2816902,26.47887,3.661972,86.19718,86.19718,86.19718,86.19718,86.19718,86.19718,86.19718,86.19718,86.19718,86.19718,86.19718,86.19718,86.19718,86.19718,86.19718,86.19718,86.19718,86.19718,85.6338,85.35211,86.19718,86.19718,86.19718,86.19718,86.19718,86.19718,86.19718,86.19718,86.19718,86.19718,85.6338,85.35211,86.19718,86.19718,86.19718,86.19718,86.19718,86.19718,86.19718,86.19718,86.19718,86.19718,85.6338,85.35211
0,86.19718,86.19718,0,0,0,86.19718,86.19718,86.19718,86.19718,86.19718,86.19718,86.19718,86.19718,86.19718,86.19718,86.19718,86.19718,86.19718,86.19718,86.19718,86.19718,86.19718,86.19718,85.6338,85.35211,86.19718,86.19718,86.19718,86.19718,86.19718,86.19718,86.19718,86.19718,86.19718,86.19718,85.6338,85.35211,86.19718,86.19718,86.19718,86.19718,86.19718,86.19718,86.19718,86.19718,86.19718,86.19718,85.6338,85.35211
57.1831,86.19718,86.19718,26.76056,0,0,86.19718,86.19718,86.19718,86.19718,86.19718,86.19718,86.19718,86.19718,86.19718,86.19718,86.19718,86.19718,86.19718,86.19718,86.19718,86.19718,86.19718,86.19718,85.6338,85.35211,86.19718,86.19718,86.19718,86.19718,86.19718,86.19718,86.19718,86.19718,86.19718,86.19718,85.6338,85.35211,86.19718,86.19718,86.19718,86.19718,86.19718,86.19718,86.19718,86.19718,86.19718,86.19718,85.6338,85.35211
32.95774,86.19718,86.19718,4.225352,7.605634,0,86.19718,86.19718,86.19718,86.19718,86.19718,86.19718,86.19718,86.19718,86.19718,86.19718,86.19718,86.19718,86.19718,86.19718,86.19718,86.19718,86.19718,86.19718,85.6338,85.35211,86.19718,86.19718,86.19718,86.19718,86.19718,86.19718,86.19718,86.19718,86.19718,86.19718,85.6338,85.35211,86.19718,86.19718,86.19718,86.19718,86.19718,86.19718,86.19718,86.19718,86.19718,86.19718,85.6338,85.35211
0,86.19718,86.19718,32.67606,0,0,86.19718,86.19718,86.19718,86.19718,86.19718,86.19718,86.19718,86.19718,86.19718,86.19718,86.19718,86.19718,86.19718,86.19718,86.19718,86.19718,86.19718,86.19718,85.6338,85.35211,86.19718,86.19718,86.19718,86.19718,86.19718,86.19718,86.19718,86.19718,86.19718,86.19718,85.6338,85.35211,86.19718,86.19718,86.19718,86.19718,86.19718,86.19718,86.19718,86.19718,86.19718,86.19718,85.6338,85.35211
0,86.19718,86.19718,0,0,25.35211,86.19718,86.19718,86.19718,86.19718,86.19718,86.19718,86.19718,86.19718,86.19718,86.19718,86.19718,86.19718,86.19718,86.19718,86.19718,86.19718,86.19718,86.19718,85.6338,85.35211,86.19718,86.19718,86.19718,86.19718,86.19718,86.19718,86.19718,86.19718,86.19718,86.19718,85.6338,85.35211,86.19718,86.19718,86.19718,86.19718,86.19718,86.19718,86.19718,86.19718,86.19718,86.19718,85.6338,85.35211
0,86.19718,86.19718,25.6338,27.60563,0.2816902,86.19718,86.19718,86.19718,86.19718,86.19718,86.19718,86.19718,86.19718,86.19718,86.19718,86.19718,86.19718,86.19718,86.19718,86.19718,86.19718,86.19718,86.19718,85.6338,85.35211,86.19718,86.19718,86.19718,86.19718,86.19718,86.19718,86.19718,86.19718,86.19718,86.19718,85.6338,85.35211,86.19718,86.19718,86.19718,86.19718,86.19718,86.19718,86.19718,86.19718,86.19718,86.19718,85.6338,85.35211
0,86.19718,86.19718,0.2816902,0,0.2816902,86.19718,86.19718,86.19718,86.19718,86.19718,86.19718,86.19718,86.19718,86.19718,86.19718,86.19718,86.19718,86.19718,86.19718,86.19718,86.19718,86.19718,86.19718,85.6338,85.35211,86.19718,86.19718,86.19718,86.19718,86.19718,86.19718,86.19718,86.19718,86.19718,86.19718,85.6338,85.35211,86.19718,86.19718,86.19718,86.19718,86.19718,86.19718,86.19718,86.19718,86.19718,86.19718,85.6338,85.35211
0,86.19718,86.19718,0,0,0,86.19718,86.19718,86.19718,86.19718,86.19718,86.19718,86.19718,86.19718,86.19718,86.19718,86.19718,86.19718,86.19718,86.19718,86.19718,86.19718,86.19718,86.19718,85.6338,85.35211,86.19718,86.19718,86.19718,86.19718,86.19718,86.19718,86.19718,86.19718,86.19718,86.19718,85.6338,85.35211,86.19718,86.19718,86.19718,86.19718,86.19718,86.19718,86.19718,86.19718,86.19718,86.19718,85.6338,85.35211
0.2816902,86.19718,86.19718,25.91549,0,0,86.19718,86.19718,86.19718,86.19718,86.19718,86.19718,86.19718,86.19718,86.19718,86.19718,86.19718,86.19718,86.19718,86.19718,86.19718,86.19718,86.19718,86.19718,85.6338,85.35211,86.19718,86.19718,86.19718,86.19718,86.19718,86.19718,86.19718,86.19718,86.19718,86.19718,85.6338,85.35211,86.19718,86.19718,86.19718,86.19718,86.19718,86.19718,86.19718,86.19718,86.19718,86.19718,85.6338,85.35211
0,86.19718,86.19718,0,0,0.2816902,86.19718,86.19718,86.19718,86.19718,86.19718,86.19718,86.19718,86.19718,86.19718,86.19718,86.19718,86.19718,86.19718,86.19718,86.19718,86.19718,86.19718,86.19718,85.6338,85.35211,86.19718,86.19718,86.19718,86.19718,86.19718,86.19718,86.19718,86.19718,86.19718,86.19718,85.6338,85.35211,86.19718,86.19718,86.19718,86.19718,86.19718,86.19718,86.19718,86.19718,86.19718,86.19718,85.6338,85.35211
26.76056,86.19718,86.19718,76.90141,0,0,86.19718,86.19718,86.19718,86.19718,86.19718,86.19718,86.19718,86.19718,86.19718,86.19718,86.19718,86.19718,86.19718,86.19718,86.19718,86.19718,86.19718,86.19718,85.6338,85.35211,86.19718,86.19718,86.19718,86.19718,86.19718,86.19718,86.19718,86.19718,86.19718,86.19718,85.6338,85.35211,86.19718,86.19718,86.19718,86.19718,86.19718,86.19718,86.19718,86.19718,86.19718,86.19718,85.6338,85.35211
0,86.19718,86.19718,0,0.2816902,0,86.19718,86.19718,86.19718,86.19718,86.19718,86.19718,86.19718,86.19718,86.19718,86.19718,86.19718,86.19718,86.19718,86.19718,86.19718,86.19718,86.19718,86.19718,85.6338,85.35211,86.19718,86.19718,86.19718,86.19718,86.19718,86.19718,86.19718,86.19718,86.19718,86.19718,85.6338,85.35211,86.19718,86.19718,86.19718,86.19718,86.19718,86.19718,86.19718,86.19718,86.19718,86.19718,85.6338,85.35211
9.295774,86.19718,86.19718,26.19718,0,85.6338,86.19718,86.19718,86.19718,86.19718,86.19718,86.19718,86.19718,86.19718,86.19718,86.19718,86.19718,86.19718,86.19718,86.19718,86.19718,86.19718,86.19718,86.19718,85.6338,85.35211,86.19718,86.19718,86.19718,86.19718,86.19718,86.19718,86.19718,86.19718,86.19718,86.19718,85.6338,85.35211,86.19718,86.19718,86.19718,86.19718,86.19718,86.19718,86.19718,86.19718,86.19718,86.19718,85.6338,85.35211
77.1831,86.19718,86.19718,0,99.43662,0,86.19718,86.19718,86.19718,86.19718,86.19718,86.19718,86.19718,86.19718,86.19718,86.19718,86.19718,86.19718,86.19718,86.19718,86.19718,86.19718,86.19718,86.19718,85.6338,85.35211,86.19718,86.19718,86.19718,86.19718,86.19718,86.19718,86.19718,86.19718,86.19718,86.19718,85.6338,85.35211,86.19718,86.19718,86.19718,86.19718,86.19718,86.19718,86.19718,86.19718,86.19718,86.19718,85.6338,85.35211
0,86.19718,86.19718,0,99.43662,0,86.19718,86.19718,86.19718,86.19718,86.19718,86.19718,86.19718,86.19718,86.19718,86.19718,86.19718,86.19718,86.19718,86.19718,86.19718,86.19718,86.19718,85.6338,99.43662,85.35211,86.19718,86.19718,86.19718,86.19718,86.19718,86.19718,86.19718,86.19718,86.19718,85.6338,99.43662,85.35211,86.19718,86.19718,86.19718,86.19718,86.19718,86.19718,86.19718,86.19718,86.19718,85.6338,99.43662,85.35211
3.380282,0,86.19718,0,99.43662,86.19718,86.19718,86.19718,86.19718,86.19718,86.19718,86.19718,86.19718,86.19718,86.19718,86.19718,86.19718,86.19718,86.19718,86.19718,85.6338,99.43662,99.43662,99.43662,99.43662,85.91549,86.19718,86.19718,86.19718,86.19718,86.19718,86.19718,86.19718,85.6338,99.43662,99.43662,99.43662,99.43662,85.91549,86.19718,86.19718,86.19718,86.19718,86.19718,86.19718,86.19718,85.6338,99.43662,99.43662,99.43662
2.816901,0,99.43662,0,99.43662,99.43662,99.43662,99.43662,86.19718,86.19718,86.19718,86.19718,86.19718,86.19718,86.19718,86.19718,99.43662,99.43662,99.43662,99.43662,99.43662,99.43662,99.43662,99.43662,99.43662,99.43662,99.43662,99.43662,99.43662,99.43662,99.43662,99.43662,99.43662,99.43662,99.43662,99.43662,99.43662,99.43662,99.43662,99.43662,99.43662,99.43662,99.43662,99.43662,99.43662,99.43662,99.43662,99.43662,99.43662,99.43662
0,99.71831,99.43662,87.04225,99.43662,99.43662,99.43662,99.43662,3.098592,99.43662,99.43662,99.43662,99.43662,99.43662,99.43662,99.43662,99.43662,99.43662,99.43662,99.43662,99.43662,99.43662,99.43662,99.43662,99.43662,99.43662,99.43662,99.43662,99.43662,99.43662,99.43662,99.43662,99.43662,99.43662,99.43662,99.43662,99.43662,99.43662,99.43662,99.43662,99.43662,99.43662,99.43662,99.43662,99.43662,99.43662,99.43662,99.43662,99.43662,99.43662
0,99.71831,99.43662,89.85915,99.43662,99.43662,99.43662,99.43662,3.098592,99.43662,99.43662,99.43662,99.43662,99.43662,99.43662,0,99.43662,99.43662,99.43662,99.43662,99.43662,99.43662,99.43662,90.70422,85.6338,3.661972,99.43662,99.43662,99.43662,99.43662,99.43662,99.43662,99.43662,99.43662,99.43662,90.70422,85.6338,3.661972,99.43662,99.43662,99.43662,99.43662,99.43662,99.43662,99.43662,99.43662,99.43662,90.70422,85.6338,3.661972
0,99.71831,99.43662,99.71831,99.43662,99.43662,99.43662,99.43662,0,99.43662,99.43662,99.43662,99.43662,99.43662,99.43662,0,99.43662,99.43662,99.43662,99.43662,99.43662,99.43662,99.43662,90.70422,85.6338,3.661972,99.43662,99.43662,99.43662,99.43662,99.43662,99.43662,99.43662,99.43662,99.43662,90.70422,85.6338,3.661972,99.43662,99.43662,99.43662,99.43662,99.43662,99.43662,99.43662,99.43662,99.43662,90.70422,85.6338,3.661972
99.71831,99.71831,0,99.71831,99.43662,99.43662,99.43662,99.43662,13.23944,99.43662,99.43662,99.43662,99.43662,99.43662,99.43662,0,99.43662,99.43662,99.43662,99.43662,99.43662,99.43662,99.43662,90.70422,0,0,99.43662,99.43662,99.43662,99.43662,99.43662,99.43662,99.43662,99.43662,99.43662,90.70422,0,0,99.43662,99.43662,99.43662,99.43662,99.43662,99.43662,99.43662,99.43662,99.43662,90.70422,0,0
99.71831,99.71831,85.6338,99.71831,99.43662,99.43662,99.43662,99.43662,0,99.43662,99.43662,99.43662,99.43662,99.43662,0,0,99.43662,99.43662,99.43662,99.43662,99.43662,99.43662,99.43662,99.43662,0.2816902,0,0,99.43662,99.43662,99.43662,99.43662,99.43662,99.43662,99.43662,99.43662,99.43662,0.2816902,0,0,99.43662,99.43662,99.43662,99.43662,99.43662,99.43662,99.43662,99.43662,99.43662,0.2816902,0
99.71831,99.71831,32.67606,99.71831,99.43662,99.43662,99.43662,99.43662,26.76056,99.43662,99.43662,99.43662,99.43662,99.43662,0,32.95774,99.43662,99.43662,99.43662,99.43662,99.43662,99.43662,99.43662,99.43662,0.2816902,0,0,99.43662,99.43662,99.43662,99.43662,99.43662,99.43662,99.43662,99.43662,99.43662,0.2816902,0,0,99.43662,99.43662,99.43662,99.43662,99.43662,99.43662,99.43662,99.43662,99.43662,0.2816902,0
99.71831,99.71831,0,99.71831,99.43662,99.43662,99.43662,99.43662,26.76056,99.43662,99.43662,99.43662,99.43662,99.43662,0,0,99.43662,99.43662,99.43662,99.43662,99.43662,99.43662,99.43662,99.43662,0.2816902,0,0,99.43662,99.43662,99.43662,99.43662,99.43662,99.43662,99.43662,99.43662,99.43662,0.2816902,0,0,99.43662,99.43662,99.43662,99.43662,99.43662,99.43662,99.43662,99.43662,99.43662,0.2816902,0
99.71831,99.71831,25.91549,99.71831,99.43662,99.43662,99.43662,99.43662,0,99.43662,99.43662,99.43662,99.43662,99.43662,0,99.71831,99.43662,99.43662,99.43662,99.43662,99.43662,99.43662,99.43662,99.43662,0.2816902,0,0,99.43662,99.43662,99.43662,99.43662,99.43662,99.43662,99.43662,99.43662,99.43662,0.2816902,0,0,99.43662,99.43662,99.43662,99.43662,99.43662,99.43662,99.43662,99.43662,99.43662,0.2816902,0
99.71831,99.71831,0,99.71831,99.43662,99.43662,99.43662,99.43662,0,99.43662,99.43662,99.43662,99.43662,99.43662,25.91549,99.71831,99.43662,99.43662,99.43662,99.43662,99.43662,99.43662,99.43662,99.43662,0.2816902,0,0,99.71831,99.43662,99.43662,99.43662,99.43662,99.43662,99.43662,99.43662,99.43662,0.2816902,0,0,99.71831,99.43662,99.43662,99.43662,99.43662,99.43662,99.43662,99.43662,99.43662,0.2816902,0
99.71831,99.71831,3.380282,99.71831,0,99.43662,0,99.43662,99.71831,99.43662,99.43662,99.43662,99.43662,99.43662,99.71831,99.71831,99.43662,99.43662,99.43662,99.43662,99.43662,99.43662,0.2816902,0,0,99.71831,99.71831,99.71831,99.71831,99.43662,99.43662,99.43662,99.43662,99.43662,99.43662,0.2816902,0,0,99.71831,99.71831,99.71831,99.71831,99.43662,99.43662,99.43662,99.43662,99.43662,99.43662,0.2816902,0
99.71831,99.71831,3.661972,99.71831,89.85915,30.42253,85.35211,99.71831,99.71831,99.71831,99.71831,99.71831,99.71831,99.71831,99.71831,99.71831,99.71831,99.43662,0.2816902,0,0,99.71831,99.71831,99.71831,99.71831,99.71831,99.71831,99.71831,99.71831,99.71831,99.71831,99.71831,99.71831,99.43662,0.2816902,0,0,99.71831,99.71831,99.71831,99.71831,99.71831,99.71831,99.71831,99.71831,99.71831,99.71831,99.43662,0.2816902,0
99.71831,99.71831,77.1831,99.71831,0.2816902,33.52113,89.57746,99.71831,99.71831,99.71831,99.71831,99.71831,99.71831,99.71831,99.71831,99.71831,99.71831,99.71831,99.71831,99.71831,99.71831,99.71831,99.71831,99.43662,0.2816902,0,0,99.71831,99.71831,99.71831,99.71831,99.71831,99.71831,99.71831,99.71831,99.43662,0.2816902,0,0,99.71831,99.71831,99.71831,99.71831,99.71831,99.71831,99.71831,99.71831,99.43662,0.2816902,0
99.71831,99.71831,0,99.71831,0,0,3.661972,99.71831,99.71831,99.71831,99.71831,99.71831,99.71831,99.71831,99.71831,99.71831,99.71831,99.71831,99.71831,99.71831,99.71831,99.71831,99.71831,99.43662,0.2816902,0,0,99.71831,99.71831,99.71831,99.71831,99.71831,99.71831,99.71831,99.71831,99.43662,0.2816902,0,0,99.71831,99.71831,99.71831,99.71831,99.71831,99.71831,99.71831,99.71831,99.43662,0.2816902,0
99.71831,99.71831,0,99.71831,85.91549,85.35211,2.535211,99.71831,99.71831,99.71831,99.71831,99.71831,99.71831,99.71831,99.71831,99.71831,99.71831,99.71831,99.71831,99.71831,99.71831,99.71831,99.71831,99.43662,0.2816902,0,0,99.71831,99.71831,99.71831,99.71831,99.71831,99.71831,99.71831,99.71831,99.43662,0.2816902,0,0,99.71831,99.71831,99.71831,99.71831,99.71831,99.71831,99.71831,99.71831,99.43662,0.2816902,0
99.71831,99.71831,0.2816902,99.71831,26.76056,99.43662,99.43662,99.71831,99.71831,99.71831,99.71831,99.71831,99.71831,99.71831,99.71831,99.71831,99.71831,99.71831,99.71831,99.71831,99.71831,99.71831,99.71831,99.43662,0.2816902,0,0,99.71831,99.71831,99.71831,99.71831,99.71831,99.71831,99.71831,99.71831,99.43662,0.2816902,0,0,99.71831,99.71831,99.71831,99.71831,99.71831,99.71831,99.71831,99.71831,99.43662,0.2816902,0
99.71831,99.71831,0,99.71831,0,99.43662,0,99.71831,99.71831,99.71831,99.71831,99.71831,99.71831,99.71831,99.71831,99.71831,99.71831,99.71831,99.71831,99.71831,99.71831,99.71831,99.71831,99.43662,0.2816902,0,0,99.71831,99.71831,99.71831,99.71831,99.71831,99.71831,99.71831,99.71831,99.43662,0.2816902,0,0,99.71831,99.71831,99.71831,99.71831,99.71831,99.71831,99.71831,99.71831,99.43662,0.2816902,0
99.71831,99.71831,26.19718,99.71831,0.2816902,0,0,99.71831,99.71831,99.71831,99.71831,99.71831,99.71831,99.71831,99.71831,99.71831,99.71831,99.71831,99.71831,99.71831,99.71831,99.71831,99.71831,99.43662,0.2816902,0,0,99.71831,99.71831,99.71831,99.71831,99.71831,99.71831,99.71831,99.71831,99.43662,0.2816902,0,0,99.71831,99.71831,99.71831,99.71831,99.71831,99.71831,99.71831,99.71831,99.43662,0.2816902,0
99.71831,99.71831,86.19718,99.71831,25.91549,0,0,99.71831,99.71831,99.71831,99.71831,99.71831,99.71831,99.71831,99.71831,99.71831,99.71831,99.71831,99.71831,99.71831,99.71831,99.71831,99.71831,99.43662,0.2816902,0,0,99.71831,99.71831,99.71831,99.71831,99.71831,99.71831,99.71831,99.71831,99.43662,0.2816902,0,0,99.71831,99.71831,99.71831,99.71831,99.71831,99.71831,99.71831,99.71831,99.43662,0.2816902,0
99.71831,99.71831,0,99.71831,0,0,86.19718,99.71831,99.71831,99.71831,99.71831,99.71831,99.71831,99.71831,99.71831,99.71831,99.71831,99.71831,99.71831,99.71831,99.71831,99.71831,99.71831,99.43662,0.2816902,0,0,99.71831,99.71831,99.71831,99.71831,99.71831,99.71831,99.71831,99.71831,99.43662,0.2816902,0,0,99.71831,99.71831,99.71831,99.71831,99.71831,99.71831,99.71831,99.71831,99.43662,0.2816902,0
99.71831,99.71831,9.859155,99.71831,0,3.661972,0,99.71831,99.71831,99.71831,99.71831,99.71831,99.71831,99.71831,99.71831,99.71831,99.71831,99.71831,99.71831,99.71831,99.71831,99.71831,99.71831,99.43662,0.2816902,0,0,99.71831,99.71831,99.71831,99.71831,99.71831,99.71831,99.71831,99.71831,99.43662,0.2816902,0,0,99.71831,99.71831,99.71831,99.71831,99.71831,99.71831,99.71831,99.71831,99.43662,0.2816902,0
99.71831,99.71831,3.943662,99.71831,77.46479,99.71831,99.43662,99.71831,99.71831,99.71831,99.71831,99.71831,99.71831,99.71831,99.71831,99.71831,99.71831,99.71831,99.71831,99.71831,99.71831,99.71831,99.71831,99.43662,0.2816902,0,0,99.71831,99.71831,99.71831,99.71831,99.71831,99.71831,99.71831,99.71831,99.43662,0.2816902,0,0,99.71831,99.71831,99.71831,99.71831,99.71831,99.71831,99.71831,99.71831,99.43662,0.2816902,0
99.71831,99.71831,27.04225,99.71831,0,99.71831,0.2816902,99.71831,99.71831,99.71831,99.71831,99.71831,99.71831,99.71831,99.71831,0.2816902,99.71831,99.71831,99.71831,99.71831,99.71831,99.71831,99.71831,99.43662,0.2816902,0,99.71831,0,99.71831,99.71831,99.71831,99.71831,99.71831,99.71831,99.71831,99.43662,0.2816902,0,99.71831,0,99.71831,99.71831,99.71831,99.71831,99.71831,99.71831,99.71831,99.43662,0.2816902,0
99.71831,99.71831,8.732394,99.71831,7.042253,99.71831,0,99.71831,99.71831,99.71831,99.71831,99.71831,99.71831,99.71831,99.71831,0,99.71831,99.71831,99.71831,99.71831,99.71831,99.71831,99.71831,99.43662,0.2816902,0,99.71831,0,99.71831,99.71831,99.71831,99.71831,99.71831,99.71831,99.71831,99.43662,0.2816902,0,99.71831,0,99.71831,99.71831,99.71831,99.71831,99.71831,99.71831,99.71831,99.43662,0.2816902,0
99.71831,99.71831,80.28169,99.71831,86.19718,99.71831,0,99.71831,99.71831,99.71831,99.71831,99.71831,99.71831,99.71831,99.71831,25.91549,99.71831,99.71831,99.71831,99.71831,99.71831,99.71831,99.71831,99.43662,0.2816902,0,99.71831,0,99.71831,99.71831,99.71831,99.71831,99.71831,99.71831,99.71831,99.43662,0.2816902,0,99.71831,0,99.71831,99.71831,99.71831,99.71831,99.71831,99.71831,99.71831,99.43662,0.2816902,0
99.71831,99.71831,0,99.71831,99.71831,99.71831,0.2816902,99.71831,99.71831,99.71831,99.71831,99.71831,99.71831,99.71831,99.71831,81.12676,99.71831,99.71831,99.71831,99.71831,99.71831,99.71831,99.71831,99.43662,0.2816902,0,99.71831,0,99.71831,99.71831,99.71831,99.71831,99.71831,99.71831,99.71831,99.43662,0.2816902,0,99.71831,0,99.71831,99.71831,99.71831,99.71831,99.71831,99.71831,99.71831,99.43662,0.2816902,0
99.71831,99.71831,85.6338,99.71831,99.71831,99.71831,27.04225,99.71831,99.71831,99.71831,99.71831,99.71831,99.71831,99.71831,0,3.380282,0,99.71831,99.71831,99.71831,99.71831,99.71831,99.71831,99.43662,0.2816902,0,0,0,0,99.71831,99.71831,99.71831,99.71831,99.71831,99.71831,99.43662,0.2816902,0,0,0,0,99.71831,99.71831,99.71831,99.71831,99.71831,99.71831,99.43662,0.2816902,0
99.71831,99.71831,0,99.71831,99.71831,99.71831,0,99.71831,99.71831,99.71831,99.71831,99.71831,99.71831,99.71831,85.6338,85.91549,0,99.71831,99.71831,99.71831,99.71831,99.71831,99.71831,99.43662,0.2816902,0,0,0,0,99.71831,99.71831,99.71831,99.71831,99.71831,99.71831,99.43662,0.2816902,0,0,0,0,99.71831,99.71831,99.71831,99.71831,99.71831,99.71831,99.43662,0.2816902,0
99.71831,99.71831,0,99.71831,99.71831,99.71831,99.71831,99.71831,99.71831,99.71831,99.71831,99.71831,99.71831,99.71831,99.43662,0,0,99.71831,99.71831,99.71831,99.71831,99.71831,99.71831,99.43662,0.2816902,0,0,0,0,99.71831,99.71831,99.71831,99.71831,99.71831,99.71831,99.43662,0.2816902,0,0,0,0,99.71831,99.71831,99.71831,99.71831,99.71831,99.71831,99.43662,0.2816902,0
99.71831,99.71831,0,99.71831,99.71831,99.71831,99.71831,99.71831,99.71831,99.71831,99.71831,99.71831,99.71831,0,85.35211,0,2.816901,0,99.71831,99.71831,99.71831,99.71831,99.71831,99.43662,0.2816902,0,0,0,2.816901,0,99.71831,99.71831,99.71831,99.71831,99.71831,99.43662,0.2816902,0,0,0,2.816901,0,99.71831,99.71831,99.71831,99.71831,99.71831,99.43662,0.2816902,0
