96,11,9,9,1,1,1,1,1,1,0,0
21.73913,1.014493,10.43478,10.43478,7.536232,0.5797101,0.2898551,0.5797101,7.536232,0.5797101,0,0.1449275
8.290155,2.936097,3.108808,3.108808,1.208981,0.3454231,0.3454231,0.3454231,1.208981,0.3454231,0,0.1727116
11.81319,11.26374,11.81319,11.81319,3.846154,3.571429,3.296703,3.571429,3.846154,3.571429,0.2747253,0.8241758
28.61446,3.313253,2.710843,2.710843,0.3012048,0.3012048,0.3012048,0.3012048,0.3012048,0.3012048,0,0
119,119,119,119,119,119,119,119,119,119,119,119
25.07246,25.07246,25.07246,25.07246,25.07246,25.07246,25.07246,25.07246,25.07246,25.07246,25.07246,25.07246
8.981002,8.981002,8.981002,8.981002,8.981002,8.981002,8.981002,8.981002,8.981002,8.981002,8.981002,8.981002
54.12088,54.12088,54.12088,54.12088,54.12088,54.12088,54.12088,54.12088,54.12088,54.12088,54.12088,54.12088
29.21687,29.21687,29.21687,29.21687,29.21687,29.21687,29.21687,29.21687,29.21687,29.21687,29.21687,29.21687
306,304,304,304,119,119,119,119,119,119,119,119
25.7971,25.65217,25.65217,25.65217,25.07246,25.07246,25.07246,25.07246,25.07246,25.07246,25.07246,25.07246
23.8342,24.17962,24.17962,24.17962,8.981002,8.981002,8.981002,8.981002,8.981002,8.981002,8.981002,8.981002
99.45055,99.72527,99.72527,99.72527,54.12088,54.12088,54.12088,54.12088,54.12088,54.12088,54.12088,54.12088
99.69879,99.69879,99.69879,99.69879,29.21687,29.21687,29.21687,29.21687,29.21687,29.21687,29.21687,29.21687
306,306,306,306,306,306,306,306,306,306,306,306
25.7971,25.36232,25.7971,25.7971,25.7971,25.7971,25.7971,25.7971,25.7971,25.7971,25.7971,25.7971
23.8342,24.35233,23.8342,23.8342,23.8342,23.8342,23.8342,23.8342,23.8342,23.8342,23.8342,23.8342
99.45055,99.72527,99.45055,99.45055,99.45055,99.45055,99.45055,99.45055,99.45055,99.45055,99.45055,99.45055
99.69879,99.69879,99.69879,99.69879,99.69879,99.69879,99.69879,99.69879,99.69879,99.69879,99.69879,99.69879
306,306,306,306,306,306,306,306,306,306,306,306
25.7971,25.36232,25.7971,25.7971,25.7971,25.7971,25.7971,25.7971,25.7971,25.7971,25.7971,25.7971
23.8342,24.35233,23.8342,23.8342,23.8342,23.8342,23.8342,23.8342,23.8342,23.8342,23.8342,23.8342
99.45055,99.72527,99.45055,99.45055,99.45055,99.45055,99.45055,99.45055,99.45055,99.45055,99.45055,99.45055
99.69879,99.69879,99.69879,99.69879,99.69879,99.69879,99.69879,99.69879,99.69879,99.69879,99.69879,99.69879
306,306,306,306,306,306,306,306,306,306,306,306
25.7971,25.36232,25.7971,25.7971,25.7971,25.7971,25.7971,25.7971,25.7971,25.7971,25.7971,25.7971
23.8342,24.35233,23.8342,23.8342,23.8342,23.8342,23.8342,23.8342,23.8342,23.8342,23.8342,23.8342
99.45055,99.72527,99.45055,99.45055,99.45055,99.45055,99.45055,99.45055,99.45055,99.45055,99.45055,99.45055
99.69879,99.69879,99.69879,99.69879,99.69879,99.69879,99.69879,99.69879,99.69879,99.69879,99.69879,99.69879
306,306,306,306,306,306,306,306,306,306,306,306
25.7971,25.36232,25.7971,25.7971,25.7971,25.7971,25.7971,25.7971,25.7971,25.7971,25.7971,25.7971
23.8342,24.35233,23.8342,23.8342,23.8342,23.8342,23.8342,23.8342,23.8342,23.8342,23.8342,23.8342
99.45055,99.72527,99.45055,99.45055,99.45055,99.45055,99.45055,99.45055,99.45055,99.45055,99.45055,99.45055
99.69879,99.69879,99.69879,99.69879,99.69879,99.69879,99.69879,99.69879,99.69879,99.69879,99.69879,99.69879
353,353,353,353,306,306,306,306,306,306,306,306
25.21739,25.50725,25.50725,25.50725,25.7971,25.7971,25.7971,25.7971,25.7971,25.7971,25.7971,25.7971
23.48877,23.48877,23.48877,23.48877,23.8342,23.8342,23.8342,23.8342,23.8342,23.8342,23.8342,23.8342
99.72527,99.45055,99.45055,99.45055,99.45055,99.45055,99.45055,99.45055,99.45055,99.45055,99.45055,99.45055
45.78313,35.24096,35.24096,35.24096,99.69879,99.69879,99.69879,99.69879,99.69879,99.69879,99.69879,99.69879
354,354,353,353,353,353,353,353,353,353,353,353
24.92754,25.50725,25.21739,25.50725,25.50725,25.50725,25.50725,25.50725,25.50725,25.50725,25.50725,25.50725
23.66149,23.48877,23.48877,23.48877,23.48877,23.48877,23.48877,23.48877,23.48877,23.48877,23.48877,23.48877
99.72527,99.72527,99.72527,99.45055,99.45055,99.45055,99.45055,99.45055,99.45055,99.45055,99.45055,99.45055
35.84337,45.48193,45.78313,35.24096,35.24096,35.24096,35.24096,35.24096,35.24096,35.24096,35.24096,35.24096
354,354,354,354,353,353,353,353,353,353,353,353
55.21739,24.92754,25.50725,74.49275,25.50725,25.50725,25.50725,25.50725,25.50725,25.50725,25.50725,25.50725
24.17962,23.66149,23.48877,24.35233,23.48877,23.48877,23.48877,23.48877,23.48877,23.48877,23.48877,23.48877
99.45055,99.72527,99.72527,99.72527,99.45055,99.45055,99.45055,99.45055,99.45055,99.45055,99.45055,99.45055
99.69879,35.84337,45.48193,99.69879,35.24096,35.24096,35.24096,35.24096,35.24096,35.24096,35.24096,35.24096
354,354,354,354,354,354,354,354,354,354,354,354
55.21739,24.92754,25.50725,74.49275,74.05797,74.05797,74.05797,74.05797,74.05797,74.05797,74.05797,74.49275
24.17962,23.66149,23.48877,24.35233,24.17962,24.17962,24.17962,24.17962,24.17962,24.17962,24.17962,24.35233
99.45055,99.72527,99.72527,99.72527,99.72527,99.72527,99.72527,99.72527,99.72527,99.72527,99.72527,99.72527
99.69879,35.84337,45.48193,99.69879,99.69879,99.69879,99.69879,99.69879,99.69879,99.69879,99.69879,99.69879
354,354,354,354,354,354,354,354,354,354,354,354
55.21739,24.92754,25.50725,74.49275,74.05797,74.05797,74.05797,74.05797,74.05797,74.05797,74.05797,74.49275
24.17962,23.66149,23.48877,24.35233,24.17962,24.17962,24.17962,24.17962,24.17962,24.17962,24.17962,24.35233
99.45055,99.72527,99.72527,99.72527,99.72527,99.72527,99.72527,99.72527,99.72527,99.72527,99.72527,99.72527
99.69879,35.84337,45.48193,99.69879,99.69879,99.69879,99.69879,99.69879,99.69879,99.69879,99.69879,99.69879
354,354,354,354,354,354,354,354,354,354,354,354
55.21739,24.92754,25.50725,25.07246,74.49275,74.05797,74.05797,74.05797,74.05797,74.05797,74.05797,74.05797
24.17962,23.66149,23.48877,23.48877,24.35233,24.17962,24.17962,24.17962,24.17962,24.17962,24.17962,24.17962
99.45055,99.72527,99.72527,99.72527,99.72527,99.72527,99.72527,99.72527,99.72527,99.72527,99.72527,99.72527
99.69879,35.84337,45.48193,45.78313,99.69879,99.69879,99.69879,99.69879,99.69879,99.69879,99.69879,99.69879
354,354,354,354,354,354,354,354,354,354,354,354
55.21739,24.92754,25.50725,74.05797,25.07246,1.304348,74.49275,74.05797,74.05797,74.05797,74.05797,74.05797
24.17962,23.66149,23.48877,24.35233,23.48877,23.48877,24.35233,24.17962,24.17962,24.17962,24.17962,24.17962
99.45055,99.72527,99.72527,99.72527,99.72527,54.3956,99.72527,99.72527,99.72527,99.72527,99.72527,99.72527
99.69879,35.84337,45.48193,99.69879,45.78313,34.93976,99.69879,99.69879,99.69879,99.69879,99.69879,99.69879
