0.6695652
0.8724638
1.391304
2.747826
5.084058
8.88116
18.85507
18.84058
18.7913
18.47536
17.92464
19.28116
17.92754
18.89855
22.07826
29.23478
50.47826
50.85217
50.93044
50.89855
51.34493
52.02319
46.08116
46.58261
47.09855
45.50435
45.93333
46.38551
45.53333
47.50145
42.58841
42.17681
43.02609
42.55652
42.61739
42.14493
43.13913
44.21449
42.11884
42.17971
44.82899
43.13913
45.86956
45.65507
46.68985
46.08116
45.65507
45.63478
49.11015
53.50145
65.25507
89.71014
87.4029
85.67826
85.26956
84.24058
84.18841
85.21449
85.13623
83.26087
84.64638
84.17971
85.35942
85.29855
86.25217
86.91594
88.32754
87.22029
89.15942
