0,0,0,0,0,0,0,0,0,0,0,0,0,2.753623,0.1449275,0,0,26.08696,0.1449275,0.1449275,0,0,0,0,1.304348,0,0,0,2.753623,2.753623,0.1449275,0.1449275,0.1449275,0,0,0,1.014493,0.8695652,0,1.304348,0,0.1449275,0.1449275,2.753623,0,0,2.753623,0.8695652,0.1449275,0.1449275
8.462867,1.036269,1.036269,1.036269,1.036269,1.036269,1.899827,0.1727116,0.1727116,0.1727116,0.1727116,0.1727116
12.63736,3.846154,3.846154,3.846154,3.846154,3.846154,9.615385,1.923077,1.373626,0.8241758,2.747253,1.373626
27.71084,0.3012048,0.3012048,0.3012048,0.3012048,0.3012048,2.409639,0,0,0,0,0
25.91549,0.2816902,0.2816902,0.2816902,0.2816902,0.2816902,2.253521,0,0,0,0,0
0,0,0,0,0,0,0,0,0,0,0,0,22.17391,22.17391,22.17391,22.17391,22.17391,26.08696,22.17391,22.17391,22.17391,22.17391,22.17391,1.15942,0.1449275,22.17391,22.17391,22.17391,22.17391,22.17391,22.17391,22.17391,22.17391,22.17391,22.17391,1.15942,0.1449275,22.17391,22.17391,22.17391,22.17391,22.17391,22.17391,22.17391,22.17391,22.17391,22.17391,1.15942,0.1449275,22.17391
8.462867,8.290155,8.290155,8.290155,8.290155,8.290155,8.290155,8.290155,8.290155,8.290155,8.290155,8.290155
12.63736,75.54945,75.54945,75.54945,75.54945,75.54945,75.54945,75.54945,75.54945,75.54945,75.54945,75.54945
27.71084,28.31325,28.31325,28.31325,28.31325,28.31325,28.31325,28.31325,28.31325,28.31325,28.31325,28.31325
25.91549,26.47887,26.47887,26.47887,26.47887,26.47887,26.47887,26.47887,26.47887,26.47887,26.47887,26.47887
0,0,0,0,0,0,0,0,0,0,0,0,22.17391,22.17391,22.17391,22.17391,22.17391,26.08696,22.17391,22.17391,22.17391,22.17391,22.17391,1.15942,0.1449275,22.17391,22.17391,22.17391,22.17391,22.17391,22.17391,22.17391,22.17391,22.17391,22.17391,1.15942,0.1449275,22.17391,22.17391,22.17391,22.17391,22.17391,22.17391,22.17391,22.17391,22.17391,22.17391,1.15942,0.1449275,22.17391
8.462867,8.290155,8.290155,8.290155,8.290155,8.290155,8.290155,8.290155,8.290155,8.290155,8.290155,8.290155
12.63736,75.54945,75.54945,75.54945,75.54945,75.54945,75.54945,75.54945,75.54945,75.54945,75.54945,75.54945
27.71084,28.31325,28.31325,28.31325,28.31325,28.31325,28.31325,28.31325,28.31325,28.31325,28.31325,28.31325
25.91549,26.47887,26.47887,26.47887,26.47887,26.47887,26.47887,26.47887,26.47887,26.47887,26.47887,26.47887
0,0,0,0,0,0,0,0,0,0,0,0,54.78261,54.78261,54.78261,54.78261,54.78261,54.78261,54.78261,54.78261,54.78261,54.78261,54.78261,54.78261,54.78261,54.78261,54.78261,54.78261,54.78261,54.78261,54.78261,54.78261,54.78261,54.78261,54.78261,54.78261,54.78261,54.78261,54.78261,54.78261,54.78261,54.78261,54.78261,54.78261,54.78261,54.78261,54.78261,54.78261,54.78261,54.78261
35.92401,35.92401,35.92401,35.92401,35.92401,35.92401,35.92401,35.92401,35.92401,35.92401,35.92401,35.92401
99.72527,99.72527,99.72527,99.72527,99.72527,99.72527,99.72527,99.72527,99.72527,99.72527,99.72527,99.72527
35.54217,35.54217,35.54217,35.54217,35.54217,35.54217,35.54217,35.54217,35.54217,35.54217,35.54217,35.54217
85.35211,85.35211,85.35211,85.35211,85.35211,85.35211,85.35211,85.35211,85.35211,85.35211,85.35211,85.35211
0,0,0,0,0,0,0,0,0,0,0,0,54.78261,54.78261,54.78261,1.304348,54.78261,54.78261,54.78261,54.78261,54.78261,54.78261,54.78261,1.304348,25.7971,54.78261,54.78261,54.78261,54.78261,54.78261,54.78261,54.78261,54.78261,54.78261,54.78261,1.304348,25.7971,54.78261,54.78261,54.78261,54.78261,54.78261,54.78261,54.78261,54.78261,54.78261,54.78261,1.304348,25.7971,54.78261
99.82729,35.92401,35.92401,35.92401,35.92401,35.92401,35.92401,35.92401,35.92401,35.92401,35.92401,35.92401
99.45055,99.72527,99.72527,99.72527,99.72527,99.72527,99.72527,99.72527,99.72527,99.72527,99.72527,99.72527
99.69879,35.54217,35.54217,35.54217,35.54217,35.54217,35.54217,35.54217,35.54217,35.54217,35.54217,35.54217
85.07042,85.35211,85.35211,85.35211,85.35211,85.35211,85.35211,85.35211,85.35211,85.35211,85.35211,85.35211
0,0,0,0,0,0,0,0,0,0,0,0,54.78261,54.78261,54.78261,25.21739,54.78261,54.78261,54.78261,54.78261,54.78261,54.78261,54.78261,1.304348,25.7971,54.78261,54.78261,54.78261,54.78261,54.78261,54.78261,54.78261,54.78261,54.78261,54.78261,1.304348,25.7971,54.78261,54.78261,54.78261,54.78261,54.78261,54.78261,54.78261,54.78261,54.78261,54.78261,1.304348,25.7971,54.78261
99.82729,35.92401,35.92401,35.92401,35.92401,35.92401,35.92401,35.92401,35.92401,35.92401,35.92401,35.92401
99.45055,99.72527,99.72527,99.72527,99.72527,99.72527,99.72527,99.72527,99.72527,99.72527,99.72527,99.72527
99.69879,35.54217,35.54217,35.54217,35.54217,35.54217,35.54217,35.54217,35.54217,35.54217,35.54217,35.54217
85.07042,85.35211,85.35211,85.35211,85.35211,85.35211,85.35211,85.35211,85.35211,85.35211,85.35211,85.35211
0,0,0,0,0,0,0,0,0,0,0,0,54.78261,54.78261,21.73913,21.73913,54.78261,54.78261,54.78261,54.78261,54.78261,54.78261,54.78261,0,0,25.7971,54.78261,54.78261,54.78261,54.78261,54.78261,54.78261,54.78261,54.78261,54.78261,0,0,25.7971,54.78261,54.78261,54.78261,54.78261,54.78261,54.78261,54.78261,54.78261,54.78261,0,0,25.7971
99.65458,99.82729,35.92401,35.92401,35.92401,35.92401,35.92401,35.92401,35.92401,35.92401,35.92401,35.92401
99.72527,99.45055,99.72527,99.72527,99.72527,99.72527,99.72527,99.72527,99.72527,99.72527,99.72527,99.72527
99.69879,99.69879,35.54217,35.54217,35.54217,35.54217,35.54217,35.54217,35.54217,35.54217,35.54217,35.54217
85.6338,85.07042,85.35211,85.35211,85.35211,85.35211,85.35211,85.35211,85.35211,85.35211,85.35211,85.35211
0,0,0,0,0,0,0,0,0,0,0,0,54.78261,54.78261,1.304348,1.15942,54.78261,54.78261,54.78261,54.78261,54.78261,54.78261,54.78261,0,0,25.7971,54.78261,54.78261,54.78261,54.78261,54.78261,54.78261,54.78261,54.78261,54.78261,0,0,25.7971,54.78261,54.78261,54.78261,54.78261,54.78261,54.78261,54.78261,54.78261,54.78261,0,0,25.7971
99.65458,99.82729,35.92401,35.92401,35.92401,35.92401,35.92401,35.92401,35.92401,35.92401,35.92401,35.92401
99.72527,99.45055,99.72527,99.72527,99.72527,99.72527,99.72527,99.72527,99.72527,99.72527,99.72527,99.72527
99.69879,99.69879,35.54217,35.54217,35.54217,35.54217,35.54217,35.54217,35.54217,35.54217,35.54217,35.54217
85.6338,85.07042,85.35211,85.35211,85.35211,85.35211,85.35211,85.35211,85.35211,85.35211,85.35211,85.35211
0,0,0,0,0,0,0,0,0,0,0,0,54.78261,54.78261,54.78261,54.78261,54.78261,54.78261,54.78261,54.78261,0,0,55.07246,55.07246,54.63768,55.07246,54.78261,54.78261,54.78261,54.78261,54.78261,54.78261,54.78261,0,0,55.07246,55.07246,55.07246,54.63768,54.78261,54.78261,54.78261,54.78261,54.78261,54.78261,54.78261,0,0,55.07246,55.07246
24.35233,24.52504,24.52504,24.52504,24.52504,24.52504,24.52504,24.52504,24.52504,24.52504,35.92401,35.92401
99.45055,99.72527,99.72527,99.72527,99.72527,99.72527,99.72527,99.72527,99.72527,99.72527,99.72527,99.72527
99.69879,99.69879,99.69879,99.69879,99.69879,99.69879,99.69879,99.69879,99.69879,99.69879,35.54217,35.54217
99.71831,99.71831,85.35211,85.35211,85.35211,85.35211,85.35211,85.35211,85.35211,85.35211,85.35211,85.35211
0,0,0,0,0,0,0,0,0,0,0,0,55.36232,55.36232,55.36232,0,0,55.36232,55.36232,55.36232,55.36232,55.36232,55.36232,55.36232,55.36232,55.36232,55.36232,55.36232,55.36232,55.36232,55.36232,55.36232,0,0,55.36232,55.36232,55.36232,55.36232,55.36232,55.36232,55.36232,55.36232,55.36232,55.36232,55.36232,55.36232,55.36232,0,0,55.36232
24.35233,24.17962,24.52504,24.35233,24.35233,24.52504,24.35233,24.35233,24.35233,24.35233,24.52504,24.35233
99.45055,99.72527,99.72527,99.45055,99.45055,99.72527,99.45055,99.45055,99.45055,99.45055,99.72527,99.45055
99.69879,99.69879,99.69879,99.69879,99.69879,99.69879,99.69879,99.69879,99.69879,99.69879,99.69879,99.69879
99.71831,85.6338,99.71831,85.6338,85.6338,99.71831,85.6338,85.6338,85.6338,85.6338,99.71831,85.6338
0,0,0,0,0,0,0,0,0,0,0,0,99.85507,99.85507,99.85507,99.85507,99.85507,99.85507,99.85507,99.85507,99.85507,1.304348,99.85507,99.85507,99.85507,55.21739,99.85507,99.85507,99.85507,99.85507,99.85507,99.85507,99.85507,1.304348,99.85507,99.85507,99.85507,55.21739,99.85507,99.85507,99.85507,99.85507,99.85507,99.85507,99.85507,1.304348,99.85507,99.85507,99.85507,55.21739
99.82729,24.69775,24.35233,24.52504,24.35233,24.69775,24.69775,24.52504,24.69775,24.69775,24.35233,24.69775
99.45055,99.45055,99.45055,99.45055,99.45055,99.45055,99.45055,99.45055,99.45055,99.45055,99.45055,99.45055
99.69879,99.69879,99.69879,99.69879,99.69879,99.69879,99.69879,99.69879,99.69879,99.69879,99.69879,99.69879
99.43662,99.71831,99.71831,99.43662,99.71831,99.43662,99.43662,99.43662,99.43662,99.43662,99.71831,99.71831
0,0,0,0,0,0,0,0,0,0,0,0,99.85507,99.85507,99.85507,54.92754,99.85507,99.85507,99.85507,99.85507,99.85507,99.85507,1.304348,99.85507,74.2029,99.85507,55.21739,99.85507,99.85507,99.85507,99.85507,99.85507,99.85507,99.85507,1.304348,99.85507,74.2029,99.85507,55.21739,99.85507,99.85507,99.85507,99.85507,99.85507,99.85507,99.85507,1.304348,99.85507,74.2029,99.85507
99.82729,24.69775,24.35233,24.52504,24.35233,24.69775,24.69775,24.52504,24.69775,24.69775,24.35233,24.69775
99.45055,99.45055,99.45055,99.45055,99.45055,99.45055,99.45055,99.45055,99.45055,99.45055,99.45055,99.45055
99.69879,99.69879,99.69879,99.69879,99.69879,99.69879,99.69879,99.69879,99.69879,99.69879,99.69879,99.69879
99.43662,99.71831,99.71831,99.43662,99.71831,99.43662,99.43662,99.43662,99.43662,99.43662,99.71831,99.71831
0,0,0,0,0,0,0,0,0,0,0,0,99.85507,99.85507,99.85507,55.36232,99.85507,99.85507,99.85507,99.85507,99.85507,99.85507,1.304348,99.85507,74.2029,99.85507,55.21739,99.85507,99.85507,99.85507,99.85507,99.85507,99.85507,99.85507,1.304348,99.85507,74.2029,99.85507,55.21739,99.85507,99.85507,99.85507,99.85507,99.85507,99.85507,99.85507,1.304348,99.85507,74.2029,99.85507
99.82729,24.69775,24.35233,24.52504,24.35233,24.69775,24.69775,24.52504,24.69775,24.69775,24.35233,24.69775
99.45055,99.45055,99.45055,99.45055,99.45055,99.45055,99.45055,99.45055,99.45055,99.45055,99.45055,99.45055
99.69879,99.69879,99.69879,99.69879,99.69879,99.69879,99.69879,99.69879,99.69879,99.69879,99.69879,99.69879
99.43662,99.71831,99.71831,99.43662,99.71831,99.43662,99.43662,99.43662,99.43662,99.43662,99.71831,99.71831
0,0,0,0,0,0,0,0,0,0,0,0,99.85507,0.1449275,24.92754,1.15942,55.21739,99.85507,99.85507,99.85507,99.85507,99.85507,99.85507,99.85507,99.85507,74.49275,74.2029,99.85507,55.21739,99.85507,99.85507,99.85507,99.85507,99.85507,99.85507,99.85507,99.85507,74.49275,74.2029,99.85507,55.21739,99.85507,99.85507,99.85507,99.85507,99.85507,99.85507,99.85507,99.85507,74.49275
99.82729,99.65458,99.82729,24.69775,24.35233,24.52504,24.35233,24.69775,24.69775,24.52504,24.69775,24.69775
99.72527,99.72527,99.45055,99.45055,99.45055,99.45055,99.45055,99.45055,99.45055,99.45055,99.45055,99.45055
99.69879,99.69879,99.69879,99.69879,99.69879,99.69879,99.69879,99.69879,99.69879,99.69879,99.69879,99.69879
99.43662,99.71831,99.43662,99.71831,99.71831,99.43662,99.71831,99.43662,99.43662,99.43662,99.43662,99.43662
