15.85714
16.24113
14.29188
55.76923
26.35714
21.70213
24.05009
93.75
26.35714
21.73759
24.09326
99.45055
26.35714
21.73759
24.13644
99.45055
26.35714
21.73759
24.13644
99.45055
26.35714
21.73759
24.13644
99.45055
26.35714
21.73759
24.13644
99.45055
26.35714
21.73759
24.13644
99.45055
26.35714
21.73759
24.13644
99.45055
26.35714
21.73759
24.13644
99.45055
26.35714
21.73759
24.13644
99.45055
26.35714
21.73759
24.13644
99.45055
26.35714
21.73759
24.13644
99.45055
26.35714
21.73759
24.13644
99.45055
