2.598901
2.928571
2.879121
3.576923
5.489011
10.37363
17.31868
28.24176
28.12637
27.89011
28.07143
28.09341
27.87912
27.86264
30.12088
27.34615
28.14835
27.75275
29.17033
32.84066
44.19231
81.13736
96.04945
93.57692
94.85714
96.7967
94.45605
93.48901
93.76923
88.31319
91.8022
91.9011
91.61539
89.85165
91.40659
93.33517
87.44505
85.5
84.16483
84.12637
85.05495
83.51099
87.50549
85.54945
81.92308
82.48351
86.17583
82.59341
83.94505
84.99451
87.65385
82.23077
84.96154
85.17033
85.90659
84.13736
85.53846
84.50549
82.18132
86.91209
86.21978
83.95055
84.2033
83.94505
85.40659
83.90659
83.9011
85.6978
83.98351
84.01649
84.26923
