0.5492228
0.8290156
1.067358
1.875648
2.677029
2.994819
7.409327
6.994819
7.198618
7.557858
7.554404
7.499136
7.430052
6.248704
6.549223
6.842833
7.360967
7.73057
10.62867
17.3437
23.46459
28.71503
42.78065
62.84974
92.10708
91.45769
90.31779
88.45596
89.86529
89.70985
90.6494
88.51468
88.4905
88.29015
88.99482
88.64249
90.63213
85.56477
83.81002
83.96545
84.09672
83.94473
83.63731
84.25216
84.05181
83.63385
83.98618
84.12435
83.96545
83.71675
84.42142
85.94819
84.60449
80.95683
79.74784
80.46287
80.14853
82.53886
81.11917
80.61485
80.13471
80.30397
79.82038
79.82729
81.81002
80.60449
80.27979
79.97582
80.14853
79.98964
79.80311
