4:7.426598,7.426598,5.52677,2.763385,2.24525,0.6908463,0.1727116,0.1727116,0.1727116,0.1727116,0.1727116,0.1727116
0:9.615385,9.615385,4.67033,7.692307,6.593407,29.94506,0.8241758,1.923077,1.923077,0.8241758,0.8241758,0.8241758
1:8.13253,9.337349,0.3012048,1.807229,0.3012048,0.3012048,0,0,0,0,0,0
2:7.605634,8.732394,0.2816902,1.690141,0.2816902,0.2816902,0,0,0,0,0,0
3:21.15942,21.15942,22.02899,1.304348,1.15942,0.2898551,0.1449275,0.1449275,0.1449275,0.1449275,0.1449275,0.1449275
4:7.772021,7.772021,7.772021,7.772021,7.772021,7.772021,7.772021,7.772021,7.772021,7.772021,7.772021,7.772021
0:10.43956,10.43956,10.43956,10.43956,10.43956,10.43956,10.43956,10.43956,10.43956,10.43956,10.43956,10.43956
1:9.638555,9.638555,9.638555,9.638555,9.638555,9.638555,9.638555,9.638555,9.638555,9.638555,9.638555,9.638555
2:9.014085,9.014085,9.014085,9.014085,9.014085,9.014085,9.014085,9.014085,9.014085,9.014085,9.014085,9.014085
3:21.44928,21.44928,21.44928,21.44928,21.44928,21.44928,21.44928,21.44928,21.44928,21.44928,21.44928,21.44928
4:7.944732,7.944732,7.944732,7.944732,7.944732,7.944732,7.944732,7.944732,7.944732,7.944732,7.944732,7.944732
0:11.53846,11.53846,11.53846,11.53846,11.53846,11.53846,11.53846,11.53846,11.53846,11.53846,11.53846,11.53846
1:27.71084,27.71084,27.71084,27.71084,27.71084,27.71084,27.71084,27.71084,27.71084,27.71084,27.71084,27.71084
2:25.91549,25.91549,25.91549,25.91549,25.91549,25.91549,25.91549,25.91549,25.91549,25.91549,25.91549,25.91549
3:21.44928,21.44928,21.44928,21.44928,21.44928,21.44928,21.44928,21.44928,21.44928,21.44928,21.44928,21.44928
4:24.35233,24.00691,9.153713,7.944732,7.944732,7.944732,7.944732,7.944732,7.944732,7.944732,7.944732,7.944732
0:99.72527,79.94505,53.2967,11.53846,11.53846,11.53846,11.53846,11.53846,11.53846,11.53846,11.53846,11.53846
1:99.69879,34.93976,4.518072,27.71084,27.71084,27.71084,27.71084,27.71084,27.71084,27.71084,27.71084,27.71084
2:85.6338,63.09859,4.225352,25.91549,25.91549,25.91549,25.91549,25.91549,25.91549,25.91549,25.91549,25.91549
3:55.07246,1.304348,1.15942,21.44928,21.44928,21.44928,21.44928,21.44928,21.44928,21.44928,21.44928,21.44928
4:35.92401,35.92401,35.92401,35.7513,24.35233,24.35233,24.35233,24.35233,24.35233,24.35233,24.35233,24.35233
0:99.72527,99.72527,99.72527,99.72527,99.72527,99.72527,99.72527,99.72527,99.72527,99.72527,99.72527,99.72527
1:99.69879,99.69879,99.69879,99.69879,99.69879,99.69879,99.69879,99.69879,99.69879,99.69879,99.69879,99.69879
2:85.6338,85.6338,85.6338,85.35211,85.6338,85.6338,85.6338,85.6338,85.6338,85.6338,85.6338,85.6338
3:55.21739,55.21739,55.21739,55.07246,55.07246,55.07246,55.07246,55.07246,55.07246,55.07246,55.07246,55.07246
4:99.82729,99.82729,99.82729,99.82729,99.82729,99.82729,99.82729,99.82729,99.82729,99.82729,99.82729,99.82729
0:99.72527,99.72527,99.72527,99.72527,99.72527,99.72527,99.72527,99.72527,99.72527,99.72527,99.72527,99.72527
1:99.69879,99.69879,99.69879,99.69879,99.69879,99.69879,99.69879,99.69879,99.69879,99.69879,99.69879,99.69879
2:99.71831,99.71831,99.71831,99.71831,99.71831,85.6338,99.71831,99.71831,99.71831,85.6338,85.6338,85.6338
3:55.36232,55.36232,55.21739,55.36232,55.36232,55.07246,55.36232,55.36232,55.21739,55.07246,55.07246,55.07246
4:99.82729,99.82729,99.82729,99.82729,99.82729,99.82729,99.82729,99.82729,99.82729,99.82729,99.82729,99.82729
0:99.72527,99.72527,99.72527,99.72527,99.72527,99.72527,99.72527,99.72527,99.72527,99.72527,99.72527,99.72527
1:99.69879,99.69879,99.69879,99.69879,99.69879,99.69879,99.69879,99.69879,99.69879,99.69879,99.69879,99.69879
2:99.71831,99.71831,99.71831,99.71831,99.71831,85.6338,99.71831,99.71831,99.71831,85.6338,85.6338,85.6338
3:55.36232,55.36232,55.21739,55.36232,55.36232,55.07246,55.36232,55.36232,55.21739,55.07246,55.07246,55.07246
4:99.82729,99.82729,99.82729,99.82729,99.82729,99.82729,99.82729,99.82729,99.82729,99.82729,99.82729,99.82729
0:99.72527,99.72527,99.72527,99.72527,99.72527,99.72527,99.72527,99.72527,99.72527,99.72527,99.72527,99.72527
1:99.69879,99.69879,99.69879,99.69879,99.69879,99.69879,99.69879,99.69879,99.69879,99.69879,99.69879,99.69879
2:99.71831,99.71831,99.71831,99.71831,99.71831,85.6338,99.71831,99.71831,99.71831,85.6338,85.6338,85.6338
3:55.36232,55.36232,55.21739,55.36232,55.36232,55.07246,55.36232,55.36232,55.21739,55.07246,55.07246,55.07246
4:99.82729,99.82729,99.82729,99.82729,99.82729,99.82729,99.82729,99.82729,99.82729,99.82729,99.82729,99.82729
0:99.72527,99.72527,99.72527,99.72527,99.72527,99.72527,99.72527,99.72527,99.72527,99.72527,99.72527,99.72527
1:99.69879,99.69879,99.69879,99.69879,99.69879,99.69879,99.69879,99.69879,99.69879,99.69879,99.69879,99.69879
2:85.91549,99.71831,99.71831,99.71831,99.71831,99.71831,85.6338,99.71831,99.71831,99.71831,85.6338,85.6338
3:55.36232,55.36232,55.36232,55.21739,55.36232,55.36232,55.07246,55.36232,55.36232,55.21739,55.07246,55.07246
4:99.82729,99.82729,99.82729,99.82729,99.82729,99.82729,99.82729,99.82729,99.82729,99.82729,99.82729,99.82729
0:99.72527,99.72527,99.72527,99.72527,99.72527,99.72527,99.72527,99.72527,99.72527,99.72527,99.72527,99.72527
1:99.69879,99.69879,99.69879,99.69879,99.69879,99.69879,99.69879,99.69879,99.69879,99.69879,99.69879,99.69879
2:85.91549,99.71831,99.71831,99.71831,99.71831,99.71831,85.6338,99.71831,99.71831,99.71831,85.6338,85.6338
3:55.36232,55.36232,55.36232,55.21739,55.36232,55.36232,55.07246,55.36232,55.36232,55.21739,55.07246,55.07246
4:99.82729,99.82729,99.82729,99.82729,99.82729,99.82729,99.82729,99.82729,99.82729,99.82729,99.82729,99.82729
0:99.72527,99.72527,99.72527,99.72527,99.72527,99.72527,99.72527,99.72527,99.72527,99.72527,99.72527,99.72527
1:99.69879,99.69879,99.69879,99.69879,99.69879,99.69879,99.69879,99.69879,99.69879,99.69879,99.69879,99.69879
2:85.91549,99.71831,99.71831,99.71831,99.71831,99.71831,85.6338,99.71831,99.71831,99.71831,85.6338,85.6338
3:55.36232,55.36232,55.36232,55.21739,55.36232,55.36232,55.07246,55.36232,55.36232,55.21739,55.07246,55.07246
4:99.82729,99.82729,99.82729,99.82729,99.82729,99.82729,99.82729,99.82729,99.82729,99.82729,99.82729,99.82729
0:99.45055,99.72527,99.72527,99.72527,99.72527,99.72527,99.72527,99.72527,99.72527,99.72527,99.72527,99.72527
1:99.69879,99.69879,99.69879,99.69879,99.69879,99.69879,99.69879,99.69879,99.69879,99.69879,99.69879,99.69879
2:85.35211,85.91549,99.71831,99.71831,99.71831,99.71831,99.71831,85.6338,99.71831,99.71831,99.71831,85.6338
3:55.07246,55.36232,55.36232,55.36232,55.21739,55.36232,55.36232,55.07246,55.36232,55.36232,55.21739,55.07246
4:99.82729,99.82729,99.82729,99.82729,99.82729,99.82729,99.82729,99.82729,99.82729,99.82729,99.82729,99.82729
0:99.45055,99.72527,99.72527,99.72527,99.72527,99.72527,99.72527,99.72527,99.72527,99.72527,99.72527,99.72527
1:99.69879,99.69879,99.69879,99.69879,99.69879,99.69879,99.69879,99.69879,99.69879,99.69879,99.69879,99.69879
2:85.35211,85.91549,99.71831,99.71831,99.71831,99.71831,99.71831,85.6338,99.71831,99.71831,99.71831,85.6338
3:55.07246,55.36232,55.36232,55.36232,55.21739,55.36232,55.36232,55.07246,55.36232,55.36232,55.21739,55.07246
4:99.82729,99.82729,99.82729,99.82729,99.82729,99.82729,99.82729,99.82729,99.82729,99.82729,99.82729,99.82729
0:99.45055,99.72527,99.72527,99.72527,99.72527,99.72527,99.72527,99.72527,99.72527,99.72527,99.72527,99.72527
1:99.69879,99.69879,99.69879,99.69879,99.69879,99.69879,99.69879,99.69879,99.69879,99.69879,99.69879,99.69879
2:85.35211,85.91549,99.71831,99.71831,99.71831,99.71831,99.71831,85.6338,99.71831,99.71831,99.71831,85.6338
3:55.07246,55.36232,55.36232,55.36232,55.21739,55.36232,55.36232,55.07246,55.36232,55.36232,55.21739,55.07246
